     1    0.380092    0.718201    0.875000
     2    0.668423    0.780682    0.875000
     3    0.812981    0.852674    0.875000
     4    0.894740    0.873324    0.875000
     5    0.946038    0.874687    0.875000
     6    0.980961    0.874870    0.875000
     7    1.005900    0.874922    0.875000
     8    1.024120    0.874945    0.875000
     9    1.037633    0.874958    0.875000
    10    1.047781    0.874968    0.875000
    11    1.055477    0.874974    0.875000
    12    1.061366    0.874979    0.875000
    13    1.065905    0.874984    0.875000
    14    1.069434    0.874987    0.875000
    15    1.072180    0.874989    0.875000
    16    1.074336    0.874992    0.875000
    17    1.076028    0.874993    0.875000
    18    1.077363    0.874995    0.875000
    19    1.078417    0.874996    0.875000
    20    1.079257    0.874997    0.875000
    21    1.079919    0.874997    0.875000
    22    1.080449    0.874998    0.875000
    23    1.080868    0.874998    0.875000
    24    1.081202    0.874999    0.875000
    25    1.081469    0.874999    0.875000
    26    1.081684    0.874999    0.875000
    27    1.081851    0.874999    0.875000
    28    1.081989    0.874999    0.875000
    29    1.082098    0.875000    0.875000
    30    1.082184    0.875000    0.875000
    31    1.082256    0.875000    0.875000
    32    1.082308    0.875000    0.875000
    33    1.082356    0.875000    0.875000
    34    1.082389    0.875000    0.875000
    35    1.082418    0.875000    0.875000
    36    1.082442    0.875000    0.875000
    37    1.082461    0.875000    0.875000
    38    1.082475    0.875000    0.875000
    39    1.082485    0.875000    0.875000
    40    1.082494    0.875000    0.875000
    41    1.082504    0.875000    0.875000
    42    1.082509    0.875000    0.875000
    43    1.082513    0.875000    0.875000
    44    1.082518    0.875000    0.875000
    45    1.082523    0.875000    0.875000
    46    1.082523    0.875000    0.875000
    47    1.082528    0.875000    0.875000
    48    1.082528    0.875000    0.875000
    49    1.082530    0.875000    0.875000
    50    1.082530    0.875000    0.875000
    51    1.063082    0.877705    0.875000
    52    1.139796    0.863800    0.875000
    53    1.151539    0.874562    0.875000
    54    1.143216    0.875131    0.875000
    55    1.133591    0.875099    0.875000
    56    1.124159    0.875074    0.875000
    57    1.116172    0.875053    0.875000
    58    1.109573    0.875039    0.875000
    59    1.104208    0.875030    0.875000
    60    1.099874    0.875023    0.875000
    61    1.096386    0.875018    0.875000
    62    1.093587    0.875014    0.875000
    63    1.091348    0.875011    0.875000
    64    1.089560    0.875008    0.875000
    65    1.088129    0.875007    0.875000
    66    1.086992    0.875005    0.875000
    67    1.086086    0.875004    0.875000
    68    1.085361    0.875003    0.875000
    69    1.084789    0.875003    0.875000
    70    1.084331    0.875002    0.875000
    71    1.083964    0.875002    0.875000
    72    1.083678    0.875001    0.875000
    73    1.083444    0.875001    0.875000
    74    1.083263    0.875001    0.875000
    75    1.083115    0.875001    0.875000
    76    1.082996    0.875001    0.875000
    77    1.082906    0.875000    0.875000
    78    1.082829    0.875000    0.875000
    79    1.082772    0.875000    0.875000
    80    1.082724    0.875000    0.875000
    81    1.082686    0.875000    0.875000
    82    1.082658    0.875000    0.875000
    83    1.082634    0.875000    0.875000
    84    1.082615    0.875000    0.875000
    85    1.082596    0.875000    0.875000
    86    1.082586    0.875000    0.875000
    87    1.082577    0.875000    0.875000
    88    1.082567    0.875000    0.875000
    89    1.082562    0.875000    0.875000
    90    1.082557    0.875000    0.875000
    91    1.082553    0.875000    0.875000
    92    1.082548    0.875000    0.875000
    93    1.082548    0.875000    0.875000
    94    1.082543    0.875000    0.875000
    95    1.082543    0.875000    0.875000
    96    1.082543    0.875000    0.875000
    97    1.082538    0.875000    0.875000
    98    1.082538    0.875000    0.875000
    99    1.082538    0.875000    0.875000
   100    1.082538    0.875000    0.875000
   101    1.092454    0.871434    0.875000
   102    1.148008    0.867702    0.875000
   103    1.148495    0.874990    0.875000
   104    1.140351    0.875096    0.875000
   105    1.128728    0.875099    0.875000
   106    1.119232    0.875065    0.875000
   107    1.111581    0.875046    0.875000
   108    1.105559    0.875033    0.875000
   109    1.100800    0.875025    0.875000
   110    1.097037    0.875019    0.875000
   111    1.094057    0.875015    0.875000
   112    1.091692    0.875011    0.875000
   113    1.089816    0.875009    0.875000
   114    1.088323    0.875007    0.875000
   115    1.087141    0.875005    0.875000
   116    1.086201    0.875004    0.875000
   117    1.085453    0.875003    0.875000
   118    1.084859    0.875003    0.875000
   119    1.084387    0.875002    0.875000
   120    1.084010    0.875002    0.875000
   121    1.083710    0.875001    0.875000
   122    1.083474    0.875001    0.875000
   123    1.083283    0.875001    0.875000
   124    1.083135    0.875001    0.875000
   125    1.083011    0.875001    0.875000
   126    1.082916    0.875000    0.875000
   127    1.082840    0.875000    0.875000
   128    1.082778    0.875000    0.875000
   129    1.082730    0.875000    0.875000
   130    1.082692    0.875000    0.875000
   131    1.082658    0.875000    0.875000
   132    1.082635    0.875000    0.875000
   133    1.082616    0.875000    0.875000
   134    1.082601    0.875000    0.875000
   135    1.082587    0.875000    0.875000
   136    1.082577    0.875000    0.875000
   137    1.082568    0.875000    0.875000
   138    1.082563    0.875000    0.875000
   139    1.082558    0.875000    0.875000
   140    1.082554    0.875000    0.875000
   141    1.082549    0.875000    0.875000
   142    1.082546    0.875000    0.875000
   143    1.082546    0.875000    0.875000
   144    1.082542    0.875000    0.875000
   145    1.082542    0.875000    0.875000
   146    1.082542    0.875000    0.875000
   147    1.082537    0.875000    0.875000
   148    1.082537    0.875000    0.875000
   149    1.082537    0.875000    0.875000
   150    1.082537    0.875000    0.875000
   151    1.027723    0.884705    0.875000
   152    1.122025    0.859826    0.875000
   153    1.133853    0.874591    0.875000
   154    1.130709    0.875052    0.875000
   155    1.123488    0.875076    0.875000
   156    1.116650    0.875054    0.875000
   157    1.110620    0.875040    0.875000
   158    1.105485    0.875031    0.875000
   159    1.101169    0.875024    0.875000
   160    1.097598    0.875019    0.875000
   161    1.094665    0.875015    0.875000
   162    1.092281    0.875012    0.875000
   163    1.090350    0.875009    0.875000
   164    1.088791    0.875007    0.875000
   165    1.087541    0.875006    0.875000
   166    1.086535    0.875005    0.875000
   167    1.085734    0.875004    0.875000
   168    1.085090    0.875003    0.875000
   169    1.084576    0.875002    0.875000
   170    1.084165    0.875002    0.875000
   171    1.083841    0.875001    0.875000
   172    1.083579    0.875001    0.875000
   173    1.083369    0.875001    0.875000
   174    1.083202    0.875001    0.875000
   175    1.083069    0.875001    0.875000
   176    1.082964    0.875000    0.875000
   177    1.082878    0.875000    0.875000
   178    1.082809    0.875000    0.875000
   179    1.082756    0.875000    0.875000
   180    1.082709    0.875000    0.875000
   181    1.082675    0.875000    0.875000
   182    1.082647    0.875000    0.875000
   183    1.082628    0.875000    0.875000
   184    1.082609    0.875000    0.875000
   185    1.082594    0.875000    0.875000
   186    1.082580    0.875000    0.875000
   187    1.082573    0.875000    0.875000
   188    1.082563    0.875000    0.875000
   189    1.082558    0.875000    0.875000
   190    1.082554    0.875000    0.875000
   191    1.082549    0.875000    0.875000
   192    1.082549    0.875000    0.875000
   193    1.082544    0.875000    0.875000
   194    1.082544    0.875000    0.875000
   195    1.082544    0.875000    0.875000
   196    1.082539    0.875000    0.875000
   197    1.082539    0.875000    0.875000
   198    1.082539    0.875000    0.875000
   199    1.082539    0.875000    0.875000
   200    1.082539    0.875000    0.875000
   201    1.079500    0.875689    0.875000
   202    1.108468    0.872707    0.875000
   203    1.112936    0.874927    0.875000
   204    1.108275    0.875033    0.875000
   205    1.103654    0.875024    0.875000
   206    1.099348    0.875019    0.875000
   207    1.095815    0.875014    0.875000
   208    1.092968    0.875011    0.875000
   209    1.090689    0.875009    0.875000
   210    1.088882    0.875007    0.875000
   211    1.087456    0.875006    0.875000
   212    1.086340    0.875005    0.875000
   213    1.085467    0.875004    0.875000
   214    1.084790    0.875003    0.875000
   215    1.084266    0.875002    0.875000
   216    1.083863    0.875002    0.875000
   217    1.083553    0.875001    0.875000
   218    1.083315    0.875001    0.875000
   219    1.083133    0.875001    0.875000
   220    1.082995    0.875001    0.875000
   221    1.082885    0.875000    0.875000
   222    1.082804    0.875000    0.875000
   223    1.082742    0.875000    0.875000
   224    1.082695    0.875000    0.875000
   225    1.082657    0.875000    0.875000
   226    1.082628    0.875000    0.875000
   227    1.082609    0.875000    0.875000
   228    1.082590    0.875000    0.875000
   229    1.082578    0.875000    0.875000
   230    1.082568    0.875000    0.875000
   231    1.082559    0.875000    0.875000
   232    1.082554    0.875000    0.875000
   233    1.082549    0.875000    0.875000
   234    1.082549    0.875000    0.875000
   235    1.082544    0.875000    0.875000
   236    1.082544    0.875000    0.875000
   237    1.082540    0.875000    0.875000
   238    1.082540    0.875000    0.875000
   239    1.082540    0.875000    0.875000
   240    1.082540    0.875000    0.875000
   241    1.082540    0.875000    0.875000
   242    1.082535    0.875000    0.875000
   243    1.082535    0.875000    0.875000
   244    1.082535    0.875000    0.875000
   245    1.082535    0.875000    0.875000
   246    1.082535    0.875000    0.875000
   247    1.082535    0.875000    0.875000
   248    1.082535    0.875000    0.875000
   249    1.082535    0.875000    0.875000
   250    1.082535    0.875000    0.875000
   251    1.105094    0.869451    0.875000
   252    1.151748    0.869714    0.875000
   253    1.161892    0.874776    0.875000
   254    1.156464    0.875066    0.875000
   255    1.145786    0.875099    0.875000
   256    1.135488    0.875080    0.875000
   257    1.126357    0.875063    0.875000
   258    1.118534    0.875049    0.875000
   259    1.111925    0.875039    0.875000
   260    1.106408    0.875031    0.875000
   261    1.101845    0.875024    0.875000
   262    1.098102    0.875019    0.875000
   263    1.095050    0.875015    0.875000
   264    1.092580    0.875012    0.875000
   265    1.090582    0.875009    0.875000
   266    1.088978    0.875007    0.875000
   267    1.087690    0.875006    0.875000
   268    1.086655    0.875005    0.875000
   269    1.085830    0.875004    0.875000
   270    1.085168    0.875003    0.875000
   271    1.084638    0.875002    0.875000
   272    1.084214    0.875002    0.875000
   273    1.083880    0.875001    0.875000
   274    1.083608    0.875001    0.875000
   275    1.083394    0.875001    0.875000
   276    1.083222    0.875001    0.875000
   277    1.083084    0.875001    0.875000
   278    1.082974    0.875000    0.875000
   279    1.082888    0.875000    0.875000
   280    1.082817    0.875000    0.875000
   281    1.082760    0.875000    0.875000
   282    1.082717    0.875000    0.875000
   283    1.082679    0.875000    0.875000
   284    1.082650    0.875000    0.875000
   285    1.082626    0.875000    0.875000
   286    1.082612    0.875000    0.875000
   287    1.082595    0.875000    0.875000
   288    1.082586    0.875000    0.875000
   289    1.082576    0.875000    0.875000
   290    1.082567    0.875000    0.875000
   291    1.082562    0.875000    0.875000
   292    1.082557    0.875000    0.875000
   293    1.082552    0.875000    0.875000
   294    1.082547    0.875000    0.875000
   295    1.082547    0.875000    0.875000
   296    1.082543    0.875000    0.875000
   297    1.082543    0.875000    0.875000
   298    1.082543    0.875000    0.875000
   299    1.082538    0.875000    0.875000
   300    1.082538    0.875000    0.875000
   301    1.106158    0.869016    0.875000
   302    1.142358    0.872607    0.875000
   303    1.133644    0.875115    0.875000
   304    1.124472    0.875079    0.875000
   305    1.115817    0.875058    0.875000
   306    1.109163    0.875038    0.875000
   307    1.103803    0.875028    0.875000
   308    1.099474    0.875022    0.875000
   309    1.095983    0.875017    0.875000
   310    1.093182    0.875013    0.875000
   311    1.090945    0.875010    0.875000
   312    1.089171    0.875008    0.875000
   313    1.087770    0.875006    0.875000
   314    1.086659    0.875005    0.875000
   315    1.085786    0.875004    0.875000
   316    1.085095    0.875003    0.875000
   317    1.084556    0.875002    0.875000
   318    1.084127    0.875002    0.875000
   319    1.083793    0.875001    0.875000
   320    1.083526    0.875001    0.875000
   321    1.083321    0.875001    0.875000
   322    1.083154    0.875001    0.875000
   323    1.083025    0.875001    0.875000
   324    1.082925    0.875000    0.875000
   325    1.082844    0.875000    0.875000
   326    1.082777    0.875000    0.875000
   327    1.082729    0.875000    0.875000
   328    1.082691    0.875000    0.875000
   329    1.082658    0.875000    0.875000
   330    1.082634    0.875000    0.875000
   331    1.082613    0.875000    0.875000
   332    1.082598    0.875000    0.875000
   333    1.082584    0.875000    0.875000
   334    1.082574    0.875000    0.875000
   335    1.082565    0.875000    0.875000
   336    1.082560    0.875000    0.875000
   337    1.082555    0.875000    0.875000
   338    1.082551    0.875000    0.875000
   339    1.082546    0.875000    0.875000
   340    1.082546    0.875000    0.875000
   341    1.082543    0.875000    0.875000
   342    1.082543    0.875000    0.875000
   343    1.082539    0.875000    0.875000
   344    1.082539    0.875000    0.875000
   345    1.082539    0.875000    0.875000
   346    1.082539    0.875000    0.875000
   347    1.082539    0.875000    0.875000
   348    1.082539    0.875000    0.875000
   349    1.082539    0.875000    0.875000
   350    1.082539    0.875000    0.875000
   351    1.082536    0.875000    0.875000
   352    1.082536    0.875000    0.875000
   353    1.082536    0.875000    0.875000
   354    1.082536    0.875000    0.875000
   355    1.082536    0.875000    0.875000
   356    1.082536    0.875000    0.875000
   357    1.082536    0.875000    0.875000
   358    1.082536    0.875000    0.875000
   359    1.082536    0.875000    0.875000
   360    1.082536    0.875000    0.875000
   361    1.082536    0.875000    0.875000
   362    1.082536    0.875000    0.875000
   363    1.082536    0.875000    0.875000
   364    1.082536    0.875000    0.875000
   365    1.082536    0.875000    0.875000
   366    1.082536    0.875000    0.875000
   367    1.082536    0.875000    0.875000
   368    1.082536    0.875000    0.875000
   369    1.082536    0.875000    0.875000
   370    1.082536    0.875000    0.875000
   371    1.082536    0.875000    0.875000
   372    1.082536    0.875000    0.875000
   373    1.082536    0.875000    0.875000
   374    1.082536    0.875000    0.875000
   375    1.082536    0.875000    0.875000
   376    1.082536    0.875000    0.875000
   377    1.082536    0.875000    0.875000
   378    1.082536    0.875000    0.875000
   379    1.082536    0.875000    0.875000
   380    1.082536    0.875000    0.875000
   381    1.082536    0.875000    0.875000
   382    1.082536    0.875000    0.875000
   383    1.082536    0.875000    0.875000
   384    1.082536    0.875000    0.875000
   385    1.082536    0.875000    0.875000
   386    1.082536    0.875000    0.875000
   387    1.082536    0.875000    0.875000
   388    1.082536    0.875000    0.875000
   389    1.082536    0.875000    0.875000
   390    1.082536    0.875000    0.875000
   391    1.082536    0.875000    0.875000
   392    1.082536    0.875000    0.875000
   393    1.082536    0.875000    0.875000
   394    1.082536    0.875000    0.875000
   395    1.082536    0.875000    0.875000
   396    1.082536    0.875000    0.875000
   397    1.082536    0.875000    0.875000
   398    1.082536    0.875000    0.875000
   399    1.082536    0.875000    0.875000
   400    1.082536    0.875000    0.875000
   401    1.082536    0.875000    0.875000
   402    1.082536    0.875000    0.875000
   403    1.082536    0.875000    0.875000
   404    1.082536    0.875000    0.875000
   405    1.082536    0.875000    0.875000
   406    1.082536    0.875000    0.875000
   407    1.082536    0.875000    0.875000
   408    1.082536    0.875000    0.875000
   409    1.082536    0.875000    0.875000
   410    1.082536    0.875000    0.875000
   411    1.082536    0.875000    0.875000
   412    1.082536    0.875000    0.875000
   413    1.082536    0.875000    0.875000
   414    1.082536    0.875000    0.875000
   415    1.082536    0.875000    0.875000
   416    1.082536    0.875000    0.875000
   417    1.082536    0.875000    0.875000
   418    1.082536    0.875000    0.875000
   419    1.082536    0.875000    0.875000
   420    1.082536    0.875000    0.875000
   421    1.082536    0.875000    0.875000
   422    1.082536    0.875000    0.875000
   423    1.082536    0.875000    0.875000
   424    1.082536    0.875000    0.875000
   425    1.082536    0.875000    0.875000
   426    1.082536    0.875000    0.875000
   427    1.082536    0.875000    0.875000
   428    1.082536    0.875000    0.875000
   429    1.082536    0.875000    0.875000
   430    1.082536    0.875000    0.875000
   431    1.082536    0.875000    0.875000
   432    1.082536    0.875000    0.875000
   433    1.082536    0.875000    0.875000
   434    1.082536    0.875000    0.875000
   435    1.082536    0.875000    0.875000
   436    1.082536    0.875000    0.875000
   437    1.082536    0.875000    0.875000
   438    1.082536    0.875000    0.875000
   439    1.082536    0.875000    0.875000
   440    1.082536    0.875000    0.875000
   441    1.082536    0.875000    0.875000
   442    1.082536    0.875000    0.875000
   443    1.082536    0.875000    0.875000
   444    1.082536    0.875000    0.875000
   445    1.082536    0.875000    0.875000
   446    1.082536    0.875000    0.875000
   447    1.082536    0.875000    0.875000
   448    1.082536    0.875000    0.875000
   449    1.082536    0.875000    0.875000
   450    1.082536    0.875000    0.875000
   451    1.082536    0.875000    0.875000
   452    1.082536    0.875000    0.875000
   453    1.082536    0.875000    0.875000
   454    1.082536    0.875000    0.875000
   455    1.082536    0.875000    0.875000
   456    1.082536    0.875000    0.875000
   457    1.082536    0.875000    0.875000
   458    1.082536    0.875000    0.875000
   459    1.082536    0.875000    0.875000
   460    1.082536    0.875000    0.875000
   461    1.082536    0.875000    0.875000
   462    1.082536    0.875000    0.875000
   463    1.082536    0.875000    0.875000
   464    1.082536    0.875000    0.875000
   465    1.082536    0.875000    0.875000
   466    1.082536    0.875000    0.875000
   467    1.082536    0.875000    0.875000
   468    1.082536    0.875000    0.875000
   469    1.082536    0.875000    0.875000
   470    1.082536    0.875000    0.875000
   471    1.082536    0.875000    0.875000
   472    1.082536    0.875000    0.875000
   473    1.082536    0.875000    0.875000
   474    1.082536    0.875000    0.875000
   475    1.082536    0.875000    0.875000
   476    1.082536    0.875000    0.875000
   477    1.082536    0.875000    0.875000
   478    1.082536    0.875000    0.875000
   479    1.082536    0.875000    0.875000
   480    1.082536    0.875000    0.875000
   481    1.082536    0.875000    0.875000
   482    1.082536    0.875000    0.875000
   483    1.082536    0.875000    0.875000
   484    1.082536    0.875000    0.875000
   485    1.082536    0.875000    0.875000
   486    1.082536    0.875000    0.875000
   487    1.082536    0.875000    0.875000
   488    1.082536    0.875000    0.875000
   489    1.082536    0.875000    0.875000
   490    1.082536    0.875000    0.875000
   491    1.082536    0.875000    0.875000
   492    1.082536    0.875000    0.875000
   493    1.082536    0.875000    0.875000
   494    1.082536    0.875000    0.875000
   495    1.082536    0.875000    0.875000
   496    1.082536    0.875000    0.875000
   497    1.082536    0.875000    0.875000
   498    1.082536    0.875000    0.875000
   499    1.082536    0.875000    0.875000
   500    1.082536    0.875000    0.875000
   501    1.082536    0.875000    0.875000
   502    1.082536    0.875000    0.875000
   503    1.082536    0.875000    0.875000
   504    1.082536    0.875000    0.875000
   505    1.082536    0.875000    0.875000
   506    1.082536    0.875000    0.875000
   507    1.082536    0.875000    0.875000
   508    1.082536    0.875000    0.875000
   509    1.082536    0.875000    0.875000
   510    1.082536    0.875000    0.875000
   511    1.082536    0.875000    0.875000
   512    1.082536    0.875000    0.875000
   513    1.082536    0.875000    0.875000
   514    1.082536    0.875000    0.875000
   515    1.082536    0.875000    0.875000
   516    1.082536    0.875000    0.875000
   517    1.082536    0.875000    0.875000
   518    1.082536    0.875000    0.875000
   519    1.082536    0.875000    0.875000
   520    1.082536    0.875000    0.875000
   521    1.082536    0.875000    0.875000
   522    1.082536    0.875000    0.875000
   523    1.082536    0.875000    0.875000
   524    1.082536    0.875000    0.875000
   525    1.082536    0.875000    0.875000
   526    1.082536    0.875000    0.875000
   527    1.082536    0.875000    0.875000
   528    1.082536    0.875000    0.875000
   529    1.082536    0.875000    0.875000
   530    1.082536    0.875000    0.875000
   531    1.082536    0.875000    0.875000
   532    1.082536    0.875000    0.875000
   533    1.082536    0.875000    0.875000
   534    1.082536    0.875000    0.875000
   535    1.082536    0.875000    0.875000
   536    1.082536    0.875000    0.875000
   537    1.082536    0.875000    0.875000
   538    1.082536    0.875000    0.875000
   539    1.082536    0.875000    0.875000
   540    1.082536    0.875000    0.875000
   541    1.082536    0.875000    0.875000
   542    1.082536    0.875000    0.875000
   543    1.082536    0.875000    0.875000
   544    1.082536    0.875000    0.875000
   545    1.082536    0.875000    0.875000
   546    1.082536    0.875000    0.875000
   547    1.082536    0.875000    0.875000
   548    1.082536    0.875000    0.875000
   549    1.082536    0.875000    0.875000
   550    1.082536    0.875000    0.875000
   551    1.082536    0.875000    0.875000
   552    1.082536    0.875000    0.875000
   553    1.082536    0.875000    0.875000
   554    1.082536    0.875000    0.875000
   555    1.082536    0.875000    0.875000
   556    1.082536    0.875000    0.875000
   557    1.082536    0.875000    0.875000
   558    1.082536    0.875000    0.875000
   559    1.082536    0.875000    0.875000
   560    1.082536    0.875000    0.875000
   561    1.082536    0.875000    0.875000
   562    1.082536    0.875000    0.875000
   563    1.082536    0.875000    0.875000
   564    1.082536    0.875000    0.875000
   565    1.082536    0.875000    0.875000
   566    1.082536    0.875000    0.875000
   567    1.082536    0.875000    0.875000
   568    1.082536    0.875000    0.875000
   569    1.082536    0.875000    0.875000
   570    1.082536    0.875000    0.875000
   571    1.082536    0.875000    0.875000
   572    1.082536    0.875000    0.875000
   573    1.082536    0.875000    0.875000
   574    1.082536    0.875000    0.875000
   575    1.082536    0.875000    0.875000
   576    1.082536    0.875000    0.875000
   577    1.082536    0.875000    0.875000
   578    1.082536    0.875000    0.875000
   579    1.082536    0.875000    0.875000
   580    1.082536    0.875000    0.875000
   581    1.082536    0.875000    0.875000
   582    1.082536    0.875000    0.875000
   583    1.082536    0.875000    0.875000
   584    1.082536    0.875000    0.875000
   585    1.082536    0.875000    0.875000
   586    1.082536    0.875000    0.875000
   587    1.082536    0.875000    0.875000
   588    1.082536    0.875000    0.875000
   589    1.082536    0.875000    0.875000
   590    1.082536    0.875000    0.875000
   591    1.082536    0.875000    0.875000
   592    1.082536    0.875000    0.875000
   593    1.082536    0.875000    0.875000
   594    1.082536    0.875000    0.875000
   595    1.082536    0.875000    0.875000
   596    1.082536    0.875000    0.875000
   597    1.082536    0.875000    0.875000
   598    1.082536    0.875000    0.875000
   599    1.082536    0.875000    0.875000
   600    1.082536    0.875000    0.875000
   601    1.082536    0.875000    0.875000
   602    1.082536    0.875000    0.875000
   603    1.082536    0.875000    0.875000
   604    1.082536    0.875000    0.875000
   605    1.082536    0.875000    0.875000
   606    1.082536    0.875000    0.875000
   607    1.082536    0.875000    0.875000
   608    1.082536    0.875000    0.875000
   609    1.082536    0.875000    0.875000
   610    1.082536    0.875000    0.875000
   611    1.082536    0.875000    0.875000
   612    1.082536    0.875000    0.875000
   613    1.082536    0.875000    0.875000
   614    1.082536    0.875000    0.875000
   615    1.082536    0.875000    0.875000
   616    1.082536    0.875000    0.875000
   617    1.082536    0.875000    0.875000
   618    1.082536    0.875000    0.875000
   619    1.082536    0.875000    0.875000
   620    1.082536    0.875000    0.875000
   621    1.082536    0.875000    0.875000
   622    1.082536    0.875000    0.875000
   623    1.082536    0.875000    0.875000
   624    1.082536    0.875000    0.875000
   625    1.082536    0.875000    0.875000
   626    1.082536    0.875000    0.875000
   627    1.082536    0.875000    0.875000
   628    1.082536    0.875000    0.875000
   629    1.082536    0.875000    0.875000
   630    1.082536    0.875000    0.875000
   631    1.082536    0.875000    0.875000
   632    1.082536    0.875000    0.875000
   633    1.082536    0.875000    0.875000
   634    1.082536    0.875000    0.875000
   635    1.082536    0.875000    0.875000
   636    1.082536    0.875000    0.875000
   637    1.082536    0.875000    0.875000
   638    1.082536    0.875000    0.875000
   639    1.082536    0.875000    0.875000
   640    1.082536    0.875000    0.875000
   641    1.082536    0.875000    0.875000
   642    1.082536    0.875000    0.875000
   643    1.082536    0.875000    0.875000
   644    1.082536    0.875000    0.875000
   645    1.082536    0.875000    0.875000
   646    1.082536    0.875000    0.875000
   647    1.082536    0.875000    0.875000
   648    1.082536    0.875000    0.875000
   649    1.082536    0.875000    0.875000
   650    1.082536    0.875000    0.875000
   651    1.082536    0.875000    0.875000
   652    1.082536    0.875000    0.875000
   653    1.082536    0.875000    0.875000
   654    1.082536    0.875000    0.875000
   655    1.082536    0.875000    0.875000
   656    1.082536    0.875000    0.875000
   657    1.082536    0.875000    0.875000
   658    1.082536    0.875000    0.875000
   659    1.082536    0.875000    0.875000
   660    1.082536    0.875000    0.875000
   661    1.082536    0.875000    0.875000
   662    1.082536    0.875000    0.875000
   663    1.082536    0.875000    0.875000
   664    1.082536    0.875000    0.875000
   665    1.082536    0.875000    0.875000
   666    1.082536    0.875000    0.875000
   667    1.082536    0.875000    0.875000
   668    1.082536    0.875000    0.875000
   669    1.082536    0.875000    0.875000
   670    1.082536    0.875000    0.875000
   671    1.082536    0.875000    0.875000
   672    1.082536    0.875000    0.875000
   673    1.082536    0.875000    0.875000
   674    1.082536    0.875000    0.875000
   675    1.082536    0.875000    0.875000
   676    1.082536    0.875000    0.875000
   677    1.082536    0.875000    0.875000
   678    1.082536    0.875000    0.875000
   679    1.082536    0.875000    0.875000
   680    1.082536    0.875000    0.875000
   681    1.082536    0.875000    0.875000
   682    1.082536    0.875000    0.875000
   683    1.082536    0.875000    0.875000
   684    1.082536    0.875000    0.875000
   685    1.082536    0.875000    0.875000
   686    1.082536    0.875000    0.875000
   687    1.082536    0.875000    0.875000
   688    1.082536    0.875000    0.875000
   689    1.082536    0.875000    0.875000
   690    1.082536    0.875000    0.875000
   691    1.082536    0.875000    0.875000
   692    1.082536    0.875000    0.875000
   693    1.082536    0.875000    0.875000
   694    1.082536    0.875000    0.875000
   695    1.082536    0.875000    0.875000
   696    1.082536    0.875000    0.875000
   697    1.082536    0.875000    0.875000
   698    1.082536    0.875000    0.875000
   699    1.082536    0.875000    0.875000
   700    1.082536    0.875000    0.875000
   701    1.082536    0.875000    0.875000
   702    1.082536    0.875000    0.875000
   703    1.082536    0.875000    0.875000
   704    1.082536    0.875000    0.875000
   705    1.082536    0.875000    0.875000
   706    1.082536    0.875000    0.875000
   707    1.082536    0.875000    0.875000
   708    1.082536    0.875000    0.875000
   709    1.082536    0.875000    0.875000
   710    1.082536    0.875000    0.875000
   711    1.082536    0.875000    0.875000
   712    1.082536    0.875000    0.875000
   713    1.082536    0.875000    0.875000
   714    1.082536    0.875000    0.875000
   715    1.082536    0.875000    0.875000
   716    1.082536    0.875000    0.875000
   717    1.082536    0.875000    0.875000
   718    1.082536    0.875000    0.875000
   719    1.082536    0.875000    0.875000
   720    1.082536    0.875000    0.875000
   721    1.082536    0.875000    0.875000
   722    1.082536    0.875000    0.875000
   723    1.082536    0.875000    0.875000
   724    1.082536    0.875000    0.875000
   725    1.082536    0.875000    0.875000
   726    1.082536    0.875000    0.875000
   727    1.082536    0.875000    0.875000
   728    1.082536    0.875000    0.875000
   729    1.082536    0.875000    0.875000
   730    1.082536    0.875000    0.875000
   731    1.082536    0.875000    0.875000
   732    1.082536    0.875000    0.875000
   733    1.082536    0.875000    0.875000
   734    1.082536    0.875000    0.875000
   735    1.082536    0.875000    0.875000
   736    1.082536    0.875000    0.875000
   737    1.082536    0.875000    0.875000
   738    1.082536    0.875000    0.875000
   739    1.082536    0.875000    0.875000
   740    1.082536    0.875000    0.875000
   741    1.082536    0.875000    0.875000
   742    1.082536    0.875000    0.875000
   743    1.082536    0.875000    0.875000
   744    1.082536    0.875000    0.875000
   745    1.082536    0.875000    0.875000
   746    1.082536    0.875000    0.875000
   747    1.082536    0.875000    0.875000
   748    1.082536    0.875000    0.875000
   749    1.082536    0.875000    0.875000
   750    1.082536    0.875000    0.875000
   751    1.082536    0.875000    0.875000
   752    1.082536    0.875000    0.875000
   753    1.082536    0.875000    0.875000
   754    1.082536    0.875000    0.875000
   755    1.082536    0.875000    0.875000
   756    1.082536    0.875000    0.875000
   757    1.082536    0.875000    0.875000
   758    1.082536    0.875000    0.875000
   759    1.082536    0.875000    0.875000
   760    1.082536    0.875000    0.875000
   761    1.082536    0.875000    0.875000
   762    1.082536    0.875000    0.875000
   763    1.082536    0.875000    0.875000
   764    1.082536    0.875000    0.875000
   765    1.082536    0.875000    0.875000
   766    1.082536    0.875000    0.875000
   767    1.082536    0.875000    0.875000
   768    1.082536    0.875000    0.875000
   769    1.082536    0.875000    0.875000
   770    1.082536    0.875000    0.875000
   771    1.082536    0.875000    0.875000
   772    1.082536    0.875000    0.875000
   773    1.082536    0.875000    0.875000
   774    1.082536    0.875000    0.875000
   775    1.082536    0.875000    0.875000
   776    1.082536    0.875000    0.875000
   777    1.082536    0.875000    0.875000
   778    1.082536    0.875000    0.875000
   779    1.082536    0.875000    0.875000
   780    1.082536    0.875000    0.875000
   781    1.082536    0.875000    0.875000
   782    1.082536    0.875000    0.875000
   783    1.082536    0.875000    0.875000
   784    1.082536    0.875000    0.875000
   785    1.082536    0.875000    0.875000
   786    1.082536    0.875000    0.875000
   787    1.082536    0.875000    0.875000
   788    1.082536    0.875000    0.875000
   789    1.082536    0.875000    0.875000
   790    1.082536    0.875000    0.875000
   791    1.082536    0.875000    0.875000
   792    1.082536    0.875000    0.875000
   793    1.082536    0.875000    0.875000
   794    1.082536    0.875000    0.875000
   795    1.082536    0.875000    0.875000
   796    1.082536    0.875000    0.875000
   797    1.082536    0.875000    0.875000
   798    1.082536    0.875000    0.875000
   799    1.082536    0.875000    0.875000
   800    1.082536    0.875000    0.875000
   801    1.082536    0.875000    0.875000
   802    1.082536    0.875000    0.875000
   803    1.082536    0.875000    0.875000
   804    1.082536    0.875000    0.875000
   805    1.082536    0.875000    0.875000
   806    1.082536    0.875000    0.875000
   807    1.082536    0.875000    0.875000
   808    1.082536    0.875000    0.875000
   809    1.082536    0.875000    0.875000
   810    1.082536    0.875000    0.875000
   811    1.082536    0.875000    0.875000
   812    1.082536    0.875000    0.875000
   813    1.082536    0.875000    0.875000
   814    1.082536    0.875000    0.875000
   815    1.082536    0.875000    0.875000
   816    1.082536    0.875000    0.875000
   817    1.082536    0.875000    0.875000
   818    1.082536    0.875000    0.875000
   819    1.082536    0.875000    0.875000
   820    1.082536    0.875000    0.875000
   821    1.082536    0.875000    0.875000
   822    1.082536    0.875000    0.875000
   823    1.082536    0.875000    0.875000
   824    1.082536    0.875000    0.875000
   825    1.082536    0.875000    0.875000
   826    1.082536    0.875000    0.875000
   827    1.082536    0.875000    0.875000
   828    1.082536    0.875000    0.875000
   829    1.082536    0.875000    0.875000
   830    1.082536    0.875000    0.875000
   831    1.082536    0.875000    0.875000
   832    1.082536    0.875000    0.875000
   833    1.082536    0.875000    0.875000
   834    1.082536    0.875000    0.875000
   835    1.082536    0.875000    0.875000
   836    1.082536    0.875000    0.875000
   837    1.082536    0.875000    0.875000
   838    1.082536    0.875000    0.875000
   839    1.082536    0.875000    0.875000
   840    1.082536    0.875000    0.875000
   841    1.082536    0.875000    0.875000
   842    1.082536    0.875000    0.875000
   843    1.082536    0.875000    0.875000
   844    1.082536    0.875000    0.875000
   845    1.082536    0.875000    0.875000
   846    1.082536    0.875000    0.875000
   847    1.082536    0.875000    0.875000
   848    1.082536    0.875000    0.875000
   849    1.082536    0.875000    0.875000
   850    1.082536    0.875000    0.875000
   851    1.082536    0.875000    0.875000
   852    1.082536    0.875000    0.875000
   853    1.082536    0.875000    0.875000
   854    1.082536    0.875000    0.875000
   855    1.082536    0.875000    0.875000
   856    1.082536    0.875000    0.875000
   857    1.082536    0.875000    0.875000
   858    1.082536    0.875000    0.875000
   859    1.082536    0.875000    0.875000
   860    1.082536    0.875000    0.875000
   861    1.082536    0.875000    0.875000
   862    1.082536    0.875000    0.875000
   863    1.082536    0.875000    0.875000
   864    1.082536    0.875000    0.875000
   865    1.082536    0.875000    0.875000
   866    1.082536    0.875000    0.875000
   867    1.082536    0.875000    0.875000
   868    1.082536    0.875000    0.875000
   869    1.082536    0.875000    0.875000
   870    1.082536    0.875000    0.875000
   871    1.082536    0.875000    0.875000
   872    1.082536    0.875000    0.875000
   873    1.082536    0.875000    0.875000
   874    1.082536    0.875000    0.875000
   875    1.082536    0.875000    0.875000
   876    1.082536    0.875000    0.875000
   877    1.082536    0.875000    0.875000
   878    1.082536    0.875000    0.875000
   879    1.082536    0.875000    0.875000
   880    1.082536    0.875000    0.875000
   881    1.082536    0.875000    0.875000
   882    1.082536    0.875000    0.875000
   883    1.082536    0.875000    0.875000
   884    1.082536    0.875000    0.875000
   885    1.082536    0.875000    0.875000
   886    1.082536    0.875000    0.875000
   887    1.082536    0.875000    0.875000
   888    1.082536    0.875000    0.875000
   889    1.082536    0.875000    0.875000
   890    1.082536    0.875000    0.875000
   891    1.082536    0.875000    0.875000
   892    1.082536    0.875000    0.875000
   893    1.082536    0.875000    0.875000
   894    1.082536    0.875000    0.875000
   895    1.082536    0.875000    0.875000
   896    1.082536    0.875000    0.875000
   897    1.082536    0.875000    0.875000
   898    1.082536    0.875000    0.875000
   899    1.082536    0.875000    0.875000
   900    1.082536    0.875000    0.875000
   901    1.082536    0.875000    0.875000
   902    1.082536    0.875000    0.875000
   903    1.082536    0.875000    0.875000
   904    1.082536    0.875000    0.875000
   905    1.082536    0.875000    0.875000
   906    1.082536    0.875000    0.875000
   907    1.082536    0.875000    0.875000
   908    1.082536    0.875000    0.875000
   909    1.082536    0.875000    0.875000
   910    1.082536    0.875000    0.875000
   911    1.082536    0.875000    0.875000
   912    1.082536    0.875000    0.875000
   913    1.082536    0.875000    0.875000
   914    1.082536    0.875000    0.875000
   915    1.082536    0.875000    0.875000
   916    1.082536    0.875000    0.875000
   917    1.082536    0.875000    0.875000
   918    1.082536    0.875000    0.875000
   919    1.082536    0.875000    0.875000
   920    1.082536    0.875000    0.875000
   921    1.082536    0.875000    0.875000
   922    1.082536    0.875000    0.875000
   923    1.082536    0.875000    0.875000
   924    1.082536    0.875000    0.875000
   925    1.082536    0.875000    0.875000
   926    1.082536    0.875000    0.875000
   927    1.082536    0.875000    0.875000
   928    1.082536    0.875000    0.875000
   929    1.082536    0.875000    0.875000
   930    1.082536    0.875000    0.875000
   931    1.082536    0.875000    0.875000
   932    1.082536    0.875000    0.875000
   933    1.082536    0.875000    0.875000
   934    1.082536    0.875000    0.875000
   935    1.082536    0.875000    0.875000
   936    1.082536    0.875000    0.875000
   937    1.082536    0.875000    0.875000
   938    1.082536    0.875000    0.875000
   939    1.082536    0.875000    0.875000
   940    1.082536    0.875000    0.875000
   941    1.082536    0.875000    0.875000
   942    1.082536    0.875000    0.875000
   943    1.082536    0.875000    0.875000
   944    1.082536    0.875000    0.875000
   945    1.082536    0.875000    0.875000
   946    1.082536    0.875000    0.875000
   947    1.082536    0.875000    0.875000
   948    1.082536    0.875000    0.875000
   949    1.082536    0.875000    0.875000
   950    1.082536    0.875000    0.875000
   951    1.082536    0.875000    0.875000
   952    1.082536    0.875000    0.875000
   953    1.082536    0.875000    0.875000
   954    1.082536    0.875000    0.875000
   955    1.082536    0.875000    0.875000
   956    1.082536    0.875000    0.875000
   957    1.082536    0.875000    0.875000
   958    1.082536    0.875000    0.875000
   959    1.082536    0.875000    0.875000
   960    1.082536    0.875000    0.875000
   961    1.082536    0.875000    0.875000
   962    1.082536    0.875000    0.875000
   963    1.082536    0.875000    0.875000
   964    1.082536    0.875000    0.875000
   965    1.082536    0.875000    0.875000
   966    1.082536    0.875000    0.875000
   967    1.082536    0.875000    0.875000
   968    1.082536    0.875000    0.875000
   969    1.082536    0.875000    0.875000
   970    1.082536    0.875000    0.875000
   971    1.082536    0.875000    0.875000
   972    1.082536    0.875000    0.875000
   973    1.082536    0.875000    0.875000
   974    1.082536    0.875000    0.875000
   975    1.082536    0.875000    0.875000
   976    1.082536    0.875000    0.875000
   977    1.082536    0.875000    0.875000
   978    1.082536    0.875000    0.875000
   979    1.082536    0.875000    0.875000
   980    1.082536    0.875000    0.875000
   981    1.082536    0.875000    0.875000
   982    1.082536    0.875000    0.875000
   983    1.082536    0.875000    0.875000
   984    1.082536    0.875000    0.875000
   985    1.082536    0.875000    0.875000
   986    1.082536    0.875000    0.875000
   987    1.082536    0.875000    0.875000
   988    1.082536    0.875000    0.875000
   989    1.082536    0.875000    0.875000
   990    1.082536    0.875000    0.875000
   991    1.082536    0.875000    0.875000
   992    1.082536    0.875000    0.875000
   993    1.082536    0.875000    0.875000
   994    1.082536    0.875000    0.875000
   995    1.082536    0.875000    0.875000
   996    1.082536    0.875000    0.875000
   997    1.082536    0.875000    0.875000
   998    1.082536    0.875000    0.875000
   999    1.082536    0.875000    0.875000
  1000    1.082536    0.875000    0.875000
  1001    1.082536    0.875000    0.875000
  1002    1.082536    0.875000    0.875000
  1003    1.082536    0.875000    0.875000
  1004    1.082536    0.875000    0.875000
  1005    1.082536    0.875000    0.875000
  1006    1.082536    0.875000    0.875000
  1007    1.082536    0.875000    0.875000
  1008    1.082536    0.875000    0.875000
  1009    1.082536    0.875000    0.875000
  1010    1.082536    0.875000    0.875000
  1011    1.082536    0.875000    0.875000
  1012    1.082536    0.875000    0.875000
  1013    1.082536    0.875000    0.875000
  1014    1.082536    0.875000    0.875000
  1015    1.082536    0.875000    0.875000
  1016    1.082536    0.875000    0.875000
  1017    1.082536    0.875000    0.875000
  1018    1.082536    0.875000    0.875000
  1019    1.082536    0.875000    0.875000
  1020    1.082536    0.875000    0.875000
  1021    1.082536    0.875000    0.875000
  1022    1.082536    0.875000    0.875000
  1023    1.082536    0.875000    0.875000
  1024    1.082536    0.875000    0.875000
  1025    1.082536    0.875000    0.875000
  1026    1.082536    0.875000    0.875000
  1027    1.082536    0.875000    0.875000
  1028    1.082536    0.875000    0.875000
  1029    1.082536    0.875000    0.875000
  1030    1.082536    0.875000    0.875000
  1031    1.082536    0.875000    0.875000
  1032    1.082536    0.875000    0.875000
  1033    1.082536    0.875000    0.875000
  1034    1.082536    0.875000    0.875000
  1035    1.082536    0.875000    0.875000
  1036    1.082536    0.875000    0.875000
  1037    1.082536    0.875000    0.875000
  1038    1.082536    0.875000    0.875000
  1039    1.082536    0.875000    0.875000
  1040    1.082536    0.875000    0.875000
  1041    1.082536    0.875000    0.875000
  1042    1.082536    0.875000    0.875000
  1043    1.082536    0.875000    0.875000
  1044    1.082536    0.875000    0.875000
  1045    1.082536    0.875000    0.875000
  1046    1.082536    0.875000    0.875000
  1047    1.082536    0.875000    0.875000
  1048    1.082536    0.875000    0.875000
  1049    1.082536    0.875000    0.875000
  1050    1.082536    0.875000    0.875000
  1051    1.082536    0.875000    0.875000
  1052    1.082536    0.875000    0.875000
  1053    1.082536    0.875000    0.875000
  1054    1.082536    0.875000    0.875000
  1055    1.082536    0.875000    0.875000
  1056    1.082536    0.875000    0.875000
  1057    1.082536    0.875000    0.875000
  1058    1.082536    0.875000    0.875000
  1059    1.082536    0.875000    0.875000
  1060    1.082536    0.875000    0.875000
  1061    1.082536    0.875000    0.875000
  1062    1.082536    0.875000    0.875000
  1063    1.082536    0.875000    0.875000
  1064    1.082536    0.875000    0.875000
  1065    1.082536    0.875000    0.875000
  1066    1.082536    0.875000    0.875000
  1067    1.082536    0.875000    0.875000
  1068    1.082536    0.875000    0.875000
  1069    1.082536    0.875000    0.875000
  1070    1.082536    0.875000    0.875000
  1071    1.082536    0.875000    0.875000
  1072    1.082536    0.875000    0.875000
  1073    1.082536    0.875000    0.875000
  1074    1.082536    0.875000    0.875000
  1075    1.082536    0.875000    0.875000
  1076    1.082536    0.875000    0.875000
  1077    1.082536    0.875000    0.875000
  1078    1.082536    0.875000    0.875000
  1079    1.082536    0.875000    0.875000
  1080    1.082536    0.875000    0.875000
  1081    1.082536    0.875000    0.875000
  1082    1.082536    0.875000    0.875000
  1083    1.082536    0.875000    0.875000
  1084    1.082536    0.875000    0.875000
  1085    1.082536    0.875000    0.875000
  1086    1.082536    0.875000    0.875000
  1087    1.082536    0.875000    0.875000
  1088    1.082536    0.875000    0.875000
  1089    1.082536    0.875000    0.875000
  1090    1.082536    0.875000    0.875000
  1091    1.082536    0.875000    0.875000
  1092    1.082536    0.875000    0.875000
  1093    1.082536    0.875000    0.875000
  1094    1.082536    0.875000    0.875000
  1095    1.082536    0.875000    0.875000
  1096    1.082536    0.875000    0.875000
  1097    1.082536    0.875000    0.875000
  1098    1.082536    0.875000    0.875000
  1099    1.082536    0.875000    0.875000
  1100    1.082536    0.875000    0.875000
  1101    1.082536    0.875000    0.875000
  1102    1.082536    0.875000    0.875000
  1103    1.082536    0.875000    0.875000
  1104    1.082536    0.875000    0.875000
  1105    1.082536    0.875000    0.875000
  1106    1.082536    0.875000    0.875000
  1107    1.082536    0.875000    0.875000
  1108    1.082536    0.875000    0.875000
  1109    1.082536    0.875000    0.875000
  1110    1.082536    0.875000    0.875000
  1111    1.082536    0.875000    0.875000
  1112    1.082536    0.875000    0.875000
  1113    1.082536    0.875000    0.875000
  1114    1.082536    0.875000    0.875000
  1115    1.082536    0.875000    0.875000
  1116    1.082536    0.875000    0.875000
  1117    1.082536    0.875000    0.875000
  1118    1.082536    0.875000    0.875000
  1119    1.082536    0.875000    0.875000
  1120    1.082536    0.875000    0.875000
  1121    1.082536    0.875000    0.875000
  1122    1.082536    0.875000    0.875000
  1123    1.082536    0.875000    0.875000
  1124    1.082536    0.875000    0.875000
  1125    1.082536    0.875000    0.875000
  1126    1.082536    0.875000    0.875000
  1127    1.082536    0.875000    0.875000
  1128    1.082536    0.875000    0.875000
  1129    1.082536    0.875000    0.875000
  1130    1.082536    0.875000    0.875000
  1131    1.082536    0.875000    0.875000
  1132    1.082536    0.875000    0.875000
  1133    1.082536    0.875000    0.875000
  1134    1.082536    0.875000    0.875000
  1135    1.082536    0.875000    0.875000
  1136    1.082536    0.875000    0.875000
  1137    1.082536    0.875000    0.875000
  1138    1.082536    0.875000    0.875000
  1139    1.082536    0.875000    0.875000
  1140    1.082536    0.875000    0.875000
  1141    1.082536    0.875000    0.875000
  1142    1.082536    0.875000    0.875000
  1143    1.082536    0.875000    0.875000
  1144    1.082536    0.875000    0.875000
  1145    1.082536    0.875000    0.875000
  1146    1.082536    0.875000    0.875000
  1147    1.082536    0.875000    0.875000
  1148    1.082536    0.875000    0.875000
  1149    1.082536    0.875000    0.875000
  1150    1.082536    0.875000    0.875000
  1151    1.082536    0.875000    0.875000
  1152    1.082536    0.875000    0.875000
  1153    1.082536    0.875000    0.875000
  1154    1.082536    0.875000    0.875000
  1155    1.082536    0.875000    0.875000
  1156    1.082536    0.875000    0.875000
  1157    1.082536    0.875000    0.875000
  1158    1.082536    0.875000    0.875000
  1159    1.082536    0.875000    0.875000
  1160    1.082536    0.875000    0.875000
  1161    1.082536    0.875000    0.875000
  1162    1.082536    0.875000    0.875000
  1163    1.082536    0.875000    0.875000
  1164    1.082536    0.875000    0.875000
  1165    1.082536    0.875000    0.875000
  1166    1.082536    0.875000    0.875000
  1167    1.082536    0.875000    0.875000
  1168    1.082536    0.875000    0.875000
  1169    1.082536    0.875000    0.875000
  1170    1.082536    0.875000    0.875000
  1171    1.082536    0.875000    0.875000
  1172    1.082536    0.875000    0.875000
  1173    1.082536    0.875000    0.875000
  1174    1.082536    0.875000    0.875000
  1175    1.082536    0.875000    0.875000
  1176    1.082536    0.875000    0.875000
  1177    1.082536    0.875000    0.875000
  1178    1.082536    0.875000    0.875000
  1179    1.082536    0.875000    0.875000
  1180    1.082536    0.875000    0.875000
  1181    1.082536    0.875000    0.875000
  1182    1.082536    0.875000    0.875000
  1183    1.082536    0.875000    0.875000
  1184    1.082536    0.875000    0.875000
  1185    1.082536    0.875000    0.875000
  1186    1.082536    0.875000    0.875000
  1187    1.082536    0.875000    0.875000
  1188    1.082536    0.875000    0.875000
  1189    1.082536    0.875000    0.875000
  1190    1.082536    0.875000    0.875000
  1191    1.082536    0.875000    0.875000
  1192    1.082536    0.875000    0.875000
  1193    1.082536    0.875000    0.875000
  1194    1.082536    0.875000    0.875000
  1195    1.082536    0.875000    0.875000
  1196    1.082536    0.875000    0.875000
  1197    1.082536    0.875000    0.875000
  1198    1.082536    0.875000    0.875000
  1199    1.082536    0.875000    0.875000
  1200    1.082536    0.875000    0.875000
  1201    1.082536    0.875000    0.875000
  1202    1.082536    0.875000    0.875000
  1203    1.082536    0.875000    0.875000
  1204    1.082536    0.875000    0.875000
  1205    1.082536    0.875000    0.875000
  1206    1.082536    0.875000    0.875000
  1207    1.082536    0.875000    0.875000
  1208    1.082536    0.875000    0.875000
  1209    1.082536    0.875000    0.875000
  1210    1.082536    0.875000    0.875000
  1211    1.082536    0.875000    0.875000
  1212    1.082536    0.875000    0.875000
  1213    1.082536    0.875000    0.875000
  1214    1.082536    0.875000    0.875000
  1215    1.082536    0.875000    0.875000
  1216    1.082536    0.875000    0.875000
  1217    1.082536    0.875000    0.875000
  1218    1.082536    0.875000    0.875000
  1219    1.082536    0.875000    0.875000
  1220    1.082536    0.875000    0.875000
  1221    1.082536    0.875000    0.875000
  1222    1.082536    0.875000    0.875000
  1223    1.082536    0.875000    0.875000
  1224    1.082536    0.875000    0.875000
  1225    1.082536    0.875000    0.875000
  1226    1.082536    0.875000    0.875000
  1227    1.082536    0.875000    0.875000
  1228    1.082536    0.875000    0.875000
  1229    1.082536    0.875000    0.875000
  1230    1.082536    0.875000    0.875000
  1231    1.082536    0.875000    0.875000
  1232    1.082536    0.875000    0.875000
  1233    1.082536    0.875000    0.875000
  1234    1.082536    0.875000    0.875000
  1235    1.082536    0.875000    0.875000
  1236    1.082536    0.875000    0.875000
  1237    1.082536    0.875000    0.875000
  1238    1.082536    0.875000    0.875000
  1239    1.082536    0.875000    0.875000
  1240    1.082536    0.875000    0.875000
  1241    1.082536    0.875000    0.875000
  1242    1.082536    0.875000    0.875000
  1243    1.082536    0.875000    0.875000
  1244    1.082536    0.875000    0.875000
  1245    1.082536    0.875000    0.875000
  1246    1.082536    0.875000    0.875000
  1247    1.082536    0.875000    0.875000
  1248    1.082536    0.875000    0.875000
  1249    1.082536    0.875000    0.875000
  1250    1.082536    0.875000    0.875000
  1251    1.082536    0.875000    0.875000
  1252    1.082536    0.875000    0.875000
  1253    1.082536    0.875000    0.875000
  1254    1.082536    0.875000    0.875000
  1255    1.082536    0.875000    0.875000
  1256    1.082536    0.875000    0.875000
  1257    1.082536    0.875000    0.875000
  1258    1.082536    0.875000    0.875000
  1259    1.082536    0.875000    0.875000
  1260    1.082536    0.875000    0.875000
  1261    1.082536    0.875000    0.875000
  1262    1.082536    0.875000    0.875000
  1263    1.082536    0.875000    0.875000
  1264    1.082536    0.875000    0.875000
  1265    1.082536    0.875000    0.875000
  1266    1.082536    0.875000    0.875000
  1267    1.082536    0.875000    0.875000
  1268    1.082536    0.875000    0.875000
  1269    1.082536    0.875000    0.875000
  1270    1.082536    0.875000    0.875000
  1271    1.082536    0.875000    0.875000
  1272    1.082536    0.875000    0.875000
  1273    1.082536    0.875000    0.875000
  1274    1.082536    0.875000    0.875000
  1275    1.082536    0.875000    0.875000
  1276    1.082536    0.875000    0.875000
  1277    1.082536    0.875000    0.875000
  1278    1.082536    0.875000    0.875000
  1279    1.082536    0.875000    0.875000
  1280    1.082536    0.875000    0.875000
  1281    1.082536    0.875000    0.875000
  1282    1.082536    0.875000    0.875000
  1283    1.082536    0.875000    0.875000
  1284    1.082536    0.875000    0.875000
  1285    1.082536    0.875000    0.875000
  1286    1.082536    0.875000    0.875000
  1287    1.082536    0.875000    0.875000
  1288    1.082536    0.875000    0.875000
  1289    1.082536    0.875000    0.875000
  1290    1.082536    0.875000    0.875000
  1291    1.082536    0.875000    0.875000
  1292    1.082536    0.875000    0.875000
  1293    1.082536    0.875000    0.875000
  1294    1.082536    0.875000    0.875000
  1295    1.082536    0.875000    0.875000
  1296    1.082536    0.875000    0.875000
  1297    1.082536    0.875000    0.875000
  1298    1.082536    0.875000    0.875000
  1299    1.082536    0.875000    0.875000
  1300    1.082536    0.875000    0.875000
  1301    1.082536    0.875000    0.875000
  1302    1.082536    0.875000    0.875000
  1303    1.082536    0.875000    0.875000
  1304    1.082536    0.875000    0.875000
  1305    1.082536    0.875000    0.875000
  1306    1.082536    0.875000    0.875000
  1307    1.082536    0.875000    0.875000
  1308    1.082536    0.875000    0.875000
  1309    1.082536    0.875000    0.875000
  1310    1.082536    0.875000    0.875000
  1311    1.082536    0.875000    0.875000
  1312    1.082536    0.875000    0.875000
  1313    1.082536    0.875000    0.875000
  1314    1.082536    0.875000    0.875000
  1315    1.082536    0.875000    0.875000
  1316    1.082536    0.875000    0.875000
  1317    1.082536    0.875000    0.875000
  1318    1.082536    0.875000    0.875000
  1319    1.082536    0.875000    0.875000
  1320    1.082536    0.875000    0.875000
  1321    1.082536    0.875000    0.875000
  1322    1.082536    0.875000    0.875000
  1323    1.082536    0.875000    0.875000
  1324    1.082536    0.875000    0.875000
  1325    1.082536    0.875000    0.875000
  1326    1.082536    0.875000    0.875000
  1327    1.082536    0.875000    0.875000
  1328    1.082536    0.875000    0.875000
  1329    1.082536    0.875000    0.875000
  1330    1.082536    0.875000    0.875000
  1331    1.082536    0.875000    0.875000
  1332    1.082536    0.875000    0.875000
  1333    1.082536    0.875000    0.875000
  1334    1.082536    0.875000    0.875000
  1335    1.082536    0.875000    0.875000
  1336    1.082536    0.875000    0.875000
  1337    1.082536    0.875000    0.875000
  1338    1.082536    0.875000    0.875000
  1339    1.082536    0.875000    0.875000
  1340    1.082536    0.875000    0.875000
  1341    1.082536    0.875000    0.875000
  1342    1.082536    0.875000    0.875000
  1343    1.082536    0.875000    0.875000
  1344    1.082536    0.875000    0.875000
  1345    1.082536    0.875000    0.875000
  1346    1.082536    0.875000    0.875000
  1347    1.082536    0.875000    0.875000
  1348    1.082536    0.875000    0.875000
  1349    1.082536    0.875000    0.875000
  1350    1.082536    0.875000    0.875000
  1351    1.082536    0.875000    0.875000
  1352    1.082536    0.875000    0.875000
  1353    1.082536    0.875000    0.875000
  1354    1.082536    0.875000    0.875000
  1355    1.082536    0.875000    0.875000
  1356    1.082536    0.875000    0.875000
  1357    1.082536    0.875000    0.875000
  1358    1.082536    0.875000    0.875000
  1359    1.082536    0.875000    0.875000
  1360    1.082536    0.875000    0.875000
  1361    1.082536    0.875000    0.875000
  1362    1.082536    0.875000    0.875000
  1363    1.082536    0.875000    0.875000
  1364    1.082536    0.875000    0.875000
  1365    1.082536    0.875000    0.875000
  1366    1.082536    0.875000    0.875000
  1367    1.082536    0.875000    0.875000
  1368    1.082536    0.875000    0.875000
  1369    1.082536    0.875000    0.875000
  1370    1.082536    0.875000    0.875000
  1371    1.082536    0.875000    0.875000
  1372    1.082536    0.875000    0.875000
  1373    1.082536    0.875000    0.875000
  1374    1.082536    0.875000    0.875000
  1375    1.082536    0.875000    0.875000
  1376    1.082536    0.875000    0.875000
  1377    1.082536    0.875000    0.875000
  1378    1.082536    0.875000    0.875000
  1379    1.082536    0.875000    0.875000
  1380    1.082536    0.875000    0.875000
  1381    1.082536    0.875000    0.875000
  1382    1.082536    0.875000    0.875000
  1383    1.082536    0.875000    0.875000
  1384    1.082536    0.875000    0.875000
  1385    1.082536    0.875000    0.875000
  1386    1.082536    0.875000    0.875000
  1387    1.082536    0.875000    0.875000
  1388    1.082536    0.875000    0.875000
  1389    1.082536    0.875000    0.875000
  1390    1.082536    0.875000    0.875000
  1391    1.082536    0.875000    0.875000
  1392    1.082536    0.875000    0.875000
  1393    1.082536    0.875000    0.875000
  1394    1.082536    0.875000    0.875000
  1395    1.082536    0.875000    0.875000
  1396    1.082536    0.875000    0.875000
  1397    1.082536    0.875000    0.875000
  1398    1.082536    0.875000    0.875000
  1399    1.082536    0.875000    0.875000
  1400    1.082536    0.875000    0.875000
  1401    1.082536    0.875000    0.875000
  1402    1.082536    0.875000    0.875000
  1403    1.082536    0.875000    0.875000
  1404    1.082536    0.875000    0.875000
  1405    1.082536    0.875000    0.875000
  1406    1.082536    0.875000    0.875000
  1407    1.082536    0.875000    0.875000
  1408    1.082536    0.875000    0.875000
  1409    1.082536    0.875000    0.875000
  1410    1.082536    0.875000    0.875000
  1411    1.082536    0.875000    0.875000
  1412    1.082536    0.875000    0.875000
  1413    1.082536    0.875000    0.875000
  1414    1.082536    0.875000    0.875000
  1415    1.082536    0.875000    0.875000
  1416    1.082536    0.875000    0.875000
  1417    1.082536    0.875000    0.875000
  1418    1.082536    0.875000    0.875000
  1419    1.082536    0.875000    0.875000
  1420    1.082536    0.875000    0.875000
  1421    1.082536    0.875000    0.875000
  1422    1.082536    0.875000    0.875000
  1423    1.082536    0.875000    0.875000
  1424    1.082536    0.875000    0.875000
  1425    1.082536    0.875000    0.875000
  1426    1.082536    0.875000    0.875000
  1427    1.082536    0.875000    0.875000
  1428    1.082536    0.875000    0.875000
  1429    1.082536    0.875000    0.875000
  1430    1.082536    0.875000    0.875000
  1431    1.082536    0.875000    0.875000
  1432    1.082536    0.875000    0.875000
  1433    1.082536    0.875000    0.875000
  1434    1.082536    0.875000    0.875000
  1435    1.082536    0.875000    0.875000
  1436    1.082536    0.875000    0.875000
  1437    1.082536    0.875000    0.875000
  1438    1.082536    0.875000    0.875000
  1439    1.082536    0.875000    0.875000
  1440    1.082536    0.875000    0.875000
  1441    1.082536    0.875000    0.875000
  1442    1.082536    0.875000    0.875000
  1443    1.082536    0.875000    0.875000
  1444    1.082536    0.875000    0.875000
  1445    1.082536    0.875000    0.875000
  1446    1.082536    0.875000    0.875000
  1447    1.082536    0.875000    0.875000
  1448    1.082536    0.875000    0.875000
  1449    1.082536    0.875000    0.875000
  1450    1.082536    0.875000    0.875000
  1451    1.082536    0.875000    0.875000
  1452    1.082536    0.875000    0.875000
  1453    1.082536    0.875000    0.875000
  1454    1.082536    0.875000    0.875000
  1455    1.082536    0.875000    0.875000
  1456    1.082536    0.875000    0.875000
  1457    1.082536    0.875000    0.875000
  1458    1.082536    0.875000    0.875000
  1459    1.082536    0.875000    0.875000
  1460    1.082536    0.875000    0.875000
  1461    1.082536    0.875000    0.875000
  1462    1.082536    0.875000    0.875000
  1463    1.082536    0.875000    0.875000
  1464    1.082536    0.875000    0.875000
  1465    1.082536    0.875000    0.875000
  1466    1.082536    0.875000    0.875000
  1467    1.082536    0.875000    0.875000
  1468    1.082536    0.875000    0.875000
  1469    1.082536    0.875000    0.875000
  1470    1.082536    0.875000    0.875000
  1471    1.082536    0.875000    0.875000
  1472    1.082536    0.875000    0.875000
  1473    1.082536    0.875000    0.875000
  1474    1.082536    0.875000    0.875000
  1475    1.082536    0.875000    0.875000
  1476    1.082536    0.875000    0.875000
  1477    1.082536    0.875000    0.875000
  1478    1.082536    0.875000    0.875000
  1479    1.082536    0.875000    0.875000
  1480    1.082536    0.875000    0.875000
  1481    1.082536    0.875000    0.875000
  1482    1.082536    0.875000    0.875000
  1483    1.082536    0.875000    0.875000
  1484    1.082536    0.875000    0.875000
  1485    1.082536    0.875000    0.875000
  1486    1.082536    0.875000    0.875000
  1487    1.082536    0.875000    0.875000
  1488    1.082536    0.875000    0.875000
  1489    1.082536    0.875000    0.875000
  1490    1.082536    0.875000    0.875000
  1491    1.082536    0.875000    0.875000
  1492    1.082536    0.875000    0.875000
  1493    1.082536    0.875000    0.875000
  1494    1.082536    0.875000    0.875000
  1495    1.082536    0.875000    0.875000
  1496    1.082536    0.875000    0.875000
  1497    1.082536    0.875000    0.875000
  1498    1.082536    0.875000    0.875000
  1499    1.082536    0.875000    0.875000
  1500    1.082536    0.875000    0.875000
  1501    1.082536    0.875000    0.875000
  1502    1.082536    0.875000    0.875000
  1503    1.082536    0.875000    0.875000
  1504    1.082536    0.875000    0.875000
  1505    1.082536    0.875000    0.875000
  1506    1.082536    0.875000    0.875000
  1507    1.082536    0.875000    0.875000
  1508    1.082536    0.875000    0.875000
  1509    1.082536    0.875000    0.875000
  1510    1.082536    0.875000    0.875000
  1511    1.082536    0.875000    0.875000
  1512    1.082536    0.875000    0.875000
  1513    1.082536    0.875000    0.875000
  1514    1.082536    0.875000    0.875000
  1515    1.082536    0.875000    0.875000
  1516    1.082536    0.875000    0.875000
  1517    1.082536    0.875000    0.875000
  1518    1.082536    0.875000    0.875000
  1519    1.082536    0.875000    0.875000
  1520    1.082536    0.875000    0.875000
  1521    1.082536    0.875000    0.875000
  1522    1.082536    0.875000    0.875000
  1523    1.082536    0.875000    0.875000
  1524    1.082536    0.875000    0.875000
  1525    1.082536    0.875000    0.875000
  1526    1.082536    0.875000    0.875000
  1527    1.082536    0.875000    0.875000
  1528    1.082536    0.875000    0.875000
  1529    1.082536    0.875000    0.875000
  1530    1.082536    0.875000    0.875000
  1531    1.082536    0.875000    0.875000
  1532    1.082536    0.875000    0.875000
  1533    1.082536    0.875000    0.875000
  1534    1.082536    0.875000    0.875000
  1535    1.082536    0.875000    0.875000
  1536    1.082536    0.875000    0.875000
  1537    1.082536    0.875000    0.875000
  1538    1.082536    0.875000    0.875000
  1539    1.082536    0.875000    0.875000
  1540    1.082536    0.875000    0.875000
  1541    1.082536    0.875000    0.875000
  1542    1.082536    0.875000    0.875000
  1543    1.082536    0.875000    0.875000
  1544    1.082536    0.875000    0.875000
  1545    1.082536    0.875000    0.875000
  1546    1.082536    0.875000    0.875000
  1547    1.082536    0.875000    0.875000
  1548    1.082536    0.875000    0.875000
  1549    1.082536    0.875000    0.875000
  1550    1.082536    0.875000    0.875000
  1551    1.082536    0.875000    0.875000
  1552    1.082536    0.875000    0.875000
  1553    1.082536    0.875000    0.875000
  1554    1.082536    0.875000    0.875000
  1555    1.082536    0.875000    0.875000
  1556    1.082536    0.875000    0.875000
  1557    1.082536    0.875000    0.875000
  1558    1.082536    0.875000    0.875000
  1559    1.082536    0.875000    0.875000
  1560    1.082536    0.875000    0.875000
  1561    1.082536    0.875000    0.875000
  1562    1.082536    0.875000    0.875000
  1563    1.082536    0.875000    0.875000
  1564    1.082536    0.875000    0.875000
  1565    1.082536    0.875000    0.875000
  1566    1.082536    0.875000    0.875000
  1567    1.082536    0.875000    0.875000
  1568    1.082536    0.875000    0.875000
  1569    1.082536    0.875000    0.875000
  1570    1.082536    0.875000    0.875000
  1571    1.082536    0.875000    0.875000
  1572    1.082536    0.875000    0.875000
  1573    1.082536    0.875000    0.875000
  1574    1.082536    0.875000    0.875000
  1575    1.082536    0.875000    0.875000
  1576    1.082536    0.875000    0.875000
  1577    1.082536    0.875000    0.875000
  1578    1.082536    0.875000    0.875000
  1579    1.082536    0.875000    0.875000
  1580    1.082536    0.875000    0.875000
  1581    1.082536    0.875000    0.875000
  1582    1.082536    0.875000    0.875000
  1583    1.082536    0.875000    0.875000
  1584    1.082536    0.875000    0.875000
  1585    1.082536    0.875000    0.875000
  1586    1.082536    0.875000    0.875000
  1587    1.082536    0.875000    0.875000
  1588    1.082536    0.875000    0.875000
  1589    1.082536    0.875000    0.875000
  1590    1.082536    0.875000    0.875000
  1591    1.082536    0.875000    0.875000
  1592    1.082536    0.875000    0.875000
  1593    1.082536    0.875000    0.875000
  1594    1.082536    0.875000    0.875000
  1595    1.082536    0.875000    0.875000
  1596    1.082536    0.875000    0.875000
  1597    1.082536    0.875000    0.875000
  1598    1.082536    0.875000    0.875000
  1599    1.082536    0.875000    0.875000
  1600    1.082536    0.875000    0.875000
  1601    1.082536    0.875000    0.875000
  1602    1.082536    0.875000    0.875000
  1603    1.082536    0.875000    0.875000
  1604    1.082536    0.875000    0.875000
  1605    1.082536    0.875000    0.875000
  1606    1.082536    0.875000    0.875000
  1607    1.082536    0.875000    0.875000
  1608    1.082536    0.875000    0.875000
  1609    1.082536    0.875000    0.875000
  1610    1.082536    0.875000    0.875000
  1611    1.082536    0.875000    0.875000
  1612    1.082536    0.875000    0.875000
  1613    1.082536    0.875000    0.875000
  1614    1.082536    0.875000    0.875000
  1615    1.082536    0.875000    0.875000
  1616    1.082536    0.875000    0.875000
  1617    1.082536    0.875000    0.875000
  1618    1.082536    0.875000    0.875000
  1619    1.082536    0.875000    0.875000
  1620    1.082536    0.875000    0.875000
  1621    1.082536    0.875000    0.875000
  1622    1.082536    0.875000    0.875000
  1623    1.082536    0.875000    0.875000
  1624    1.082536    0.875000    0.875000
  1625    1.082536    0.875000    0.875000
  1626    1.082536    0.875000    0.875000
  1627    1.082536    0.875000    0.875000
  1628    1.082536    0.875000    0.875000
  1629    1.082536    0.875000    0.875000
  1630    1.082536    0.875000    0.875000
  1631    1.082536    0.875000    0.875000
  1632    1.082536    0.875000    0.875000
  1633    1.082536    0.875000    0.875000
  1634    1.082536    0.875000    0.875000
  1635    1.082536    0.875000    0.875000
  1636    1.082536    0.875000    0.875000
  1637    1.082536    0.875000    0.875000
  1638    1.082536    0.875000    0.875000
  1639    1.082536    0.875000    0.875000
  1640    1.082536    0.875000    0.875000
  1641    1.082536    0.875000    0.875000
  1642    1.082536    0.875000    0.875000
  1643    1.082536    0.875000    0.875000
  1644    1.082536    0.875000    0.875000
  1645    1.082536    0.875000    0.875000
  1646    1.082536    0.875000    0.875000
  1647    1.082536    0.875000    0.875000
  1648    1.082536    0.875000    0.875000
  1649    1.082536    0.875000    0.875000
  1650    1.082536    0.875000    0.875000
  1651    1.082536    0.875000    0.875000
  1652    1.082536    0.875000    0.875000
  1653    1.082536    0.875000    0.875000
  1654    1.082536    0.875000    0.875000
  1655    1.082536    0.875000    0.875000
  1656    1.082536    0.875000    0.875000
  1657    1.082536    0.875000    0.875000
  1658    1.082536    0.875000    0.875000
  1659    1.082536    0.875000    0.875000
  1660    1.082536    0.875000    0.875000
  1661    1.082536    0.875000    0.875000
  1662    1.082536    0.875000    0.875000
  1663    1.082536    0.875000    0.875000
  1664    1.082536    0.875000    0.875000
  1665    1.082536    0.875000    0.875000
  1666    1.082536    0.875000    0.875000
  1667    1.082536    0.875000    0.875000
  1668    1.082536    0.875000    0.875000
  1669    1.082536    0.875000    0.875000
  1670    1.082536    0.875000    0.875000
  1671    1.082536    0.875000    0.875000
  1672    1.082536    0.875000    0.875000
  1673    1.082536    0.875000    0.875000
  1674    1.082536    0.875000    0.875000
  1675    1.082536    0.875000    0.875000
  1676    1.082536    0.875000    0.875000
  1677    1.082536    0.875000    0.875000
  1678    1.082536    0.875000    0.875000
  1679    1.082536    0.875000    0.875000
  1680    1.082536    0.875000    0.875000
  1681    1.082536    0.875000    0.875000
  1682    1.082536    0.875000    0.875000
  1683    1.082536    0.875000    0.875000
  1684    1.082536    0.875000    0.875000
  1685    1.082536    0.875000    0.875000
  1686    1.082536    0.875000    0.875000
  1687    1.082536    0.875000    0.875000
  1688    1.082536    0.875000    0.875000
  1689    1.082536    0.875000    0.875000
  1690    1.082536    0.875000    0.875000
  1691    1.082536    0.875000    0.875000
  1692    1.082536    0.875000    0.875000
  1693    1.082536    0.875000    0.875000
  1694    1.082536    0.875000    0.875000
  1695    1.082536    0.875000    0.875000
  1696    1.082536    0.875000    0.875000
  1697    1.082536    0.875000    0.875000
  1698    1.082536    0.875000    0.875000
  1699    1.082536    0.875000    0.875000
  1700    1.082536    0.875000    0.875000
  1701    1.082536    0.875000    0.875000
  1702    1.082536    0.875000    0.875000
  1703    1.082536    0.875000    0.875000
  1704    1.082536    0.875000    0.875000
  1705    1.082536    0.875000    0.875000
  1706    1.082536    0.875000    0.875000
  1707    1.082536    0.875000    0.875000
  1708    1.082536    0.875000    0.875000
  1709    1.082536    0.875000    0.875000
  1710    1.082536    0.875000    0.875000
  1711    1.082536    0.875000    0.875000
  1712    1.082536    0.875000    0.875000
  1713    1.082536    0.875000    0.875000
  1714    1.082536    0.875000    0.875000
  1715    1.082536    0.875000    0.875000
  1716    1.082536    0.875000    0.875000
  1717    1.082536    0.875000    0.875000
  1718    1.082536    0.875000    0.875000
  1719    1.082536    0.875000    0.875000
  1720    1.082536    0.875000    0.875000
  1721    1.082536    0.875000    0.875000
  1722    1.082536    0.875000    0.875000
  1723    1.082536    0.875000    0.875000
  1724    1.082536    0.875000    0.875000
  1725    1.082536    0.875000    0.875000
  1726    1.082536    0.875000    0.875000
  1727    1.082536    0.875000    0.875000
  1728    1.082536    0.875000    0.875000
  1729    1.082536    0.875000    0.875000
  1730    1.082536    0.875000    0.875000
  1731    1.082536    0.875000    0.875000
  1732    1.082536    0.875000    0.875000
  1733    1.082536    0.875000    0.875000
  1734    1.082536    0.875000    0.875000
  1735    1.082536    0.875000    0.875000
  1736    1.082536    0.875000    0.875000
  1737    1.082536    0.875000    0.875000
  1738    1.082536    0.875000    0.875000
  1739    1.082536    0.875000    0.875000
  1740    1.082536    0.875000    0.875000
  1741    1.082536    0.875000    0.875000
  1742    1.082536    0.875000    0.875000
  1743    1.082536    0.875000    0.875000
  1744    1.082536    0.875000    0.875000
  1745    1.082536    0.875000    0.875000
  1746    1.082536    0.875000    0.875000
  1747    1.082536    0.875000    0.875000
  1748    1.082536    0.875000    0.875000
  1749    1.082536    0.875000    0.875000
  1750    1.082536    0.875000    0.875000
  1751    1.082536    0.875000    0.875000
  1752    1.082536    0.875000    0.875000
  1753    1.082536    0.875000    0.875000
  1754    1.082536    0.875000    0.875000
  1755    1.082536    0.875000    0.875000
  1756    1.082536    0.875000    0.875000
  1757    1.082536    0.875000    0.875000
  1758    1.082536    0.875000    0.875000
  1759    1.082536    0.875000    0.875000
  1760    1.082536    0.875000    0.875000
  1761    1.082536    0.875000    0.875000
  1762    1.082536    0.875000    0.875000
  1763    1.082536    0.875000    0.875000
  1764    1.082536    0.875000    0.875000
  1765    1.082536    0.875000    0.875000
  1766    1.082536    0.875000    0.875000
  1767    1.082536    0.875000    0.875000
  1768    1.082536    0.875000    0.875000
  1769    1.082536    0.875000    0.875000
  1770    1.082536    0.875000    0.875000
  1771    1.082536    0.875000    0.875000
  1772    1.082536    0.875000    0.875000
  1773    1.082536    0.875000    0.875000
  1774    1.082536    0.875000    0.875000
  1775    1.082536    0.875000    0.875000
  1776    1.082536    0.875000    0.875000
  1777    1.082536    0.875000    0.875000
  1778    1.082536    0.875000    0.875000
  1779    1.082536    0.875000    0.875000
  1780    1.082536    0.875000    0.875000
  1781    1.082536    0.875000    0.875000
  1782    1.082536    0.875000    0.875000
  1783    1.082536    0.875000    0.875000
  1784    1.082536    0.875000    0.875000
  1785    1.082536    0.875000    0.875000
  1786    1.082536    0.875000    0.875000
  1787    1.082536    0.875000    0.875000
  1788    1.082536    0.875000    0.875000
  1789    1.082536    0.875000    0.875000
  1790    1.082536    0.875000    0.875000
  1791    1.082536    0.875000    0.875000
  1792    1.082536    0.875000    0.875000
  1793    1.082536    0.875000    0.875000
  1794    1.082536    0.875000    0.875000
  1795    1.082536    0.875000    0.875000
  1796    1.082536    0.875000    0.875000
  1797    1.082536    0.875000    0.875000
  1798    1.082536    0.875000    0.875000
  1799    1.082536    0.875000    0.875000
  1800    1.082536    0.875000    0.875000
  1801    1.082536    0.875000    0.875000
  1802    1.082536    0.875000    0.875000
  1803    1.082536    0.875000    0.875000
  1804    1.082536    0.875000    0.875000
  1805    1.082536    0.875000    0.875000
  1806    1.082536    0.875000    0.875000
  1807    1.082536    0.875000    0.875000
  1808    1.082536    0.875000    0.875000
  1809    1.082536    0.875000    0.875000
  1810    1.082536    0.875000    0.875000
  1811    1.082536    0.875000    0.875000
  1812    1.082536    0.875000    0.875000
  1813    1.082536    0.875000    0.875000
  1814    1.082536    0.875000    0.875000
  1815    1.082536    0.875000    0.875000
  1816    1.082536    0.875000    0.875000
  1817    1.082536    0.875000    0.875000
  1818    1.082536    0.875000    0.875000
  1819    1.082536    0.875000    0.875000
  1820    1.082536    0.875000    0.875000
  1821    1.082536    0.875000    0.875000
  1822    1.082536    0.875000    0.875000
  1823    1.082536    0.875000    0.875000
  1824    1.082536    0.875000    0.875000
  1825    1.082536    0.875000    0.875000
  1826    1.082536    0.875000    0.875000
  1827    1.082536    0.875000    0.875000
  1828    1.082536    0.875000    0.875000
  1829    1.082536    0.875000    0.875000
  1830    1.082536    0.875000    0.875000
  1831    1.082536    0.875000    0.875000
  1832    1.082536    0.875000    0.875000
  1833    1.082536    0.875000    0.875000
  1834    1.082536    0.875000    0.875000
  1835    1.082536    0.875000    0.875000
  1836    1.082536    0.875000    0.875000
  1837    1.082536    0.875000    0.875000
  1838    1.082536    0.875000    0.875000
  1839    1.082536    0.875000    0.875000
  1840    1.082536    0.875000    0.875000
  1841    1.082536    0.875000    0.875000
  1842    1.082536    0.875000    0.875000
  1843    1.082536    0.875000    0.875000
  1844    1.082536    0.875000    0.875000
  1845    1.082536    0.875000    0.875000
  1846    1.082536    0.875000    0.875000
  1847    1.082536    0.875000    0.875000
  1848    1.082536    0.875000    0.875000
  1849    1.082536    0.875000    0.875000
  1850    1.082536    0.875000    0.875000
  1851    1.082536    0.875000    0.875000
  1852    1.082536    0.875000    0.875000
  1853    1.082536    0.875000    0.875000
  1854    1.082536    0.875000    0.875000
  1855    1.082536    0.875000    0.875000
  1856    1.082536    0.875000    0.875000
  1857    1.082536    0.875000    0.875000
  1858    1.082536    0.875000    0.875000
  1859    1.082536    0.875000    0.875000
  1860    1.082536    0.875000    0.875000
  1861    1.082536    0.875000    0.875000
  1862    1.082536    0.875000    0.875000
  1863    1.082536    0.875000    0.875000
  1864    1.082536    0.875000    0.875000
  1865    1.082536    0.875000    0.875000
  1866    1.082536    0.875000    0.875000
  1867    1.082536    0.875000    0.875000
  1868    1.082536    0.875000    0.875000
  1869    1.082536    0.875000    0.875000
  1870    1.082536    0.875000    0.875000
  1871    1.082536    0.875000    0.875000
  1872    1.082536    0.875000    0.875000
  1873    1.082536    0.875000    0.875000
  1874    1.082536    0.875000    0.875000
  1875    1.082536    0.875000    0.875000
  1876    1.082536    0.875000    0.875000
  1877    1.082536    0.875000    0.875000
  1878    1.082536    0.875000    0.875000
  1879    1.082536    0.875000    0.875000
  1880    1.082536    0.875000    0.875000
  1881    1.082536    0.875000    0.875000
  1882    1.082536    0.875000    0.875000
  1883    1.082536    0.875000    0.875000
  1884    1.082536    0.875000    0.875000
  1885    1.082536    0.875000    0.875000
  1886    1.082536    0.875000    0.875000
  1887    1.082536    0.875000    0.875000
  1888    1.082536    0.875000    0.875000
  1889    1.082536    0.875000    0.875000
  1890    1.082536    0.875000    0.875000
  1891    1.082536    0.875000    0.875000
  1892    1.082536    0.875000    0.875000
  1893    1.082536    0.875000    0.875000
  1894    1.082536    0.875000    0.875000
  1895    1.082536    0.875000    0.875000
  1896    1.082536    0.875000    0.875000
  1897    1.082536    0.875000    0.875000
  1898    1.082536    0.875000    0.875000
  1899    1.082536    0.875000    0.875000
  1900    1.082536    0.875000    0.875000
  1901    1.082536    0.875000    0.875000
  1902    1.082536    0.875000    0.875000
  1903    1.082536    0.875000    0.875000
  1904    1.082536    0.875000    0.875000
  1905    1.082536    0.875000    0.875000
  1906    1.082536    0.875000    0.875000
  1907    1.082536    0.875000    0.875000
  1908    1.082536    0.875000    0.875000
  1909    1.082536    0.875000    0.875000
  1910    1.082536    0.875000    0.875000
  1911    1.082536    0.875000    0.875000
  1912    1.082536    0.875000    0.875000
  1913    1.082536    0.875000    0.875000
  1914    1.082536    0.875000    0.875000
  1915    1.082536    0.875000    0.875000
  1916    1.082536    0.875000    0.875000
  1917    1.082536    0.875000    0.875000
  1918    1.082536    0.875000    0.875000
  1919    1.082536    0.875000    0.875000
  1920    1.082536    0.875000    0.875000
  1921    1.082536    0.875000    0.875000
  1922    1.082536    0.875000    0.875000
  1923    1.082536    0.875000    0.875000
  1924    1.082536    0.875000    0.875000
  1925    1.082536    0.875000    0.875000
  1926    1.082536    0.875000    0.875000
  1927    1.082536    0.875000    0.875000
  1928    1.082536    0.875000    0.875000
  1929    1.082536    0.875000    0.875000
  1930    1.082536    0.875000    0.875000
  1931    1.082536    0.875000    0.875000
  1932    1.082536    0.875000    0.875000
  1933    1.082536    0.875000    0.875000
  1934    1.082536    0.875000    0.875000
  1935    1.082536    0.875000    0.875000
  1936    1.082536    0.875000    0.875000
  1937    1.082536    0.875000    0.875000
  1938    1.082536    0.875000    0.875000
  1939    1.082536    0.875000    0.875000
  1940    1.082536    0.875000    0.875000
  1941    1.082536    0.875000    0.875000
  1942    1.082536    0.875000    0.875000
  1943    1.082536    0.875000    0.875000
  1944    1.082536    0.875000    0.875000
  1945    1.082536    0.875000    0.875000
  1946    1.082536    0.875000    0.875000
  1947    1.082536    0.875000    0.875000
  1948    1.082536    0.875000    0.875000
  1949    1.082536    0.875000    0.875000
  1950    1.082536    0.875000    0.875000
  1951    1.082536    0.875000    0.875000
  1952    1.082536    0.875000    0.875000
  1953    1.082536    0.875000    0.875000
  1954    1.082536    0.875000    0.875000
  1955    1.082536    0.875000    0.875000
  1956    1.082536    0.875000    0.875000
  1957    1.082536    0.875000    0.875000
  1958    1.082536    0.875000    0.875000
  1959    1.082536    0.875000    0.875000
  1960    1.082536    0.875000    0.875000
  1961    1.082536    0.875000    0.875000
  1962    1.082536    0.875000    0.875000
  1963    1.082536    0.875000    0.875000
  1964    1.082536    0.875000    0.875000
  1965    1.082536    0.875000    0.875000
  1966    1.082536    0.875000    0.875000
  1967    1.082536    0.875000    0.875000
  1968    1.082536    0.875000    0.875000
  1969    1.082536    0.875000    0.875000
  1970    1.082536    0.875000    0.875000
  1971    1.082536    0.875000    0.875000
  1972    1.082536    0.875000    0.875000
  1973    1.082536    0.875000    0.875000
  1974    1.082536    0.875000    0.875000
  1975    1.082536    0.875000    0.875000
  1976    1.082536    0.875000    0.875000
  1977    1.082536    0.875000    0.875000
  1978    1.082536    0.875000    0.875000
  1979    1.082536    0.875000    0.875000
  1980    1.082536    0.875000    0.875000
  1981    1.082536    0.875000    0.875000
  1982    1.082536    0.875000    0.875000
  1983    1.082536    0.875000    0.875000
  1984    1.082536    0.875000    0.875000
  1985    1.082536    0.875000    0.875000
  1986    1.082536    0.875000    0.875000
  1987    1.082536    0.875000    0.875000
  1988    1.082536    0.875000    0.875000
  1989    1.082536    0.875000    0.875000
  1990    1.082536    0.875000    0.875000
  1991    1.082536    0.875000    0.875000
  1992    1.082536    0.875000    0.875000
  1993    1.082536    0.875000    0.875000
  1994    1.082536    0.875000    0.875000
  1995    1.082536    0.875000    0.875000
  1996    1.082536    0.875000    0.875000
  1997    1.082536    0.875000    0.875000
  1998    1.082536    0.875000    0.875000
  1999    1.082536    0.875000    0.875000
  2000    1.082536    0.875000    0.875000
