     1 -0.884237169856
     2 -1.015267162207
     3 -1.070378429687
     4 -1.047782791807
     5 -1.029085323028
     6 -1.019997268366
     7 -1.013343184399
     8 -1.008272729404
     9 -1.004337349545
    10 -1.001179495357
    11 -0.999137716735
    12 -0.998760066958
    13 -1.000081189330
    14 -1.002196683833
    15 -1.004275722124
    16 -1.006019805785
    17 -1.007380210786
    18 -1.008411538411
    19 -1.009192332592
    20 -1.009790438596
    21 -1.010256467581
    22 -1.010626369460
    23 -1.010925345473
    24 -1.011171060483
    25 -1.011376044592
    26 -1.011549259189
    27 -1.011697276451
    28 -1.011824984904
    29 -1.011936060726
    30 -1.012033390580
    31 -1.012119199645
    32 -1.012195261495
    33 -1.012263039272
    34 -1.012323685939
    35 -1.012378190115
    36 -1.012427346654
    37 -1.012471814590
    38 -1.012512197319
    39 -1.012548961799
    40 -1.012582522058
    41 -1.012613233899
    42 -1.012641404622
    43 -1.012667289238
    44 -1.012691143976
    45 -1.012713159799
    46 -1.012733515248
    47 -1.012752367681
    48 -1.012769856246
    49 -1.012786104376
    50 -1.012801221888
    51 -1.146111017873
    52 -0.993416271153
    53 -0.999732028948
    54 -1.006699984593
    55 -1.009900655130
    56 -1.011317674378
    57 -1.011962719040
    58 -1.012275807803
    59 -1.012441625577
    60 -1.012538599896
    61 -1.012601286366
    62 -1.012645589413
    63 -1.012679288653
    64 -1.012706394329
    65 -1.012729106793
    66 -1.012748707822
    67 -1.012765987717
    68 -1.012781459717
    69 -1.012795472932
    70 -1.012808274750
    71 -1.012820046949
    72 -1.012830927488
    73 -1.012841024150
    74 -1.012850423356
    75 -1.012859196021
    76 -1.012867393459
    77 -1.012875082644
    78 -1.012882299038
    79 -1.012889080993
    80 -1.012895462454
    81 -1.012901473728
    82 -1.012907142063
    83 -1.012912492097
    84 -1.012917546217
    85 -1.012922324838
    86 -1.012926846640
    87 -1.012931128763
    88 -1.012935186967
    89 -1.012939035772
    90 -1.012942688581
    91 -1.012946157782
    92 -1.012949454841
    93 -1.012952590384
    94 -1.012955574271
    95 -1.012958415660
    96 -1.012961123062
    97 -1.012963704399
    98 -1.012966167050
    99 -1.012968517892
   100 -1.012970763339
   101 -1.119899195744
   102 -1.016408500759
   103 -1.003042623188
   104 -1.008493502860
   105 -1.010888499020
   106 -1.011944438522
   107 -1.012428931108
   108 -1.012661054826
   109 -1.012778453486
   110 -1.012841907150
   111 -1.012878862215
   112 -1.012902080635
   113 -1.012917737694
   114 -1.012928984972
   115 -1.012937479560
   116 -1.012944192148
   117 -1.012949695649
   118 -1.012954349116
   119 -1.012958386083
   120 -1.012961962958
   121 -1.012965186962
   122 -1.012968133027
   123 -1.012970854419
   124 -1.012973389639
   125 -1.012975766995
   126 -1.012978007684
   127 -1.012980127898
   128 -1.012982140278
   129 -1.012984054910
   130 -1.012985880031
   131 -1.012987622517
   132 -1.012989288226
   133 -1.012990882246
   134 -1.012992409069
   135 -1.012993872710
   136 -1.012995276808
   137 -1.012996624683
   138 -1.012997919391
   139 -1.012999163763
   140 -1.013000360426
   141 -1.013001511837
   142 -1.013002620292
   143 -1.013003687945
   144 -1.013004716821
   145 -1.013005708822
   146 -1.013006665744
   147 -1.013007589278
   148 -1.013008481020
   149 -1.013009342478
   150 -1.013010175078
   151 -1.133491076425
   152 -1.003313007318
   153 -0.994229817965
   154 -1.003885091410
   155 -1.008419180576
   156 -1.010706187585
   157 -1.011840125166
   158 -1.012391397982
   159 -1.012657606815
   160 -1.012787522537
   161 -1.012852855957
   162 -1.012887345201
   163 -1.012906809222
   164 -1.012918703651
   165 -1.012926625823
   166 -1.012932330381
   167 -1.012936743854
   168 -1.012940359111
   169 -1.012943454311
   170 -1.012946193839
   171 -1.012948679036
   172 -1.012950974736
   173 -1.012953123750
   174 -1.012955155133
   175 -1.012957089084
   176 -1.012958939972
   177 -1.012960718250
   178 -1.012962431701
   179 -1.012964086268
   180 -1.012965686601
   181 -1.012967236441
   182 -1.012968738877
   183 -1.012970196522
   184 -1.012971611641
   185 -1.012972986234
   186 -1.012974322103
   187 -1.012975620888
   188 -1.012976884105
   189 -1.012978113165
   190 -1.012979309391
   191 -1.012980474030
   192 -1.012981608262
   193 -1.012982713210
   194 -1.012983789939
   195 -1.012984839469
   196 -1.012985862771
   197 -1.012986860775
   198 -1.012987834371
   199 -1.012988784412
   200 -1.012989711712
   201 -1.107860945994
   202 -0.994015511551
   203 -1.002518857306
   204 -1.008159934584
   205 -1.010730644071
   206 -1.011893142633
   207 -1.012429104739
   208 -1.012681800923
   209 -1.012804633808
   210 -1.012866850693
   211 -1.012900158559
   212 -1.012919247284
   213 -1.012931103429
   214 -1.012939114916
   215 -1.012944978963
   216 -1.012949577656
   217 -1.012953389080
   218 -1.012956684264
   219 -1.012959623914
   220 -1.012962307401
   221 -1.012964798493
   222 -1.012967139428
   223 -1.012969358946
   224 -1.012971477071
   225 -1.012973508058
   226 -1.012975462274
   227 -1.012977347425
   228 -1.012979169376
   229 -1.012980932704
   230 -1.012982641076
   231 -1.012984297508
   232 -1.012985904546
   233 -1.012987464396
   234 -1.012988979006
   235 -1.012990450133
   236 -1.012991879383
   237 -1.012993268246
   238 -1.012994618115
   239 -1.012995930306
   240 -1.012997206066
   241 -1.012998446583
   242 -1.012999652996
   243 -1.013000826395
   244 -1.013001967827
   245 -1.013003078300
   246 -1.013004158787
   247 -1.013005210224
   248 -1.013006233513
   249 -1.013007229529
   250 -1.013008199114
   251 -1.121014376670
   252 -1.023710144543
   253 -0.997906968928
   254 -1.004838541754
   255 -1.008946610213
   256 -1.011063962593
   257 -1.012089727828
   258 -1.012570257802
   259 -1.012791998001
   260 -1.012894259313
   261 -1.012941974421
   262 -1.012964814072
   263 -1.012976179267
   264 -1.012982172791
   265 -1.012985585171
   266 -1.012987716073
   267 -1.012989184874
   268 -1.012990295548
   269 -1.012991202649
   270 -1.012991987981
   271 -1.012992696753
   272 -1.012993355048
   273 -1.012993978544
   274 -1.012994577007
   275 -1.012995156714
   276 -1.012995721801
   277 -1.012996275050
   278 -1.012996818370
   279 -1.012997353087
   280 -1.012997880138
   281 -1.012998400198
   282 -1.012998913759
   283 -1.012999421186
   284 -1.012999922760
   285 -1.013000418701
   286 -1.013000909183
   287 -1.013001394354
   288 -1.013001874338
   289 -1.013002349244
   290 -1.013002819169
   291 -1.013003284204
   292 -1.013003744432
   293 -1.013004199931
   294 -1.013004650776
   295 -1.013005097040
   296 -1.013005538792
   297 -1.013005976099
   298 -1.013006409027
   299 -1.013006837641
   300 -1.013007262001
   301 -1.165342581378
   302 -0.989522759598
   303 -1.000381201581
   304 -1.007009990087
   305 -1.010121694625
   306 -1.011571836429
   307 -1.012256511198
   308 -1.012585652881
   309 -1.012747872783
   310 -1.012830633250
   311 -1.012874811538
   312 -1.012899753479
   313 -1.012914757192
   314 -1.012924405627
   315 -1.012931031484
   316 -1.012935869076
   317 -1.012939611544
   318 -1.012942630008
   319 -1.012945172627
   320 -1.012947387311
   321 -1.012949369288
   322 -1.012951181418
   323 -1.012952866036
   324 -1.012954452132
   325 -1.012955959851
   326 -1.012957403384
   327 -1.012958792868
   328 -1.012960135657
   329 -1.012961437179
   330 -1.012962701520
   331 -1.012963931823
   332 -1.012965130564
   333 -1.012966299747
   334 -1.012967441031
   335 -1.012968555829
   336 -1.012969645366
   337 -1.012970710730
   338 -1.012971752901
   339 -1.012972772776
   340 -1.012973771182
   341 -1.012974748892
   342 -1.012975706632
   343 -1.012976645085
   344 -1.012977564901
   345 -1.012978466695
   346 -1.012979351055
   347 -1.012980218541
   348 -1.012981069688
   349 -1.012981905009
   350 -1.012982724994
   351 -1.012983530113
   352 -1.012984320817
   353 -1.012985097537
   354 -1.012985860690
   355 -1.012986610674
   356 -1.012987347870
   357 -1.012988072648
   358 -1.012988785361
   359 -1.012989486348
   360 -1.012990175937
   361 -1.012990854442
   362 -1.012991522166
   363 -1.012992179400
   364 -1.012992826427
   365 -1.012993463514
   366 -1.012994090925
   367 -1.012994708909
   368 -1.012995317708
   369 -1.012995917557
   370 -1.012996508681
   371 -1.012997091296
   372 -1.012997665614
   373 -1.012998231835
   374 -1.012998790157
   375 -1.012999340768
   376 -1.012999883850
   377 -1.013000419580
   378 -1.013000948128
   379 -1.013001469660
   380 -1.013001984336
   381 -1.013002492309
   382 -1.013002993728
   383 -1.013003488740
   384 -1.013003977483
   385 -1.013004460093
   386 -1.013004936702
   387 -1.013005407436
   388 -1.013005872421
   389 -1.013006331774
   390 -1.013006785613
   391 -1.013007234049
   392 -1.013007677192
   393 -1.013008115148
   394 -1.013008548020
   395 -1.013008975908
   396 -1.013009398909
   397 -1.013009817117
   398 -1.013010230624
   399 -1.013010639518
   400 -1.013011043887
   401 -1.013011443814
   402 -1.013011839381
   403 -1.013012230669
   404 -1.013012617754
   405 -1.013013000712
   406 -1.013013379616
   407 -1.013013754538
   408 -1.013014125548
   409 -1.013014492713
   410 -1.013014856100
   411 -1.013015215772
   412 -1.013015571794
   413 -1.013015924225
   414 -1.013016273126
   415 -1.013016618555
   416 -1.013016960568
   417 -1.013017299222
   418 -1.013017634571
   419 -1.013017966667
   420 -1.013018295561
   421 -1.013018621305
   422 -1.013018943947
   423 -1.013019263536
   424 -1.013019580119
   425 -1.013019893741
   426 -1.013020204448
   427 -1.013020512283
   428 -1.013020817290
   429 -1.013021119510
   430 -1.013021418984
   431 -1.013021715753
   432 -1.013022009856
   433 -1.013022301332
   434 -1.013022590218
   435 -1.013022876551
   436 -1.013023160368
   437 -1.013023441703
   438 -1.013023720592
   439 -1.013023997068
   440 -1.013024271165
   441 -1.013024542915
   442 -1.013024812351
   443 -1.013025079503
   444 -1.013025344403
   445 -1.013025607081
   446 -1.013025867566
   447 -1.013026125887
   448 -1.013026382073
   449 -1.013026636151
   450 -1.013026888150
   451 -1.013027138095
   452 -1.013027386014
   453 -1.013027631932
   454 -1.013027875875
   455 -1.013028117868
   456 -1.013028357935
   457 -1.013028596100
   458 -1.013028832387
   459 -1.013029066820
   460 -1.013029299420
   461 -1.013029530212
   462 -1.013029759216
   463 -1.013029986454
   464 -1.013030211948
   465 -1.013030435719
   466 -1.013030657787
   467 -1.013030878173
   468 -1.013031096896
   469 -1.013031313976
   470 -1.013031529432
   471 -1.013031743284
   472 -1.013031955550
   473 -1.013032166248
   474 -1.013032375396
   475 -1.013032583013
   476 -1.013032789115
   477 -1.013032993720
   478 -1.013033196844
   479 -1.013033398506
   480 -1.013033598720
   481 -1.013033797503
   482 -1.013033994871
   483 -1.013034190839
   484 -1.013034385424
   485 -1.013034578640
   486 -1.013034770502
   487 -1.013034961024
   488 -1.013035150223
   489 -1.013035338111
   490 -1.013035524703
   491 -1.013035710013
   492 -1.013035894054
   493 -1.013036076840
   494 -1.013036258384
   495 -1.013036438700
   496 -1.013036617799
   497 -1.013036795696
   498 -1.013036972402
   499 -1.013037147930
   500 -1.013037322291
   501 -1.013037495499
   502 -1.013037667565
   503 -1.013037838500
   504 -1.013038008316
   505 -1.013038177025
   506 -1.013038344637
   507 -1.013038511164
   508 -1.013038676617
   509 -1.013038841005
   510 -1.013039004341
   511 -1.013039166634
   512 -1.013039327895
   513 -1.013039488133
   514 -1.013039647359
   515 -1.013039805584
   516 -1.013039962815
   517 -1.013040119064
   518 -1.013040274339
   519 -1.013040428651
   520 -1.013040582008
   521 -1.013040734420
   522 -1.013040885895
   523 -1.013041036442
   524 -1.013041186071
   525 -1.013041334789
   526 -1.013041482606
   527 -1.013041629530
   528 -1.013041775570
   529 -1.013041920732
   530 -1.013042065027
   531 -1.013042208461
   532 -1.013042351043
   533 -1.013042492780
   534 -1.013042633681
   535 -1.013042773752
   536 -1.013042913002
   537 -1.013043051437
   538 -1.013043189066
   539 -1.013043325895
   540 -1.013043461932
   541 -1.013043597184
   542 -1.013043731657
   543 -1.013043865359
   544 -1.013043998296
   545 -1.013044130476
   546 -1.013044261904
   547 -1.013044392588
   548 -1.013044522534
   549 -1.013044651748
   550 -1.013044780237
   551 -1.013044908007
   552 -1.013045035064
   553 -1.013045161414
   554 -1.013045287064
   555 -1.013045412019
   556 -1.013045536285
   557 -1.013045659868
   558 -1.013045782775
   559 -1.013045905009
   560 -1.013046026578
   561 -1.013046147487
   562 -1.013046267741
   563 -1.013046387346
   564 -1.013046506306
   565 -1.013046624628
   566 -1.013046742317
   567 -1.013046859377
   568 -1.013046975815
   569 -1.013047091634
   570 -1.013047206840
   571 -1.013047321439
   572 -1.013047435434
   573 -1.013047548831
   574 -1.013047661634
   575 -1.013047773849
   576 -1.013047885479
   577 -1.013047996530
   578 -1.013048107007
   579 -1.013048216912
   580 -1.013048326252
   581 -1.013048435031
   582 -1.013048543252
   583 -1.013048650920
   584 -1.013048758040
   585 -1.013048864616
   586 -1.013048970652
   587 -1.013049076151
   588 -1.013049181119
   589 -1.013049285559
   590 -1.013049389474
   591 -1.013049492870
   592 -1.013049595750
   593 -1.013049698118
   594 -1.013049799978
   595 -1.013049901333
   596 -1.013050002187
   597 -1.013050102544
   598 -1.013050202408
   599 -1.013050301782
   600 -1.013050400669
   601 -1.013050499074
   602 -1.013050597000
   603 -1.013050694450
   604 -1.013050791427
   605 -1.013050887936
   606 -1.013050983979
   607 -1.013051079560
   608 -1.013051174682
   609 -1.013051269349
   610 -1.013051363562
   611 -1.013051457327
   612 -1.013051550645
   613 -1.013051643520
   614 -1.013051735956
   615 -1.013051827954
   616 -1.013051919518
   617 -1.013052010652
   618 -1.013052101357
   619 -1.013052191637
   620 -1.013052281496
   621 -1.013052370934
   622 -1.013052459957
   623 -1.013052548565
   624 -1.013052636763
   625 -1.013052724553
   626 -1.013052811937
   627 -1.013052898918
   628 -1.013052985499
   629 -1.013053071682
   630 -1.013053157471
   631 -1.013053242867
   632 -1.013053327874
   633 -1.013053412493
   634 -1.013053496728
   635 -1.013053580580
   636 -1.013053664052
   637 -1.013053747147
   638 -1.013053829867
   639 -1.013053912214
   640 -1.013053994191
   641 -1.013054075800
   642 -1.013054157043
   643 -1.013054237922
   644 -1.013054318441
   645 -1.013054398600
   646 -1.013054478403
   647 -1.013054557851
   648 -1.013054636947
   649 -1.013054715693
   650 -1.013054794090
   651 -1.013054872142
   652 -1.013054949849
   653 -1.013055027215
   654 -1.013055104241
   655 -1.013055180928
   656 -1.013055257281
   657 -1.013055333299
   658 -1.013055408985
   659 -1.013055484341
   660 -1.013055559369
   661 -1.013055634071
   662 -1.013055708449
   663 -1.013055782504
   664 -1.013055856239
   665 -1.013055929655
   666 -1.013056002754
   667 -1.013056075538
   668 -1.013056148008
   669 -1.013056220167
   670 -1.013056292016
   671 -1.013056363557
   672 -1.013056434791
   673 -1.013056505720
   674 -1.013056576347
   675 -1.013056646672
   676 -1.013056716697
   677 -1.013056786424
   678 -1.013056855854
   679 -1.013056924990
   680 -1.013056993832
   681 -1.013057062382
   682 -1.013057130642
   683 -1.013057198613
   684 -1.013057266296
   685 -1.013057333694
   686 -1.013057400808
   687 -1.013057467639
   688 -1.013057534189
   689 -1.013057600459
   690 -1.013057666450
   691 -1.013057732165
   692 -1.013057797603
   693 -1.013057862768
   694 -1.013057927660
   695 -1.013057992280
   696 -1.013058056630
   697 -1.013058120711
   698 -1.013058184525
   699 -1.013058248073
   700 -1.013058311356
   701 -1.013058374376
   702 -1.013058437133
   703 -1.013058499630
   704 -1.013058561866
   705 -1.013058623844
   706 -1.013058685565
   707 -1.013058747030
   708 -1.013058808241
   709 -1.013058869197
   710 -1.013058929901
   711 -1.013058990355
   712 -1.013059050558
   713 -1.013059110512
   714 -1.013059170218
   715 -1.013059229678
   716 -1.013059288892
   717 -1.013059347863
   718 -1.013059406589
   719 -1.013059465074
   720 -1.013059523318
   721 -1.013059581322
   722 -1.013059639087
   723 -1.013059696614
   724 -1.013059753904
   725 -1.013059810959
   726 -1.013059867779
   727 -1.013059924365
   728 -1.013059980719
   729 -1.013060036841
   730 -1.013060092732
   731 -1.013060148394
   732 -1.013060203827
   733 -1.013060259033
   734 -1.013060314012
   735 -1.013060368765
   736 -1.013060423293
   737 -1.013060477597
   738 -1.013060531679
   739 -1.013060585538
   740 -1.013060639176
   741 -1.013060692595
   742 -1.013060745793
   743 -1.013060798774
   744 -1.013060851537
   745 -1.013060904084
   746 -1.013060956414
   747 -1.013061008530
   748 -1.013061060432
   749 -1.013061112121
   750 -1.013061163598
   751 -1.013061214863
   752 -1.013061265917
   753 -1.013061316762
   754 -1.013061367397
   755 -1.013061417825
   756 -1.013061468045
   757 -1.013061518059
   758 -1.013061567867
   759 -1.013061617470
   760 -1.013061666869
   761 -1.013061716064
   762 -1.013061765057
   763 -1.013061813848
   764 -1.013061862438
   765 -1.013061910827
   766 -1.013061959017
   767 -1.013062007008
   768 -1.013062054801
   769 -1.013062102397
   770 -1.013062149796
   771 -1.013062196999
   772 -1.013062244007
   773 -1.013062290820
   774 -1.013062337440
   775 -1.013062383866
   776 -1.013062430100
   777 -1.013062476143
   778 -1.013062521994
   779 -1.013062567655
   780 -1.013062613126
   781 -1.013062658409
   782 -1.013062703503
   783 -1.013062748410
   784 -1.013062793129
   785 -1.013062837662
   786 -1.013062882010
   787 -1.013062926172
   788 -1.013062970150
   789 -1.013063013945
   790 -1.013063057556
   791 -1.013063100985
   792 -1.013063144232
   793 -1.013063187298
   794 -1.013063230183
   795 -1.013063272888
   796 -1.013063315413
   797 -1.013063357760
   798 -1.013063399929
   799 -1.013063441920
   800 -1.013063483734
   801 -1.013063525372
   802 -1.013063566834
   803 -1.013063608121
   804 -1.013063649233
   805 -1.013063690171
   806 -1.013063730936
   807 -1.013063771528
   808 -1.013063811947
   809 -1.013063852195
   810 -1.013063892271
   811 -1.013063932177
   812 -1.013063971913
   813 -1.013064011479
   814 -1.013064050876
   815 -1.013064090105
   816 -1.013064129166
   817 -1.013064168059
   818 -1.013064206786
   819 -1.013064245347
   820 -1.013064283741
   821 -1.013064321971
   822 -1.013064360036
   823 -1.013064397936
   824 -1.013064435673
   825 -1.013064473247
   826 -1.013064510659
   827 -1.013064547908
   828 -1.013064584996
   829 -1.013064621923
   830 -1.013064658689
   831 -1.013064695295
   832 -1.013064731742
   833 -1.013064768029
   834 -1.013064804159
   835 -1.013064840130
   836 -1.013064875943
   837 -1.013064911600
   838 -1.013064947100
   839 -1.013064982444
   840 -1.013065017632
   841 -1.013065052666
   842 -1.013065087544
   843 -1.013065122269
   844 -1.013065156840
   845 -1.013065191258
   846 -1.013065225523
   847 -1.013065259636
   848 -1.013065293598
   849 -1.013065327408
   850 -1.013065361067
   851 -1.013065394576
   852 -1.013065427935
   853 -1.013065461145
   854 -1.013065494206
   855 -1.013065527118
   856 -1.013065559882
   857 -1.013065592499
   858 -1.013065624969
   859 -1.013065657292
   860 -1.013065689469
   861 -1.013065721500
   862 -1.013065753387
   863 -1.013065785128
   864 -1.013065816725
   865 -1.013065848177
   866 -1.013065879487
   867 -1.013065910653
   868 -1.013065941677
   869 -1.013065972559
   870 -1.013066003299
   871 -1.013066033898
   872 -1.013066064355
   873 -1.013066094673
   874 -1.013066124851
   875 -1.013066154889
   876 -1.013066184788
   877 -1.013066214548
   878 -1.013066244170
   879 -1.013066273655
   880 -1.013066303002
   881 -1.013066332212
   882 -1.013066361285
   883 -1.013066390223
   884 -1.013066419025
   885 -1.013066447692
   886 -1.013066476223
   887 -1.013066504621
   888 -1.013066532885
   889 -1.013066561015
   890 -1.013066589012
   891 -1.013066616876
   892 -1.013066644608
   893 -1.013066672208
   894 -1.013066699677
   895 -1.013066727015
   896 -1.013066754222
   897 -1.013066781299
   898 -1.013066808247
   899 -1.013066835065
   900 -1.013066861754
   901 -1.013066888314
   902 -1.013066914746
   903 -1.013066941051
   904 -1.013066967229
   905 -1.013066993279
   906 -1.013067019203
   907 -1.013067045001
   908 -1.013067070674
   909 -1.013067096221
   910 -1.013067121643
   911 -1.013067146941
   912 -1.013067172115
   913 -1.013067197165
   914 -1.013067222092
   915 -1.013067246896
   916 -1.013067271578
   917 -1.013067296138
   918 -1.013067320576
   919 -1.013067344893
   920 -1.013067369089
   921 -1.013067393165
   922 -1.013067417121
   923 -1.013067440957
   924 -1.013067464674
   925 -1.013067488272
   926 -1.013067511752
   927 -1.013067535114
   928 -1.013067558358
   929 -1.013067581485
   930 -1.013067604495
   931 -1.013067627389
   932 -1.013067650167
   933 -1.013067672829
   934 -1.013067695376
   935 -1.013067717808
   936 -1.013067740125
   937 -1.013067762329
   938 -1.013067784419
   939 -1.013067806395
   940 -1.013067828259
   941 -1.013067850010
   942 -1.013067871649
   943 -1.013067893177
   944 -1.013067914593
   945 -1.013067935898
   946 -1.013067957093
   947 -1.013067978177
   948 -1.013067999152
   949 -1.013068020017
   950 -1.013068040774
   951 -1.013068061421
   952 -1.013068081961
   953 -1.013068102393
   954 -1.013068122717
   955 -1.013068142934
   956 -1.013068163045
   957 -1.013068183049
   958 -1.013068202948
   959 -1.013068222741
   960 -1.013068242429
   961 -1.013068262012
   962 -1.013068281491
   963 -1.013068300865
   964 -1.013068320137
   965 -1.013068339305
   966 -1.013068358370
   967 -1.013068377332
   968 -1.013068396193
   969 -1.013068414952
   970 -1.013068433610
   971 -1.013068452166
   972 -1.013068470622
   973 -1.013068488978
   974 -1.013068507235
   975 -1.013068525392
   976 -1.013068543449
   977 -1.013068561408
   978 -1.013068579269
   979 -1.013068597032
   980 -1.013068614698
   981 -1.013068632266
   982 -1.013068649737
   983 -1.013068667113
   984 -1.013068684392
   985 -1.013068701575
   986 -1.013068718663
   987 -1.013068735657
   988 -1.013068752555
   989 -1.013068769360
   990 -1.013068786071
   991 -1.013068802688
   992 -1.013068819212
   993 -1.013068835644
   994 -1.013068851983
   995 -1.013068868231
   996 -1.013068884387
   997 -1.013068900451
   998 -1.013068916425
   999 -1.013068932309
  1000 -1.013068948102
