     1 -0.911550561768
     2 -1.040898398179
     3 -1.094441227405
     4 -1.070930972726
     5 -1.056821373431
     6 -1.049005516327
     7 -1.042184891264
     8 -1.036793579338
     9 -1.032855166216
    10 -1.030427218559
    11 -1.029809540126
    12 -1.030741128685
    13 -1.032424815344
    14 -1.034194287693
    15 -1.035762552078
    16 -1.037047736943
    17 -1.038056111788
    18 -1.038831210434
    19 -1.039424609591
    20 -1.039882193717
    21 -1.040240058043
    22 -1.040524815938
    23 -1.040755519807
    24 -1.040945599984
    25 -1.041104598482
    26 -1.041239307599
    27 -1.041354696815
    28 -1.041454450297
    29 -1.041541362230
    30 -1.041617593887
    31 -1.041684846991
    32 -1.041744482512
    33 -1.041797603702
    34 -1.041845115343
    35 -1.041887774114
    36 -1.041926184788
    37 -1.041960902623
    38 -1.041992348507
    39 -1.042020928605
    40 -1.042046957353
    41 -1.042070706722
    42 -1.042092441904
    43 -1.042112364639
    44 -1.042130651647
    45 -1.042147483802
    46 -1.042162994854
    47 -1.042177311100
    48 -1.042190528766
    49 -1.042202778899
    50 -1.042214133603
    51 -1.142360493189
    52 -1.033357622812
    53 -1.032005700806
    54 -1.037234827485
    55 -1.039853797339
    56 -1.041110419644
    57 -1.041709776837
    58 -1.041998237631
    59 -1.042139906329
    60 -1.042211762872
    61 -1.042250043855
    62 -1.042271847416
    63 -1.042285394834
    64 -1.042294636678
    65 -1.042301548751
    66 -1.042307121386
    67 -1.042311867787
    68 -1.042316062941
    69 -1.042319860399
    70 -1.042323350260
    71 -1.042326588507
    72 -1.042329612158
    73 -1.042332447286
    74 -1.042335113374
    75 -1.042337625755
    76 -1.042339997023
    77 -1.042342237867
    78 -1.042344357597
    79 -1.042346364471
    80 -1.042348265917
    81 -1.042350068684
    82 -1.042351778950
    83 -1.042353402398
    84 -1.042354944281
    85 -1.042356409469
    86 -1.042357802486
    87 -1.042359127543
    88 -1.042360388567
    89 -1.042361589221
    90 -1.042362732933
    91 -1.042363822905
    92 -1.042364862135
    93 -1.042365853434
    94 -1.042366799435
    95 -1.042367702607
    96 -1.042368565270
    97 -1.042369389599
    98 -1.042370177640
    99 -1.042370931316
   100 -1.042371652436
   101 -1.167210542324
   102 -1.022390274642
   103 -1.030321525562
   104 -1.035930439917
   105 -1.038910582069
   106 -1.040482337708
   107 -1.041320885429
   108 -1.041773923997
   109 -1.042023282245
   110 -1.042164067671
   111 -1.042245983745
   112 -1.042295199341
   113 -1.042325639602
   114 -1.042344984264
   115 -1.042357563684
   116 -1.042365908598
   117 -1.042371545193
   118 -1.042375419600
   119 -1.042378131858
   120 -1.042380069403
   121 -1.042381485846
   122 -1.042382548921
   123 -1.042383370417
   124 -1.042384025284
   125 -1.042384564001
   126 -1.042385020704
   127 -1.042385418561
   128 -1.042385773357
   129 -1.042386095892
   130 -1.042386393596
   131 -1.042386671619
   132 -1.042386933558
   133 -1.042387181958
   134 -1.042387418647
   135 -1.042387644963
   136 -1.042387861906
   137 -1.042388070245
   138 -1.042388270591
   139 -1.042388463439
   140 -1.042388649208
   141 -1.042388828257
   142 -1.042389000906
   143 -1.042389167442
   144 -1.042389328128
   145 -1.042389483210
   146 -1.042389632917
   147 -1.042389777465
   148 -1.042389917059
   149 -1.042390051894
   150 -1.042390182158
   151 -1.120990345805
   152 -1.022322705977
   153 -1.032613597921
   154 -1.037792107484
   155 -1.040237057587
   156 -1.041340232534
   157 -1.041839223222
   158 -1.042069876531
   159 -1.042180375507
   160 -1.042235983252
   161 -1.042265730955
   162 -1.042282820628
   163 -1.042293421082
   164 -1.042300538206
   165 -1.042305665005
   166 -1.042309616113
   167 -1.042312836191
   168 -1.042315581971
   169 -1.042318007320
   170 -1.042320207471
   171 -1.042322243004
   172 -1.042324153369
   173 -1.042325964801
   174 -1.042327695090
   175 -1.042329356549
   176 -1.042330957879
   177 -1.042332505379
   178 -1.042334003735
   179 -1.042335456532
   180 -1.042336866603
   181 -1.042338236255
   182 -1.042339567427
   183 -1.042340861792
   184 -1.042342120828
   185 -1.042343345871
   186 -1.042344538140
   187 -1.042345698769
   188 -1.042346828818
   189 -1.042347929287
   190 -1.042349001124
   191 -1.042350045230
   192 -1.042351062467
   193 -1.042352053660
   194 -1.042353019599
   195 -1.042353961042
   196 -1.042354878719
   197 -1.042355773332
   198 -1.042356645555
   199 -1.042357496039
   200 -1.042358325413
   201 -1.122964429596
   202 -1.041404164850
   203 -1.029430125736
   204 -1.035082998613
   205 -1.038445719206
   206 -1.040251198184
   207 -1.041191880367
   208 -1.041678485519
   209 -1.041933659956
   210 -1.042071304167
   211 -1.042148421738
   212 -1.042193540411
   213 -1.042221223476
   214 -1.042239048051
   215 -1.042251130237
   216 -1.042259759483
   217 -1.042266254336
   218 -1.042271396177
   219 -1.042275659546
   220 -1.042279338568
   221 -1.042282618625
   222 -1.042285618182
   223 -1.042288413844
   224 -1.042291055681
   225 -1.042293576769
   226 -1.042295999208
   227 -1.042298337964
   228 -1.042300603344
   229 -1.042302802591
   230 -1.042304940929
   231 -1.042307022242
   232 -1.042309049521
   233 -1.042311025159
   234 -1.042312951140
   235 -1.042314829172
   236 -1.042316660767
   237 -1.042318447298
   238 -1.042320190040
   239 -1.042321890189
   240 -1.042323548883
   241 -1.042325167212
   242 -1.042326746226
   243 -1.042328286937
   244 -1.042329790329
   245 -1.042331257356
   246 -1.042332688945
   247 -1.042334085997
   248 -1.042335449390
   249 -1.042336779978
   250 -1.042338078594
   251 -1.172577869764
   252 -1.023078070779
   253 -1.032255320256
   254 -1.037900436630
   255 -1.040362938577
   256 -1.041392974906
   257 -1.041843472373
   258 -1.042053572156
   259 -1.042159115391
   260 -1.042216289684
   261 -1.042249509708
   262 -1.042270060174
   263 -1.042283475436
   264 -1.042292685540
   265 -1.042299313994
   266 -1.042304307734
   267 -1.042308240061
   268 -1.042311467997
   269 -1.042314218597
   270 -1.042316638556
   271 -1.042318823828
   272 -1.042320837821
   273 -1.042322722830
   274 -1.042324507341
   275 -1.042326210741
   276 -1.042327846398
   277 -1.042329423667
   278 -1.042330949225
   279 -1.042332427948
   280 -1.042333863493
   281 -1.042335258686
   282 -1.042336615781
   283 -1.042337936637
   284 -1.042339222829
   285 -1.042340475731
   286 -1.042341696569
   287 -1.042342886455
   288 -1.042344046415
   289 -1.042345177404
   290 -1.042346280322
   291 -1.042347356018
   292 -1.042348405302
   293 -1.042349428944
   294 -1.042350427684
   295 -1.042351402230
   296 -1.042352353263
   297 -1.042353281438
   298 -1.042354187386
   299 -1.042355071716
   300 -1.042355935015
   301 -1.173911453009
   302 -1.037794309592
   303 -1.034820112233
   304 -1.038786282523
   305 -1.040745513682
   306 -1.041626410913
   307 -1.042013000789
   308 -1.042184289481
   309 -1.042262704831
   310 -1.042300477180
   311 -1.042320001808
   312 -1.042330995604
   313 -1.042337827809
   314 -1.042342522049
   315 -1.042346023042
   316 -1.042348824876
   317 -1.042351182043
   318 -1.042353235843
   319 -1.042355069239
   320 -1.042356733701
   321 -1.042358262868
   322 -1.042359679804
   323 -1.042361001022
   324 -1.042362238820
   325 -1.042363402683
   326 -1.042364500163
   327 -1.042365537444
   328 -1.042366519710
   329 -1.042367451397
   330 -1.042368336370
   331 -1.042369178038
   332 -1.042369979441
   333 -1.042370743320
   334 -1.042371472155
   335 -1.042372168208
   336 -1.042372833551
   337 -1.042373470083
   338 -1.042374079557
   339 -1.042374663588
   340 -1.042375223671
   341 -1.042375761190
   342 -1.042376277430
   343 -1.042376773582
   344 -1.042377250756
   345 -1.042377709983
   346 -1.042378152224
   347 -1.042378578376
   348 -1.042378989274
   349 -1.042379385701
   350 -1.042379768385
   351 -1.042380138011
   352 -1.042380495217
   353 -1.042380840602
   354 -1.042381174729
   355 -1.042381498125
   356 -1.042381811284
   357 -1.042382114672
   358 -1.042382408727
   359 -1.042382693859
   360 -1.042382970456
   361 -1.042383238884
   362 -1.042383499487
   363 -1.042383752590
   364 -1.042383998501
   365 -1.042384237509
   366 -1.042384469889
   367 -1.042384695900
   368 -1.042384915788
   369 -1.042385129787
   370 -1.042385338116
   371 -1.042385540986
   372 -1.042385738596
   373 -1.042385931134
   374 -1.042386118780
   375 -1.042386301706
   376 -1.042386480073
   377 -1.042386654037
   378 -1.042386823746
   379 -1.042386989340
   380 -1.042387150955
   381 -1.042387308717
   382 -1.042387462751
   383 -1.042387613172
   384 -1.042387760094
   385 -1.042387903623
   386 -1.042388043863
   387 -1.042388180912
   388 -1.042388314864
   389 -1.042388445809
   390 -1.042388573836
   391 -1.042388699027
   392 -1.042388821462
   393 -1.042388941219
   394 -1.042389058372
   395 -1.042389172992
   396 -1.042389285147
   397 -1.042389394905
   398 -1.042389502328
   399 -1.042389607479
   400 -1.042389710416
   401 -1.042389811197
   402 -1.042389909877
   403 -1.042390006509
   404 -1.042390101145
   405 -1.042390193835
   406 -1.042390284628
   407 -1.042390373568
   408 -1.042390460703
   409 -1.042390546075
   410 -1.042390629727
   411 -1.042390711700
   412 -1.042390792033
   413 -1.042390870765
   414 -1.042390947934
   415 -1.042391023575
   416 -1.042391097725
   417 -1.042391170416
   418 -1.042391241683
   419 -1.042391311557
   420 -1.042391380070
   421 -1.042391447252
   422 -1.042391513133
   423 -1.042391577742
   424 -1.042391641106
   425 -1.042391703253
   426 -1.042391764209
   427 -1.042391824000
   428 -1.042391882652
   429 -1.042391940188
   430 -1.042391996633
   431 -1.042392052009
   432 -1.042392106339
   433 -1.042392159646
   434 -1.042392211951
   435 -1.042392263275
   436 -1.042392313638
   437 -1.042392363060
   438 -1.042392411561
   439 -1.042392459159
   440 -1.042392505874
   441 -1.042392551723
   442 -1.042392596723
   443 -1.042392640893
   444 -1.042392684248
   445 -1.042392726806
   446 -1.042392768582
   447 -1.042392809593
   448 -1.042392849852
   449 -1.042392889376
   450 -1.042392928179
   451 -1.042392966275
   452 -1.042393003679
   453 -1.042393040403
   454 -1.042393076461
   455 -1.042393111867
   456 -1.042393146633
   457 -1.042393180771
   458 -1.042393214294
   459 -1.042393247214
   460 -1.042393279542
   461 -1.042393311291
   462 -1.042393342470
   463 -1.042393373091
   464 -1.042393403164
   465 -1.042393432701
   466 -1.042393461712
   467 -1.042393490206
   468 -1.042393518193
   469 -1.042393545683
   470 -1.042393572685
   471 -1.042393599209
   472 -1.042393625264
   473 -1.042393650859
   474 -1.042393676001
   475 -1.042393700700
   476 -1.042393724964
   477 -1.042393748802
   478 -1.042393772220
   479 -1.042393795227
   480 -1.042393817831
   481 -1.042393840039
   482 -1.042393861859
   483 -1.042393883297
   484 -1.042393904361
   485 -1.042393925057
   486 -1.042393945393
   487 -1.042393965375
   488 -1.042393985009
   489 -1.042394004303
   490 -1.042394023261
   491 -1.042394041891
   492 -1.042394060199
   493 -1.042394078189
   494 -1.042394095869
   495 -1.042394113243
   496 -1.042394130317
   497 -1.042394147098
   498 -1.042394163589
   499 -1.042394179796
   500 -1.042394195725
   501 -1.042394211381
   502 -1.042394226767
   503 -1.042394241890
   504 -1.042394256754
   505 -1.042394271363
   506 -1.042394285723
   507 -1.042394299837
   508 -1.042394313711
   509 -1.042394327348
   510 -1.042394340752
   511 -1.042394353928
   512 -1.042394366880
   513 -1.042394379612
   514 -1.042394392127
   515 -1.042394404430
   516 -1.042394416525
   517 -1.042394428414
   518 -1.042394440102
   519 -1.042394451593
   520 -1.042394462889
   521 -1.042394473994
   522 -1.042394484912
   523 -1.042394495646
   524 -1.042394506198
   525 -1.042394516573
   526 -1.042394526774
   527 -1.042394536802
   528 -1.042394546663
   529 -1.042394556357
   530 -1.042394565889
   531 -1.042394575261
   532 -1.042394584476
   533 -1.042394593537
   534 -1.042394602446
   535 -1.042394611206
   536 -1.042394619820
   537 -1.042394628290
   538 -1.042394636618
   539 -1.042394644807
   540 -1.042394652861
   541 -1.042394660779
   542 -1.042394668566
   543 -1.042394676224
   544 -1.042394683754
   545 -1.042394691159
   546 -1.042394698441
   547 -1.042394705603
   548 -1.042394712645
   549 -1.042394719571
   550 -1.042394726382
   551 -1.042394733080
   552 -1.042394739668
   553 -1.042394746147
   554 -1.042394752518
   555 -1.042394758785
   556 -1.042394764947
   557 -1.042394771009
   558 -1.042394776970
   559 -1.042394782833
   560 -1.042394788600
   561 -1.042394794272
   562 -1.042394799850
   563 -1.042394805337
   564 -1.042394810734
   565 -1.042394816042
   566 -1.042394821262
   567 -1.042394826398
   568 -1.042394831449
   569 -1.042394836417
   570 -1.042394841304
   571 -1.042394846111
   572 -1.042394850839
   573 -1.042394855490
   574 -1.042394860065
   575 -1.042394864566
   576 -1.042394868993
   577 -1.042394873347
   578 -1.042394877631
   579 -1.042394881845
   580 -1.042394885990
   581 -1.042394890067
   582 -1.042394894079
   583 -1.042394898025
   584 -1.042394901906
   585 -1.042394905725
   586 -1.042394909482
   587 -1.042394913178
   588 -1.042394916813
   589 -1.042394920390
   590 -1.042394923909
   591 -1.042394927371
   592 -1.042394930776
   593 -1.042394934127
   594 -1.042394937423
   595 -1.042394940666
   596 -1.042394943856
   597 -1.042394946995
   598 -1.042394950084
   599 -1.042394953122
   600 -1.042394956111
   601 -1.042394959052
   602 -1.042394961946
   603 -1.042394964793
   604 -1.042394967594
   605 -1.042394970350
   606 -1.042394973061
   607 -1.042394975729
   608 -1.042394978354
   609 -1.042394980937
   610 -1.042394983478
   611 -1.042394985979
   612 -1.042394988439
   613 -1.042394990860
   614 -1.042394993241
   615 -1.042394995585
   616 -1.042394997891
   617 -1.042395000160
   618 -1.042395002393
   619 -1.042395004590
   620 -1.042395006752
   621 -1.042395008879
   622 -1.042395010972
   623 -1.042395013032
   624 -1.042395015058
   625 -1.042395017052
   626 -1.042395019015
   627 -1.042395020946
   628 -1.042395022846
   629 -1.042395024716
   630 -1.042395026556
   631 -1.042395028367
   632 -1.042395030148
   633 -1.042395031902
   634 -1.042395033627
   635 -1.042395035325
   636 -1.042395036996
   637 -1.042395038640
   638 -1.042395040259
   639 -1.042395041851
   640 -1.042395043418
   641 -1.042395044960
   642 -1.042395046478
   643 -1.042395047971
   644 -1.042395049441
   645 -1.042395050887
   646 -1.042395052311
   647 -1.042395053712
   648 -1.042395055090
   649 -1.042395056447
   650 -1.042395057782
   651 -1.042395059097
   652 -1.042395060390
   653 -1.042395061663
   654 -1.042395062915
   655 -1.042395064148
   656 -1.042395065361
   657 -1.042395066555
   658 -1.042395067730
   659 -1.042395068887
   660 -1.042395070025
   661 -1.042395071146
   662 -1.042395072248
   663 -1.042395073333
   664 -1.042395074401
   665 -1.042395075453
   666 -1.042395076487
   667 -1.042395077505
   668 -1.042395078508
   669 -1.042395079494
   670 -1.042395080465
   671 -1.042395081420
   672 -1.042395082361
   673 -1.042395083286
   674 -1.042395084197
   675 -1.042395085094
   676 -1.042395085976
   677 -1.042395086845
   678 -1.042395087700
   679 -1.042395088542
   680 -1.042395089370
   681 -1.042395090185
   682 -1.042395090988
   683 -1.042395091778
   684 -1.042395092555
   685 -1.042395093320
   686 -1.042395094073
   687 -1.042395094815
   688 -1.042395095544
   689 -1.042395096263
   690 -1.042395096970
   691 -1.042395097665
   692 -1.042395098350
   693 -1.042395099025
   694 -1.042395099688
   695 -1.042395100342
   696 -1.042395100985
   697 -1.042395101617
   698 -1.042395102240
   699 -1.042395102854
   700 -1.042395103457
   701 -1.042395104052
   702 -1.042395104636
   703 -1.042395105212
   704 -1.042395105779
   705 -1.042395106337
   706 -1.042395106886
   707 -1.042395107426
   708 -1.042395107958
   709 -1.042395108482
   710 -1.042395108998
   711 -1.042395109505
   712 -1.042395110005
   713 -1.042395110497
   714 -1.042395110981
   715 -1.042395111457
   716 -1.042395111926
   717 -1.042395112388
   718 -1.042395112843
   719 -1.042395113290
   720 -1.042395113731
   721 -1.042395114164
   722 -1.042395114591
   723 -1.042395115011
   724 -1.042395115425
   725 -1.042395115832
   726 -1.042395116233
   727 -1.042395116628
   728 -1.042395117016
   729 -1.042395117398
   730 -1.042395117775
   731 -1.042395118145
   732 -1.042395118510
   733 -1.042395118869
   734 -1.042395119223
   735 -1.042395119571
   736 -1.042395119914
   737 -1.042395120251
   738 -1.042395120583
   739 -1.042395120910
   740 -1.042395121232
   741 -1.042395121548
   742 -1.042395121860
   743 -1.042395122167
   744 -1.042395122470
   745 -1.042395122767
   746 -1.042395123060
   747 -1.042395123348
   748 -1.042395123632
   749 -1.042395123912
   750 -1.042395124187
   751 -1.042395124458
   752 -1.042395124724
   753 -1.042395124987
   754 -1.042395125245
   755 -1.042395125500
   756 -1.042395125750
   757 -1.042395125997
   758 -1.042395126240
   759 -1.042395126479
   760 -1.042395126714
   761 -1.042395126946
   762 -1.042395127174
   763 -1.042395127398
   764 -1.042395127620
   765 -1.042395127837
   766 -1.042395128051
   767 -1.042395128262
   768 -1.042395128470
   769 -1.042395128675
   770 -1.042395128876
   771 -1.042395129074
   772 -1.042395129269
   773 -1.042395129461
   774 -1.042395129650
   775 -1.042395129837
   776 -1.042395130020
   777 -1.042395130200
   778 -1.042395130378
   779 -1.042395130553
   780 -1.042395130725
   781 -1.042395130895
   782 -1.042395131062
   783 -1.042395131226
   784 -1.042395131388
   785 -1.042395131547
   786 -1.042395131704
   787 -1.042395131858
   788 -1.042395132010
   789 -1.042395132160
   790 -1.042395132308
   791 -1.042395132453
   792 -1.042395132596
   793 -1.042395132736
   794 -1.042395132875
   795 -1.042395133011
   796 -1.042395133145
   797 -1.042395133277
   798 -1.042395133408
   799 -1.042395133536
   800 -1.042395133662
   801 -1.042395133786
   802 -1.042395133908
   803 -1.042395134029
   804 -1.042395134147
   805 -1.042395134264
   806 -1.042395134379
   807 -1.042395134492
   808 -1.042395134603
   809 -1.042395134713
   810 -1.042395134821
   811 -1.042395134927
   812 -1.042395135032
   813 -1.042395135135
   814 -1.042395135237
   815 -1.042395135337
   816 -1.042395135435
   817 -1.042395135532
   818 -1.042395135627
   819 -1.042395135721
   820 -1.042395135814
   821 -1.042395135905
   822 -1.042395135994
   823 -1.042395136082
   824 -1.042395136169
   825 -1.042395136255
   826 -1.042395136339
   827 -1.042395136422
   828 -1.042395136504
   829 -1.042395136584
   830 -1.042395136663
   831 -1.042395136741
   832 -1.042395136818
   833 -1.042395136894
   834 -1.042395136968
   835 -1.042395137041
   836 -1.042395137113
   837 -1.042395137184
   838 -1.042395137254
   839 -1.042395137323
   840 -1.042395137391
   841 -1.042395137458
   842 -1.042395137524
   843 -1.042395137588
   844 -1.042395137652
   845 -1.042395137715
   846 -1.042395137777
   847 -1.042395137837
   848 -1.042395137897
   849 -1.042395137956
   850 -1.042395138014
   851 -1.042395138072
   852 -1.042395138128
   853 -1.042395138183
   854 -1.042395138238
   855 -1.042395138292
   856 -1.042395138345
   857 -1.042395138397
   858 -1.042395138448
   859 -1.042395138499
   860 -1.042395138548
   861 -1.042395138597
   862 -1.042395138646
   863 -1.042395138693
   864 -1.042395138740
   865 -1.042395138786
   866 -1.042395138831
   867 -1.042395138876
   868 -1.042395138920
   869 -1.042395138963
   870 -1.042395139006
   871 -1.042395139048
   872 -1.042395139089
   873 -1.042395139130
   874 -1.042395139170
   875 -1.042395139209
   876 -1.042395139248
   877 -1.042395139286
   878 -1.042395139324
   879 -1.042395139361
   880 -1.042395139398
   881 -1.042395139434
   882 -1.042395139469
   883 -1.042395139504
   884 -1.042395139538
   885 -1.042395139572
   886 -1.042395139605
   887 -1.042395139638
   888 -1.042395139671
   889 -1.042395139702
   890 -1.042395139734
   891 -1.042395139764
   892 -1.042395139795
   893 -1.042395139825
   894 -1.042395139854
   895 -1.042395139883
   896 -1.042395139912
   897 -1.042395139940
   898 -1.042395139967
   899 -1.042395139995
   900 -1.042395140021
   901 -1.042395140048
   902 -1.042395140074
   903 -1.042395140100
   904 -1.042395140125
   905 -1.042395140150
   906 -1.042395140174
   907 -1.042395140198
   908 -1.042395140222
   909 -1.042395140245
   910 -1.042395140268
   911 -1.042395140291
   912 -1.042395140313
   913 -1.042395140335
   914 -1.042395140357
   915 -1.042395140378
   916 -1.042395140399
   917 -1.042395140420
   918 -1.042395140440
   919 -1.042395140460
   920 -1.042395140480
   921 -1.042395140499
   922 -1.042395140518
   923 -1.042395140537
   924 -1.042395140556
   925 -1.042395140574
   926 -1.042395140592
   927 -1.042395140610
   928 -1.042395140627
   929 -1.042395140644
   930 -1.042395140661
   931 -1.042395140678
   932 -1.042395140694
   933 -1.042395140710
   934 -1.042395140726
   935 -1.042395140742
   936 -1.042395140757
   937 -1.042395140772
   938 -1.042395140787
   939 -1.042395140802
   940 -1.042395140817
   941 -1.042395140831
   942 -1.042395140845
   943 -1.042395140859
   944 -1.042395140872
   945 -1.042395140886
   946 -1.042395140899
   947 -1.042395140912
   948 -1.042395140925
   949 -1.042395140937
   950 -1.042395140950
   951 -1.042395140962
   952 -1.042395140974
   953 -1.042395140986
   954 -1.042395140998
   955 -1.042395141009
   956 -1.042395141021
   957 -1.042395141032
   958 -1.042395141043
   959 -1.042395141054
   960 -1.042395141064
   961 -1.042395141075
   962 -1.042395141085
   963 -1.042395141095
   964 -1.042395141105
   965 -1.042395141115
   966 -1.042395141125
   967 -1.042395141134
   968 -1.042395141144
   969 -1.042395141153
   970 -1.042395141162
   971 -1.042395141171
   972 -1.042395141180
   973 -1.042395141189
   974 -1.042395141197
   975 -1.042395141206
   976 -1.042395141214
   977 -1.042395141223
   978 -1.042395141231
   979 -1.042395141239
   980 -1.042395141246
   981 -1.042395141254
   982 -1.042395141262
   983 -1.042395141269
   984 -1.042395141277
   985 -1.042395141284
   986 -1.042395141291
   987 -1.042395141298
   988 -1.042395141305
   989 -1.042395141312
   990 -1.042395141319
   991 -1.042395141325
   992 -1.042395141332
   993 -1.042395141338
   994 -1.042395141345
   995 -1.042395141351
   996 -1.042395141357
   997 -1.042395141363
   998 -1.042395141369
   999 -1.042395141375
  1000 -1.042395141381
