     1 -0.925741239095
     2 -1.054323903397
     3 -1.106099059985
     4 -1.083064016848
     5 -1.071210951563
     6 -1.063880887040
     7 -1.057009222807
     8 -1.051624963738
     9 -1.047966834835
    10 -1.046112836498
    11 -1.046037395842
    12 -1.047162745397
    13 -1.048741905257
    14 -1.050313490248
    15 -1.051692149460
    16 -1.052823303107
    17 -1.053714477464
    18 -1.054401834715
    19 -1.054928916038
    20 -1.055335358718
    21 -1.055652922122
    22 -1.055905269727
    23 -1.056109460075
    24 -1.056277506765
    25 -1.056417940125
    26 -1.056536836114
    27 -1.056638606061
    28 -1.056726518908
    29 -1.056803049304
    30 -1.056870109280
    31 -1.056929203765
    32 -1.056981536620
    33 -1.057028084380
    34 -1.057069648658
    35 -1.057106894208
    36 -1.057140377146
    37 -1.057170566275
    38 -1.057197867166
    39 -1.057222596432
    40 -1.057245075801
    41 -1.057265528082
    42 -1.057284198883
    43 -1.057301263848
    44 -1.057316888821
    45 -1.057331207889
    46 -1.057344372081
    47 -1.057356482447
    48 -1.057367638931
    49 -1.057377920240
    50 -1.057387425698
    51 -1.143409584391
    52 -1.029890541758
    53 -1.040900472007
    54 -1.048113914498
    55 -1.052556284109
    56 -1.054887359507
    57 -1.056048125036
    58 -1.056624534685
    59 -1.056916794368
    60 -1.057070671762
    61 -1.057156261622
    62 -1.057207414995
    63 -1.057240686418
    64 -1.057264278672
    65 -1.057282331811
    66 -1.057297021113
    67 -1.057309508677
    68 -1.057320447067
    69 -1.057330221921
    70 -1.057339074654
    71 -1.057347165844
    72 -1.057354608813
    73 -1.057361487949
    74 -1.057367869032
    75 -1.057373805278
    76 -1.057379331075
    77 -1.057384504255
    78 -1.057389347338
    79 -1.057393889009
    80 -1.057398154679
    81 -1.057402167030
    82 -1.057405946421
    83 -1.057409511212
    84 -1.057412878016
    85 -1.057416061912
    86 -1.057419076618
    87 -1.057421934640
    88 -1.057424638978
    89 -1.057427217008
    90 -1.057429669774
    91 -1.057432006046
    92 -1.057434233873
    93 -1.057436360653
    94 -1.057438393190
    95 -1.057440337747
    96 -1.057442200096
    97 -1.057443985560
    98 -1.057445699053
    99 -1.057447345112
   100 -1.057448927934
   101 -1.114326995115
   102 -1.056148335593
   103 -1.052207593783
   104 -1.048307764742
   105 -1.052743314556
   106 -1.054884202647
   107 -1.055848544665
   108 -1.056316913859
   109 -1.056561955473
   110 -1.056702084390
   111 -1.056790764548
   112 -1.056852862931
   113 -1.056900302883
   114 -1.056938967683
   115 -1.056971914643
   116 -1.057000797015
   117 -1.057026575949
   118 -1.057049854155
   119 -1.057071028544
   120 -1.057090419943
   121 -1.057108234530
   122 -1.057124678107
   123 -1.057139892531
   124 -1.057153998299
   125 -1.057167125912
   126 -1.057179362851
   127 -1.057190786007
   128 -1.057201487298
   129 -1.057211524621
   130 -1.057220957095
   131 -1.057229822691
   132 -1.057238198485
   133 -1.057246111485
   134 -1.057253599637
   135 -1.057260697091
   136 -1.057267434640
   137 -1.057273840095
   138 -1.057279938621
   139 -1.057285753019
   140 -1.057291303986
   141 -1.057296598486
   142 -1.057301677567
   143 -1.057306544749
   144 -1.057311214282
   145 -1.057315699194
   146 -1.057320011410
   147 -1.057324161860
   148 -1.057328160575
   149 -1.057332016774
   150 -1.057335738939
   151 -1.125253767465
   152 -1.053656920753
   153 -1.050258771482
   154 -1.054284415960
   155 -1.055900856712
   156 -1.056584842999
   157 -1.056900436028
   158 -1.057060159409
   159 -1.057148072864
   160 -1.057200020622
   161 -1.057232598038
   162 -1.057254164257
   163 -1.057269169849
   164 -1.057280157130
   165 -1.057288615141
   166 -1.057295445667
   167 -1.057301206536
   168 -1.057306248347
   169 -1.057310794225
   170 -1.057314987679
   171 -1.057318921926
   172 -1.057322658138
   173 -1.057326236933
   174 -1.057329685664
   175 -1.057333023082
   176 -1.057336262326
   177 -1.057339412854
   178 -1.057342481689
   179 -1.057345474235
   180 -1.057348394797
   181 -1.057351246930
   182 -1.057354033668
   183 -1.057356757665
   184 -1.057359421305
   185 -1.057362026758
   186 -1.057364576032
   187 -1.057367071004
   188 -1.057369513435
   189 -1.057371904996
   190 -1.057374247270
   191 -1.057376541767
   192 -1.057378789926
   193 -1.057380993125
   194 -1.057383152684
   195 -1.057385269867
   196 -1.057387345887
   197 -1.057389381910
   198 -1.057391379056
   199 -1.057393338401
   200 -1.057395260982
   201 -1.196357069099
   202 -1.026232127568
   203 -1.045671497247
   204 -1.051352616656
   205 -1.054216129329
   206 -1.055613897184
   207 -1.056318426354
   208 -1.056683411152
   209 -1.056879150997
   210 -1.056989119362
   211 -1.057054782276
   212 -1.057096921674
   213 -1.057126151775
   214 -1.057147980091
   215 -1.057165329751
   216 -1.057179824794
   217 -1.057192394801
   218 -1.057203563371
   219 -1.057213680347
   220 -1.057222966087
   221 -1.057231570648
   222 -1.057239600807
   223 -1.057247135708
   224 -1.057254236194
   225 -1.057260950558
   226 -1.057267318189
   227 -1.057273371946
   228 -1.057279139755
   229 -1.057284645707
   230 -1.057289910836
   231 -1.057294953685
   232 -1.057299790726
   233 -1.057304436687
   234 -1.057308904799
   235 -1.057313207000
   236 -1.057317354106
   237 -1.057321355937
   238 -1.057325221441
   239 -1.057328958789
   240 -1.057332575460
   241 -1.057336078310
   242 -1.057339473643
   243 -1.057342767260
   244 -1.057345964512
   245 -1.057349070344
   246 -1.057352089329
   247 -1.057355025708
   248 -1.057357883419
   249 -1.057360666121
   250 -1.057363377223
   251 -1.132917007351
   252 -1.039037787870
   253 -1.047883575056
   254 -1.053127691573
   255 -1.055374444005
   256 -1.056344057411
   257 -1.056778590075
   258 -1.056983206422
   259 -1.057085640683
   260 -1.057140976636
   261 -1.057173707899
   262 -1.057195067105
   263 -1.057210415338
   264 -1.057222387076
   265 -1.057232335576
   266 -1.057240987585
   267 -1.057248752119
   268 -1.057255870629
   269 -1.057262492554
   270 -1.057268714740
   271 -1.057274602794
   272 -1.057280203096
   273 -1.057285549785
   274 -1.057290668971
   275 -1.057295581330
   276 -1.057300303753
   277 -1.057304850416
   278 -1.057309233485
   279 -1.057313463599
   280 -1.057317550194
   281 -1.057321501741
   282 -1.057325325911
   283 -1.057329029699
   284 -1.057332619522
   285 -1.057336101289
   286 -1.057339480463
   287 -1.057342762107
   288 -1.057345950925
   289 -1.057349051298
   290 -1.057352067311
   291 -1.057355002781
   292 -1.057357861277
   293 -1.057360646145
   294 -1.057363351156
   295 -1.057365998067
   296 -1.057368580199
   297 -1.057371100160
   298 -1.057373560406
   299 -1.057375963254
   300 -1.057378310889
   301 -1.173652945317
   302 -1.040177028863
   303 -1.048379359963
   304 -1.053079728266
   305 -1.055283588446
   306 -1.056332425547
   307 -1.056840175586
   308 -1.057091136759
   309 -1.057218437852
   310 -1.057285179749
   311 -1.057321638596
   312 -1.057342583512
   313 -1.057355382123
   314 -1.057363728152
   315 -1.057369586328
   316 -1.057374001231
   317 -1.057377550269
   318 -1.057380562043
   319 -1.057383228750
   320 -1.057385665629
   321 -1.057387943312
   322 -1.057390105941
   323 -1.057392181587
   324 -1.057394188409
   325 -1.057396138356
   326 -1.057398039441
   327 -1.057399897160
   328 -1.057401715386
   329 -1.057403496930
   330 -1.057405243911
   331 -1.057406957987
   332 -1.057408640505
   333 -1.057410292603
   334 -1.057411915271
   335 -1.057413509397
   336 -1.057415075791
   337 -1.057416615206
   338 -1.057418128348
   339 -1.057419615889
   340 -1.057421078468
   341 -1.057422516697
   342 -1.057423931164
   343 -1.057425322437
   344 -1.057426691061
   345 -1.057428037565
   346 -1.057429362459
   347 -1.057430666235
   348 -1.057431949371
   349 -1.057433212330
   350 -1.057434455560
   351 -1.057435679493
   352 -1.057436884550
   353 -1.057438071140
   354 -1.057439239657
   355 -1.057440390485
   356 -1.057441523996
   357 -1.057442640551
   358 -1.057443740500
   359 -1.057444824184
   360 -1.057445891934
   361 -1.057446944070
   362 -1.057447980904
   363 -1.057449002740
   364 -1.057450009871
   365 -1.057451002585
   366 -1.057451981159
   367 -1.057452945865
   368 -1.057453896965
   369 -1.057454834716
   370 -1.057455759368
   371 -1.057456671162
   372 -1.057457570336
   373 -1.057458457118
   374 -1.057459331733
   375 -1.057460194399
   376 -1.057461045328
   377 -1.057461884727
   378 -1.057462712797
   379 -1.057463529735
   380 -1.057464335732
   381 -1.057465130976
   382 -1.057465915647
   383 -1.057466689924
   384 -1.057467453979
   385 -1.057468207981
   386 -1.057468952096
   387 -1.057469686483
   388 -1.057470411299
   389 -1.057471126698
   390 -1.057471832829
   391 -1.057472529838
   392 -1.057473217868
   393 -1.057473897057
   394 -1.057474567542
   395 -1.057475229455
   396 -1.057475882927
   397 -1.057476528084
   398 -1.057477165050
   399 -1.057477793947
   400 -1.057478414893
   401 -1.057479028004
   402 -1.057479633393
   403 -1.057480231173
   404 -1.057480821450
   405 -1.057481404331
   406 -1.057481979921
   407 -1.057482548321
   408 -1.057483109631
   409 -1.057483663948
   410 -1.057484211369
   411 -1.057484751986
   412 -1.057485285892
   413 -1.057485813176
   414 -1.057486333927
   415 -1.057486848232
   416 -1.057487356174
   417 -1.057487857837
   418 -1.057488353302
   419 -1.057488842650
   420 -1.057489325959
   421 -1.057489803305
   422 -1.057490274765
   423 -1.057490740413
   424 -1.057491200320
   425 -1.057491654560
   426 -1.057492103202
   427 -1.057492546314
   428 -1.057492983966
   429 -1.057493416223
   430 -1.057493843151
   431 -1.057494264815
   432 -1.057494681277
   433 -1.057495092600
   434 -1.057495498845
   435 -1.057495900073
   436 -1.057496296342
   437 -1.057496687711
   438 -1.057497074238
   439 -1.057497455978
   440 -1.057497832988
   441 -1.057498205322
   442 -1.057498573035
   443 -1.057498936179
   444 -1.057499294807
   445 -1.057499648970
   446 -1.057499998720
   447 -1.057500344106
   448 -1.057500685178
   449 -1.057501021985
   450 -1.057501354575
   451 -1.057501682995
   452 -1.057502007292
   453 -1.057502327513
   454 -1.057502643703
   455 -1.057502955906
   456 -1.057503264168
   457 -1.057503568532
   458 -1.057503869042
   459 -1.057504165740
   460 -1.057504458668
   461 -1.057504747869
   462 -1.057505033384
   463 -1.057505315252
   464 -1.057505593516
   465 -1.057505868213
   466 -1.057506139385
   467 -1.057506407069
   468 -1.057506671304
   469 -1.057506932128
   470 -1.057507189580
   471 -1.057507443695
   472 -1.057507694511
   473 -1.057507942064
   474 -1.057508186391
   475 -1.057508427526
   476 -1.057508665506
   477 -1.057508900365
   478 -1.057509132137
   479 -1.057509360858
   480 -1.057509586560
   481 -1.057509809278
   482 -1.057510029044
   483 -1.057510245892
   484 -1.057510459853
   485 -1.057510670961
   486 -1.057510879247
   487 -1.057511084743
   488 -1.057511287480
   489 -1.057511487489
   490 -1.057511684800
   491 -1.057511879445
   492 -1.057512071454
   493 -1.057512260856
   494 -1.057512447681
   495 -1.057512631958
   496 -1.057512813716
   497 -1.057512992985
   498 -1.057513169792
   499 -1.057513344167
   500 -1.057513516136
   501 -1.057513685728
   502 -1.057513852971
   503 -1.057514017891
   504 -1.057514180515
   505 -1.057514340871
   506 -1.057514498985
   507 -1.057514654883
   508 -1.057514808591
   509 -1.057514960136
   510 -1.057515109542
   511 -1.057515256835
   512 -1.057515402040
   513 -1.057515545183
   514 -1.057515686288
   515 -1.057515825378
   516 -1.057515962480
   517 -1.057516097616
   518 -1.057516230810
   519 -1.057516362087
   520 -1.057516491468
   521 -1.057516618979
   522 -1.057516744641
   523 -1.057516868477
   524 -1.057516990510
   525 -1.057517110762
   526 -1.057517229256
   527 -1.057517346013
   528 -1.057517461054
   529 -1.057517574402
   530 -1.057517700130
   531 -1.057517810156
   532 -1.057517918552
   533 -1.057518025339
   534 -1.057518130536
   535 -1.057518234165
   536 -1.057518336245
   537 -1.057518436797
   538 -1.057518535839
   539 -1.057518633393
   540 -1.057518729476
   541 -1.057518824108
   542 -1.057518917309
   543 -1.057519009096
   544 -1.057519099489
   545 -1.057519188506
   546 -1.057519276164
   547 -1.057519362483
   548 -1.057519447480
   549 -1.057519531173
   550 -1.057519613578
   551 -1.057519694715
   552 -1.057519774598
   553 -1.057519853246
   554 -1.057519930676
   555 -1.057520006903
   556 -1.057520081945
   557 -1.057520155817
   558 -1.057520228536
   559 -1.057520300117
   560 -1.057520370577
   561 -1.057520439930
   562 -1.057520508193
   563 -1.057520575379
   564 -1.057520641506
   565 -1.057520706586
   566 -1.057520770635
   567 -1.057520833668
   568 -1.057520895699
   569 -1.057520956742
   570 -1.057521016811
   571 -1.057521075920
   572 -1.057521134083
   573 -1.057521191313
   574 -1.057521247624
   575 -1.057521303029
   576 -1.057521357541
   577 -1.057521411173
   578 -1.057521463938
   579 -1.057521515848
   580 -1.057521566917
   581 -1.057521617155
   582 -1.057521666576
   583 -1.057521715192
   584 -1.057521763014
   585 -1.057521810055
   586 -1.057521856325
   587 -1.057521901836
   588 -1.057521946600
   589 -1.057521990628
   590 -1.057522033930
   591 -1.057522076519
   592 -1.057522118403
   593 -1.057522159595
   594 -1.057522200104
   595 -1.057522239941
   596 -1.057522279116
   597 -1.057522317639
   598 -1.057522355521
   599 -1.057522392770
   600 -1.057522429397
   601 -1.057522465411
   602 -1.057522500822
   603 -1.057522535639
   604 -1.057522569871
   605 -1.057522603527
   606 -1.057522636616
   607 -1.057522669148
   608 -1.057522701130
   609 -1.057522732572
   610 -1.057522763481
   611 -1.057522793866
   612 -1.057522823736
   613 -1.057522853098
   614 -1.057522881961
   615 -1.057522910332
   616 -1.057522938220
   617 -1.057522965631
   618 -1.057522992574
   619 -1.057523019056
   620 -1.057523045084
   621 -1.057523070666
   622 -1.057523095809
   623 -1.057523120519
   624 -1.057523144805
   625 -1.057523168671
   626 -1.057523192127
   627 -1.057523215177
   628 -1.057523237829
   629 -1.057523260089
   630 -1.057523281963
   631 -1.057523303458
   632 -1.057523324581
   633 -1.057523345336
   634 -1.057523365730
   635 -1.057523385769
   636 -1.057523405459
   637 -1.057523424806
   638 -1.057523443815
   639 -1.057523462491
   640 -1.057523480841
   641 -1.057523498870
   642 -1.057523516582
   643 -1.057523533984
   644 -1.057523551080
   645 -1.057523567876
   646 -1.057523584376
   647 -1.057523600586
   648 -1.057523616510
   649 -1.057523632153
   650 -1.057523647521
   651 -1.057523662616
   652 -1.057523677445
   653 -1.057523692011
   654 -1.057523706319
   655 -1.057523720373
   656 -1.057523734179
   657 -1.057523747738
   658 -1.057523761057
   659 -1.057523774139
   660 -1.057523786989
   661 -1.057523799609
   662 -1.057523812004
   663 -1.057523824178
   664 -1.057523836135
   665 -1.057523847878
   666 -1.057523859411
   667 -1.057523870737
   668 -1.057523881861
   669 -1.057523892785
   670 -1.057523903514
   671 -1.057523914050
   672 -1.057523924396
   673 -1.057523934557
   674 -1.057523944535
   675 -1.057523954333
   676 -1.057523963955
   677 -1.057523973403
   678 -1.057523982681
   679 -1.057523991791
   680 -1.057524000737
   681 -1.057524009521
   682 -1.057524018147
   683 -1.057524026616
   684 -1.057524034932
   685 -1.057524043098
   686 -1.057524051115
   687 -1.057524058987
   688 -1.057524066716
   689 -1.057524074304
   690 -1.057524081755
   691 -1.057524089070
   692 -1.057524096252
   693 -1.057524103303
   694 -1.057524110226
   695 -1.057524117023
   696 -1.057524123696
   697 -1.057524130247
   698 -1.057524136678
   699 -1.057524142992
   700 -1.057524149190
   701 -1.057524155275
   702 -1.057524161249
   703 -1.057524167114
   704 -1.057524172871
   705 -1.057524178522
   706 -1.057524184070
   707 -1.057524189516
   708 -1.057524194862
   709 -1.057524200110
   710 -1.057524205262
   711 -1.057524210319
   712 -1.057524215283
   713 -1.057524220155
   714 -1.057524224938
   715 -1.057524229633
   716 -1.057524234241
   717 -1.057524238764
   718 -1.057524243204
   719 -1.057524247562
   720 -1.057524251840
   721 -1.057524256038
   722 -1.057524260159
   723 -1.057524264204
   724 -1.057524268174
   725 -1.057524272070
   726 -1.057524275895
   727 -1.057524279649
   728 -1.057524283333
   729 -1.057524286948
   730 -1.057524290497
   731 -1.057524293980
   732 -1.057524297399
   733 -1.057524300754
   734 -1.057524304046
   735 -1.057524307278
   736 -1.057524310449
   737 -1.057524313561
   738 -1.057524316616
   739 -1.057524319614
   740 -1.057524322556
   741 -1.057524325443
   742 -1.057524328276
   743 -1.057524331057
   744 -1.057524333786
   745 -1.057524336464
   746 -1.057524339092
   747 -1.057524341671
   748 -1.057524344201
   749 -1.057524346685
   750 -1.057524349122
   751 -1.057524351514
   752 -1.057524353861
   753 -1.057524356164
   754 -1.057524358424
   755 -1.057524360641
   756 -1.057524362818
   757 -1.057524364953
   758 -1.057524367049
   759 -1.057524369105
   760 -1.057524371123
   761 -1.057524373102
   762 -1.057524375045
   763 -1.057524376952
   764 -1.057524378822
   765 -1.057524380658
   766 -1.057524382459
   767 -1.057524384226
   768 -1.057524385960
   769 -1.057524387661
   770 -1.057524389331
   771 -1.057524390969
   772 -1.057524392576
   773 -1.057524394153
   774 -1.057524395700
   775 -1.057524397219
   776 -1.057524398708
   777 -1.057524400170
   778 -1.057524401604
   779 -1.057524403011
   780 -1.057524404392
   781 -1.057524405746
   782 -1.057524407075
   783 -1.057524408379
   784 -1.057524409658
   785 -1.057524410914
   786 -1.057524412145
   787 -1.057524413353
   788 -1.057524414539
   789 -1.057524415702
   790 -1.057524416843
   791 -1.057524417963
   792 -1.057524419061
   793 -1.057524420139
   794 -1.057524421196
   795 -1.057524422233
   796 -1.057524423251
   797 -1.057524424249
   798 -1.057524425229
   799 -1.057524426190
   800 -1.057524427132
   801 -1.057524428057
   802 -1.057524428965
   803 -1.057524429855
   804 -1.057524430728
   805 -1.057524431585
   806 -1.057524432426
   807 -1.057524433250
   808 -1.057524434059
   809 -1.057524434853
   810 -1.057524435631
   811 -1.057524436395
   812 -1.057524437144
   813 -1.057524437879
   814 -1.057524438601
   815 -1.057524439308
   816 -1.057524440002
   817 -1.057524440683
   818 -1.057524441351
   819 -1.057524442006
   820 -1.057524442649
   821 -1.057524443279
   822 -1.057524443898
   823 -1.057524444504
   824 -1.057524445100
   825 -1.057524445683
   826 -1.057524446256
   827 -1.057524446818
   828 -1.057524447369
   829 -1.057524447910
   830 -1.057524448440
   831 -1.057524448961
   832 -1.057524449471
   833 -1.057524449972
   834 -1.057524450463
   835 -1.057524450945
   836 -1.057524451417
   837 -1.057524451881
   838 -1.057524452335
   839 -1.057524452782
   840 -1.057524453219
   841 -1.057524453648
   842 -1.057524454069
   843 -1.057524454482
   844 -1.057524454887
   845 -1.057524455285
   846 -1.057524455675
   847 -1.057524456057
   848 -1.057524456432
   849 -1.057524456800
   850 -1.057524457161
   851 -1.057524457515
   852 -1.057524457862
   853 -1.057524458203
   854 -1.057524458537
   855 -1.057524458864
   856 -1.057524459186
   857 -1.057524459501
   858 -1.057524459810
   859 -1.057524460114
   860 -1.057524460411
   861 -1.057524460703
   862 -1.057524460989
   863 -1.057524461270
   864 -1.057524461545
   865 -1.057524461816
   866 -1.057524462080
   867 -1.057524462340
   868 -1.057524462595
   869 -1.057524462845
   870 -1.057524463091
   871 -1.057524463331
   872 -1.057524463567
   873 -1.057524463798
   874 -1.057524464025
   875 -1.057524464248
   876 -1.057524464466
   877 -1.057524464681
   878 -1.057524464891
   879 -1.057524465097
   880 -1.057524465299
   881 -1.057524465497
   882 -1.057524465692
   883 -1.057524465882
   884 -1.057524466069
   885 -1.057524466253
   886 -1.057524466433
   887 -1.057524466609
   888 -1.057524466782
   889 -1.057524466952
   890 -1.057524467119
   891 -1.057524467282
   892 -1.057524467442
   893 -1.057524467599
   894 -1.057524467753
   895 -1.057524467904
   896 -1.057524468053
   897 -1.057524468198
   898 -1.057524468341
   899 -1.057524468480
   900 -1.057524468618
   901 -1.057524468752
   902 -1.057524468884
   903 -1.057524469013
   904 -1.057524469140
   905 -1.057524469265
   906 -1.057524469387
   907 -1.057524469507
   908 -1.057524469624
   909 -1.057524469739
   910 -1.057524469852
   911 -1.057524469963
   912 -1.057524470072
   913 -1.057524470178
   914 -1.057524470283
   915 -1.057524470385
   916 -1.057524470486
   917 -1.057524470584
   918 -1.057524470681
   919 -1.057524470776
   920 -1.057524470869
   921 -1.057524470960
   922 -1.057524471050
   923 -1.057524471137
   924 -1.057524471223
   925 -1.057524471308
   926 -1.057524471390
   927 -1.057524471472
   928 -1.057524471551
   929 -1.057524471629
   930 -1.057524471706
   931 -1.057524471781
   932 -1.057524471855
   933 -1.057524471927
   934 -1.057524471998
   935 -1.057524472067
   936 -1.057524472135
   937 -1.057524472202
   938 -1.057524472268
   939 -1.057524472332
   940 -1.057524472395
   941 -1.057524472457
   942 -1.057524472517
   943 -1.057524472577
   944 -1.057524472635
   945 -1.057524472692
   946 -1.057524472748
   947 -1.057524472803
   948 -1.057524472857
   949 -1.057524472910
   950 -1.057524472962
   951 -1.057524473013
   952 -1.057524473063
   953 -1.057524473112
   954 -1.057524473159
   955 -1.057524473207
   956 -1.057524473253
   957 -1.057524473298
   958 -1.057524473342
   959 -1.057524473386
   960 -1.057524473428
   961 -1.057524473470
   962 -1.057524473511
   963 -1.057524473552
   964 -1.057524473591
   965 -1.057524473630
   966 -1.057524473668
   967 -1.057524473705
   968 -1.057524473741
   969 -1.057524473777
   970 -1.057524473812
   971 -1.057524473847
   972 -1.057524473880
   973 -1.057524473914
   974 -1.057524473946
   975 -1.057524473978
   976 -1.057524474009
   977 -1.057524474040
   978 -1.057524474070
   979 -1.057524474099
   980 -1.057524474128
   981 -1.057524474156
   982 -1.057524474184
   983 -1.057524474211
   984 -1.057524474238
   985 -1.057524474264
   986 -1.057524474290
   987 -1.057524474315
   988 -1.057524474340
   989 -1.057524474364
   990 -1.057524474388
   991 -1.057524474411
   992 -1.057524474434
   993 -1.057524474456
   994 -1.057524474478
   995 -1.057524474500
   996 -1.057524474521
   997 -1.057524474541
   998 -1.057524474562
   999 -1.057524474582
  1000 -1.057524474601
