     1 -0.995610847911
     2 -1.103844161374
     3 -1.100189720292
     4 -1.092317173434
     5 -1.094084439669
     6 -1.095541796295
     7 -1.096318910152
     8 -1.096729268180
     9 -1.096950324634
    10 -1.097071760867
    11 -1.097139459036
    12 -1.097177583743
    13 -1.097199183223
    14 -1.097211404650
    15 -1.097218289427
    16 -1.097222087970
    17 -1.097224158508
    18 -1.097225223927
    19 -1.097225732991
    20 -1.097225938053
    21 -1.097225961510
    22 -1.097225922071
    23 -1.097225846344
    24 -1.097225745833
    25 -1.097225659291
    26 -1.097225592346
    27 -1.097225523241
    28 -1.097225462857
    29 -1.097225415533
    30 -1.097225366835
    31 -1.097225341051
    32 -1.097225317797
    33 -1.097225302937
    34 -1.097225286868
    35 -1.097225273016
    36 -1.097225264018
    37 -1.097225261916
    38 -1.097225254201
    39 -1.097225242094
    40 -1.097225240637
    41 -1.097225236484
    42 -1.097225230215
    43 -1.097225236381
    44 -1.097225227147
    45 -1.097225230982
    46 -1.097225234010
    47 -1.097225236404
    48 -1.097225224200
    49 -1.097225225692
    50 -1.097225226869
    51 -1.215040615460
    52 -1.078133758822
    53 -1.086618265902
    54 -1.091768480369
    55 -1.094379230113
    56 -1.095683875086
    57 -1.096366192801
    58 -1.096734814929
    59 -1.096939620557
    60 -1.097055978116
    61 -1.097123338539
    62 -1.097162965060
    63 -1.097186636934
    64 -1.097200979372
    65 -1.097209759795
    66 -1.097215237876
    67 -1.097218674013
    68 -1.097220888861
    69 -1.097222293406
    70 -1.097223242598
    71 -1.097223843474
    72 -1.097224273870
    73 -1.097224547636
    74 -1.097224751953
    75 -1.097224883797
    76 -1.097224966222
    77 -1.097225049992
    78 -1.097225087398
    79 -1.097225130151
    80 -1.097225146043
    81 -1.097225160011
    82 -1.097225183516
    83 -1.097225186255
    84 -1.097225194770
    85 -1.097225207763
    86 -1.097225210122
    87 -1.097225215157
    88 -1.097225208158
    89 -1.097225216848
    90 -1.097225212667
    91 -1.097225209434
    92 -1.097225221030
    93 -1.097225219096
    94 -1.097225217600
    95 -1.097225216439
    96 -1.097225215537
    97 -1.097225214836
    98 -1.097225214289
    99 -1.097225213864
   100 -1.097225213532
   101 -1.205534343259
   102 -1.077909176733
   103 -1.083036643450
   104 -1.089536506842
   105 -1.092891049394
   106 -1.094692832563
   107 -1.095724403059
   108 -1.096328401069
   109 -1.096686923806
   110 -1.096900859437
   111 -1.097028845483
   112 -1.097105569263
   113 -1.097151728194
   114 -1.097179627655
   115 -1.097196594508
   116 -1.097207017563
   117 -1.097213472801
   118 -1.097217514146
   119 -1.097220089750
   120 -1.097221746773
   121 -1.097222822623
   122 -1.097223549473
   123 -1.097224040434
   124 -1.097224370283
   125 -1.097224616696
   126 -1.097224768135
   127 -1.097224897073
   128 -1.097224963735
   129 -1.097225042826
   130 -1.097225083587
   131 -1.097225107400
   132 -1.097225151080
   133 -1.097225153827
   134 -1.097225168624
   135 -1.097225192773
   136 -1.097225195974
   137 -1.097225204795
   138 -1.097225203867
   139 -1.097225220407
   140 -1.097225211360
   141 -1.097225218432
   142 -1.097225212969
   143 -1.097225208718
   144 -1.097225219506
   145 -1.097225216929
   146 -1.097225214923
   147 -1.097225213356
   148 -1.097225212132
   149 -1.097225211174
   150 -1.097225224525
   151 -1.178230143708
   152 -1.076833003672
   153 -1.087378170967
   154 -1.092498461243
   155 -1.094815115533
   156 -1.095967684124
   157 -1.096549886721
   158 -1.096852661511
   159 -1.097014491513
   160 -1.097103238625
   161 -1.097153061446
   162 -1.097181631942
   163 -1.097198364142
   164 -1.097208332204
   165 -1.097214370152
   166 -1.097218117990
   167 -1.097220481881
   168 -1.097221981005
   169 -1.097222989069
   170 -1.097223645331
   171 -1.097224090266
   172 -1.097224390386
   173 -1.097224610268
   174 -1.097224763562
   175 -1.097224874458
   176 -1.097224965712
   177 -1.097225031558
   178 -1.097225066677
   179 -1.097225094664
   180 -1.097225139771
   181 -1.097225142174
   182 -1.097225155634
   183 -1.097225177920
   184 -1.097225179022
   185 -1.097225185724
   186 -1.097225196872
   187 -1.097225211554
   188 -1.097225200835
   189 -1.097225220540
   190 -1.097225213805
   191 -1.097225208464
   192 -1.097225218324
   193 -1.097225214962
   194 -1.097225212295
   195 -1.097225210175
   196 -1.097225222592
   197 -1.097225221260
   198 -1.097225220207
   199 -1.097225219369
   200 -1.097225218703
   201 -1.215272097876
   202 -1.084319609567
   203 -1.087400527433
   204 -1.092189052914
   205 -1.094562080921
   206 -1.095755584397
   207 -1.096390082986
   208 -1.096740050545
   209 -1.096938647925
   210 -1.097053658240
   211 -1.097121282588
   212 -1.097161535444
   213 -1.097185741039
   214 -1.097200465963
   215 -1.097209482152
   216 -1.097215088748
   217 -1.097218598253
   218 -1.097220828188
   219 -1.097222263315
   220 -1.097223188748
   221 -1.097223815159
   222 -1.097224232440
   223 -1.097224503523
   224 -1.097224705309
   225 -1.097224836640
   226 -1.097224949783
   227 -1.097225011020
   228 -1.097225071434
   229 -1.097225097791
   230 -1.097225142261
   231 -1.097225144765
   232 -1.097225172897
   233 -1.097225181920
   234 -1.097225184018
   235 -1.097225191761
   236 -1.097225203934
   237 -1.097225205482
   238 -1.097225209753
   239 -1.097225216155
   240 -1.097225210125
   241 -1.097225219499
   242 -1.097225215796
   243 -1.097225212891
   244 -1.097225210609
   245 -1.097225222916
   246 -1.097225221513
   247 -1.097225220414
   248 -1.097225219550
   249 -1.097225218870
   250 -1.097225218334
   251 -1.215669229765
   252 -1.081515222417
   253 -1.087021562730
   254 -1.092249439632
   255 -1.094590995686
   256 -1.095747800859
   257 -1.096366167119
   258 -1.096712256582
   259 -1.096912904937
   260 -1.097032223867
   261 -1.097104463625
   262 -1.097148799546
   263 -1.097176317363
   264 -1.097193556957
   265 -1.097204477285
   266 -1.097211447648
   267 -1.097215957665
   268 -1.097218904375
   269 -1.097220856990
   270 -1.097222147587
   271 -1.097223043362
   272 -1.097223643315
   273 -1.097224075583
   274 -1.097224367565
   275 -1.097224596842
   276 -1.097224752899
   277 -1.097224867571
   278 -1.097224959165
   279 -1.097225004731
   280 -1.097225053383
   281 -1.097225098883
   282 -1.097225136155
   283 -1.097225146978
   284 -1.097225156287
   285 -1.097225175552
   286 -1.097225188573
   287 -1.097225193693
   288 -1.097225203704
   289 -1.097225203465
   290 -1.097225220364
   291 -1.097225211454
   292 -1.097225204425
   293 -1.097225227076
   294 -1.097225222702
   295 -1.097225219252
   296 -1.097225216526
   297 -1.097225214369
   298 -1.097225212661
   299 -1.097225211309
   300 -1.097225224338
   301 -1.224730638870
   302 -1.083931178499
   303 -1.086996885444
   304 -1.091378114990
   305 -1.093977931882
   306 -1.095336530902
   307 -1.096099881671
   308 -1.096541460712
   309 -1.096804016754
   310 -1.096962969655
   311 -1.097060427933
   312 -1.097120788818
   313 -1.097158449186
   314 -1.097182125552
   315 -1.097197131912
   316 -1.097206713972
   317 -1.097212891856
   318 -1.097216922057
   319 -1.097219544547
   320 -1.097221307772
   321 -1.097222491369
   322 -1.097223281427
   323 -1.097223832961
   324 -1.097224218513
   325 -1.097224497347
   326 -1.097224679495
   327 -1.097224814780
   328 -1.097224909644
   329 -1.097224984977
   330 -1.097225048256
   331 -1.097225093752
   332 -1.097225130791
   333 -1.097225141294
   334 -1.097225164389
   335 -1.097225183359
   336 -1.097225182021
   337 -1.097225186929
   338 -1.097225196766
   339 -1.097225210493
   340 -1.097225199084
   341 -1.097225218293
   342 -1.097225211204
   343 -1.097225205613
   344 -1.097225215299
   345 -1.097225211816
   346 -1.097225209067
   347 -1.097225220994
   348 -1.097225219283
   349 -1.097225217933
   350 -1.097225216866
   351 -1.097225216021
   352 -1.097225215351
   353 -1.097225214820
   354 -1.097225214399
   355 -1.097225214066
   356 -1.097225213801
   357 -1.097225213591
   358 -1.097225213424
   359 -1.097225213292
   360 -1.097225213187
   361 -1.097225213104
   362 -1.097225213038
   363 -1.097225212986
   364 -1.097225212944
   365 -1.097225212911
   366 -1.097225212884
   367 -1.097225212864
   368 -1.097225212847
   369 -1.097225212834
   370 -1.097225212823
   371 -1.097225212815
   372 -1.097225212808
   373 -1.097225212803
   374 -1.097225212799
   375 -1.097225212796
   376 -1.097225212793
   377 -1.097225212791
   378 -1.097225212789
   379 -1.097225212788
   380 -1.097225212787
   381 -1.097225212786
   382 -1.097225212785
   383 -1.097225212785
   384 -1.097225212784
   385 -1.097225212784
   386 -1.097225212784
   387 -1.097225212783
   388 -1.097225212783
   389 -1.097225212783
   390 -1.097225212783
   391 -1.097225212783
   392 -1.097225212783
   393 -1.097225212783
   394 -1.097225212783
   395 -1.097225212783
   396 -1.097225212783
   397 -1.097225212783
   398 -1.097225212783
   399 -1.097225212783
   400 -1.097225212783
   401 -1.097225212783
   402 -1.097225212783
   403 -1.097225212783
   404 -1.097225212783
   405 -1.097225212783
   406 -1.097225212783
   407 -1.097225212783
   408 -1.097225212783
   409 -1.097225212783
   410 -1.097225212783
   411 -1.097225212783
   412 -1.097225212783
   413 -1.097225212783
   414 -1.097225212783
   415 -1.097225212783
   416 -1.097225212783
   417 -1.097225212783
   418 -1.097225212783
   419 -1.097225212783
   420 -1.097225212783
   421 -1.097225212783
   422 -1.097225212783
   423 -1.097225212783
   424 -1.097225212783
   425 -1.097225212783
   426 -1.097225212783
   427 -1.097225212783
   428 -1.097225212783
   429 -1.097225212783
   430 -1.097225212783
   431 -1.097225212783
   432 -1.097225212783
   433 -1.097225212783
   434 -1.097225212783
   435 -1.097225212783
   436 -1.097225212783
   437 -1.097225212783
   438 -1.097225212783
   439 -1.097225212783
   440 -1.097225212783
   441 -1.097225212783
   442 -1.097225212783
   443 -1.097225212783
   444 -1.097225212783
   445 -1.097225212783
   446 -1.097225212783
   447 -1.097225212783
   448 -1.097225212783
   449 -1.097225212783
   450 -1.097225212783
   451 -1.097225212783
   452 -1.097225212783
   453 -1.097225212783
   454 -1.097225212783
   455 -1.097225212783
   456 -1.097225212783
   457 -1.097225212783
   458 -1.097225212783
   459 -1.097225212783
   460 -1.097225212783
   461 -1.097225212783
   462 -1.097225212783
   463 -1.097225212783
   464 -1.097225212783
   465 -1.097225212783
   466 -1.097225212783
   467 -1.097225212783
   468 -1.097225212783
   469 -1.097225212783
   470 -1.097225212783
   471 -1.097225212783
   472 -1.097225212783
   473 -1.097225212783
   474 -1.097225212783
   475 -1.097225212783
   476 -1.097225212783
   477 -1.097225212783
   478 -1.097225212783
   479 -1.097225212783
   480 -1.097225212783
   481 -1.097225212783
   482 -1.097225212783
   483 -1.097225212783
   484 -1.097225212783
   485 -1.097225212783
   486 -1.097225212783
   487 -1.097225212783
   488 -1.097225212783
   489 -1.097225212783
   490 -1.097225212783
   491 -1.097225212783
   492 -1.097225212783
   493 -1.097225212783
   494 -1.097225212783
   495 -1.097225212783
   496 -1.097225212783
   497 -1.097225212783
   498 -1.097225212783
   499 -1.097225212783
   500 -1.097225212783
   501 -1.097225212783
   502 -1.097225212783
   503 -1.097225212783
   504 -1.097225212783
   505 -1.097225212783
   506 -1.097225212783
   507 -1.097225212783
   508 -1.097225212783
   509 -1.097225212783
   510 -1.097225212783
   511 -1.097225212783
   512 -1.097225212783
   513 -1.097225212783
   514 -1.097225212783
   515 -1.097225212783
   516 -1.097225212783
   517 -1.097225212783
   518 -1.097225212783
   519 -1.097225212783
   520 -1.097225212783
   521 -1.097225212783
   522 -1.097225212783
   523 -1.097225212783
   524 -1.097225212783
   525 -1.097225212783
   526 -1.097225212783
   527 -1.097225212783
   528 -1.097225212783
   529 -1.097225212783
   530 -1.097225212783
   531 -1.097225212783
   532 -1.097225212783
   533 -1.097225212783
   534 -1.097225212783
   535 -1.097225212783
   536 -1.097225212783
   537 -1.097225212783
   538 -1.097225212783
   539 -1.097225212783
   540 -1.097225212783
   541 -1.097225212783
   542 -1.097225212783
   543 -1.097225212783
   544 -1.097225212783
   545 -1.097225212783
   546 -1.097225212783
   547 -1.097225212783
   548 -1.097225212783
   549 -1.097225212783
   550 -1.097225212783
   551 -1.097225212783
   552 -1.097225212783
   553 -1.097225212783
   554 -1.097225212783
   555 -1.097225212783
   556 -1.097225212783
   557 -1.097225212783
   558 -1.097225212783
   559 -1.097225212783
   560 -1.097225212783
   561 -1.097225212783
   562 -1.097225212783
   563 -1.097225212783
   564 -1.097225212783
   565 -1.097225212783
   566 -1.097225212783
   567 -1.097225212783
   568 -1.097225212783
   569 -1.097225212783
   570 -1.097225212783
   571 -1.097225212783
   572 -1.097225212783
   573 -1.097225212783
   574 -1.097225212783
   575 -1.097225212783
   576 -1.097225212783
   577 -1.097225212783
   578 -1.097225212783
   579 -1.097225212783
   580 -1.097225212783
   581 -1.097225212783
   582 -1.097225212783
   583 -1.097225212783
   584 -1.097225212783
   585 -1.097225212783
   586 -1.097225212783
   587 -1.097225212783
   588 -1.097225212783
   589 -1.097225212783
   590 -1.097225212783
   591 -1.097225212783
   592 -1.097225212783
   593 -1.097225212783
   594 -1.097225212783
   595 -1.097225212783
   596 -1.097225212783
   597 -1.097225212783
   598 -1.097225212783
   599 -1.097225212783
   600 -1.097225212783
   601 -1.097225212783
   602 -1.097225212783
   603 -1.097225212783
   604 -1.097225212783
   605 -1.097225212783
   606 -1.097225212783
   607 -1.097225212783
   608 -1.097225212783
   609 -1.097225212783
   610 -1.097225212783
   611 -1.097225212783
   612 -1.097225212783
   613 -1.097225212783
   614 -1.097225212783
   615 -1.097225212783
   616 -1.097225212783
   617 -1.097225212783
   618 -1.097225212783
   619 -1.097225212783
   620 -1.097225212783
   621 -1.097225212783
   622 -1.097225212783
   623 -1.097225212783
   624 -1.097225212783
   625 -1.097225212783
   626 -1.097225212783
   627 -1.097225212783
   628 -1.097225212783
   629 -1.097225212783
   630 -1.097225212783
   631 -1.097225212783
   632 -1.097225212783
   633 -1.097225212783
   634 -1.097225212783
   635 -1.097225212783
   636 -1.097225212783
   637 -1.097225212783
   638 -1.097225212783
   639 -1.097225212783
   640 -1.097225212783
   641 -1.097225212783
   642 -1.097225212783
   643 -1.097225212783
   644 -1.097225212783
   645 -1.097225212783
   646 -1.097225212783
   647 -1.097225212783
   648 -1.097225212783
   649 -1.097225212783
   650 -1.097225212783
   651 -1.097225212783
   652 -1.097225212783
   653 -1.097225212783
   654 -1.097225212783
   655 -1.097225212783
   656 -1.097225212783
   657 -1.097225212783
   658 -1.097225212783
   659 -1.097225212783
   660 -1.097225212783
   661 -1.097225212783
   662 -1.097225212783
   663 -1.097225212783
   664 -1.097225212783
   665 -1.097225212783
   666 -1.097225212783
   667 -1.097225212783
   668 -1.097225212783
   669 -1.097225212783
   670 -1.097225212783
   671 -1.097225212783
   672 -1.097225212783
   673 -1.097225212783
   674 -1.097225212783
   675 -1.097225212783
   676 -1.097225212783
   677 -1.097225212783
   678 -1.097225212783
   679 -1.097225212783
   680 -1.097225212783
   681 -1.097225212783
   682 -1.097225212783
   683 -1.097225212783
   684 -1.097225212783
   685 -1.097225212783
   686 -1.097225212783
   687 -1.097225212783
   688 -1.097225212783
   689 -1.097225212783
   690 -1.097225212783
   691 -1.097225212783
   692 -1.097225212783
   693 -1.097225212783
   694 -1.097225212783
   695 -1.097225212783
   696 -1.097225212783
   697 -1.097225212783
   698 -1.097225212783
   699 -1.097225212783
   700 -1.097225212783
   701 -1.097225212783
   702 -1.097225212783
   703 -1.097225212783
   704 -1.097225212783
   705 -1.097225212783
   706 -1.097225212783
   707 -1.097225212783
   708 -1.097225212783
   709 -1.097225212783
   710 -1.097225212783
   711 -1.097225212783
   712 -1.097225212783
   713 -1.097225212783
   714 -1.097225212783
   715 -1.097225212783
   716 -1.097225212783
   717 -1.097225212783
   718 -1.097225212783
   719 -1.097225212783
   720 -1.097225212783
   721 -1.097225212783
   722 -1.097225212783
   723 -1.097225212783
   724 -1.097225212783
   725 -1.097225212783
   726 -1.097225212783
   727 -1.097225212783
   728 -1.097225212783
   729 -1.097225212783
   730 -1.097225212783
   731 -1.097225212783
   732 -1.097225212783
   733 -1.097225212783
   734 -1.097225212783
   735 -1.097225212783
   736 -1.097225212783
   737 -1.097225212783
   738 -1.097225212783
   739 -1.097225212783
   740 -1.097225212783
   741 -1.097225212783
   742 -1.097225212783
   743 -1.097225212783
   744 -1.097225212783
   745 -1.097225212783
   746 -1.097225212783
   747 -1.097225212783
   748 -1.097225212783
   749 -1.097225212783
   750 -1.097225212783
   751 -1.097225212783
   752 -1.097225212783
   753 -1.097225212783
   754 -1.097225212783
   755 -1.097225212783
   756 -1.097225212783
   757 -1.097225212783
   758 -1.097225212783
   759 -1.097225212783
   760 -1.097225212783
   761 -1.097225212783
   762 -1.097225212783
   763 -1.097225212783
   764 -1.097225212783
   765 -1.097225212783
   766 -1.097225212783
   767 -1.097225212783
   768 -1.097225212783
   769 -1.097225212783
   770 -1.097225212783
   771 -1.097225212783
   772 -1.097225212783
   773 -1.097225212783
   774 -1.097225212783
   775 -1.097225212783
   776 -1.097225212783
   777 -1.097225212783
   778 -1.097225212783
   779 -1.097225212783
   780 -1.097225212783
   781 -1.097225212783
   782 -1.097225212783
   783 -1.097225212783
   784 -1.097225212783
   785 -1.097225212783
   786 -1.097225212783
   787 -1.097225212783
   788 -1.097225212783
   789 -1.097225212783
   790 -1.097225212783
   791 -1.097225212783
   792 -1.097225212783
   793 -1.097225212783
   794 -1.097225212783
   795 -1.097225212783
   796 -1.097225212783
   797 -1.097225212783
   798 -1.097225212783
   799 -1.097225212783
   800 -1.097225212783
   801 -1.097225212783
   802 -1.097225212783
   803 -1.097225212783
   804 -1.097225212783
   805 -1.097225212783
   806 -1.097225212783
   807 -1.097225212783
   808 -1.097225212783
   809 -1.097225212783
   810 -1.097225212783
   811 -1.097225212783
   812 -1.097225212783
   813 -1.097225212783
   814 -1.097225212783
   815 -1.097225212783
   816 -1.097225212783
   817 -1.097225212783
   818 -1.097225212783
   819 -1.097225212783
   820 -1.097225212783
   821 -1.097225212783
   822 -1.097225212783
   823 -1.097225212783
   824 -1.097225212783
   825 -1.097225212783
   826 -1.097225212783
   827 -1.097225212783
   828 -1.097225212783
   829 -1.097225212783
   830 -1.097225212783
   831 -1.097225212783
   832 -1.097225212783
   833 -1.097225212783
   834 -1.097225212783
   835 -1.097225212783
   836 -1.097225212783
   837 -1.097225212783
   838 -1.097225212783
   839 -1.097225212783
   840 -1.097225212783
   841 -1.097225212783
   842 -1.097225212783
   843 -1.097225212783
   844 -1.097225212783
   845 -1.097225212783
   846 -1.097225212783
   847 -1.097225212783
   848 -1.097225212783
   849 -1.097225212783
   850 -1.097225212783
   851 -1.097225212783
   852 -1.097225212783
   853 -1.097225212783
   854 -1.097225212783
   855 -1.097225212783
   856 -1.097225212783
   857 -1.097225212783
   858 -1.097225212783
   859 -1.097225212783
   860 -1.097225212783
   861 -1.097225212783
   862 -1.097225212783
   863 -1.097225212783
   864 -1.097225212783
   865 -1.097225212783
   866 -1.097225212783
   867 -1.097225212783
   868 -1.097225212783
   869 -1.097225212783
   870 -1.097225212783
   871 -1.097225212783
   872 -1.097225212783
   873 -1.097225212783
   874 -1.097225212783
   875 -1.097225212783
   876 -1.097225212783
   877 -1.097225212783
   878 -1.097225212783
   879 -1.097225212783
   880 -1.097225212783
   881 -1.097225212783
   882 -1.097225212783
   883 -1.097225212783
   884 -1.097225212783
   885 -1.097225212783
   886 -1.097225212783
   887 -1.097225212783
   888 -1.097225212783
   889 -1.097225212783
   890 -1.097225212783
   891 -1.097225212783
   892 -1.097225212783
   893 -1.097225212783
   894 -1.097225212783
   895 -1.097225212783
   896 -1.097225212783
   897 -1.097225212783
   898 -1.097225212783
   899 -1.097225212783
   900 -1.097225212783
   901 -1.097225212783
   902 -1.097225212783
   903 -1.097225212783
   904 -1.097225212783
   905 -1.097225212783
   906 -1.097225212783
   907 -1.097225212783
   908 -1.097225212783
   909 -1.097225212783
   910 -1.097225212783
   911 -1.097225212783
   912 -1.097225212783
   913 -1.097225212783
   914 -1.097225212783
   915 -1.097225212783
   916 -1.097225212783
   917 -1.097225212783
   918 -1.097225212783
   919 -1.097225212783
   920 -1.097225212783
   921 -1.097225212783
   922 -1.097225212783
   923 -1.097225212783
   924 -1.097225212783
   925 -1.097225212783
   926 -1.097225212783
   927 -1.097225212783
   928 -1.097225212783
   929 -1.097225212783
   930 -1.097225212783
   931 -1.097225212783
   932 -1.097225212783
   933 -1.097225212783
   934 -1.097225212783
   935 -1.097225212783
   936 -1.097225212783
   937 -1.097225212783
   938 -1.097225212783
   939 -1.097225212783
   940 -1.097225212783
   941 -1.097225212783
   942 -1.097225212783
   943 -1.097225212783
   944 -1.097225212783
   945 -1.097225212783
   946 -1.097225212783
   947 -1.097225212783
   948 -1.097225212783
   949 -1.097225212783
   950 -1.097225212783
   951 -1.097225212783
   952 -1.097225212783
   953 -1.097225212783
   954 -1.097225212783
   955 -1.097225212783
   956 -1.097225212783
   957 -1.097225212783
   958 -1.097225212783
   959 -1.097225212783
   960 -1.097225212783
   961 -1.097225212783
   962 -1.097225212783
   963 -1.097225212783
   964 -1.097225212783
   965 -1.097225212783
   966 -1.097225212783
   967 -1.097225212783
   968 -1.097225212783
   969 -1.097225212783
   970 -1.097225212783
   971 -1.097225212783
   972 -1.097225212783
   973 -1.097225212783
   974 -1.097225212783
   975 -1.097225212783
   976 -1.097225212783
   977 -1.097225212783
   978 -1.097225212783
   979 -1.097225212783
   980 -1.097225212783
   981 -1.097225212783
   982 -1.097225212783
   983 -1.097225212783
   984 -1.097225212783
   985 -1.097225212783
   986 -1.097225212783
   987 -1.097225212783
   988 -1.097225212783
   989 -1.097225212783
   990 -1.097225212783
   991 -1.097225212783
   992 -1.097225212783
   993 -1.097225212783
   994 -1.097225212783
   995 -1.097225212783
   996 -1.097225212783
   997 -1.097225212783
   998 -1.097225212783
   999 -1.097225212783
  1000 -1.097225212783
  1001 -1.097225212783
  1002 -1.097225212783
  1003 -1.097225212783
  1004 -1.097225212783
  1005 -1.097225212783
  1006 -1.097225212783
  1007 -1.097225212783
  1008 -1.097225212783
  1009 -1.097225212783
  1010 -1.097225212783
  1011 -1.097225212783
  1012 -1.097225212783
  1013 -1.097225212783
  1014 -1.097225212783
  1015 -1.097225212783
  1016 -1.097225212783
  1017 -1.097225212783
  1018 -1.097225212783
  1019 -1.097225212783
  1020 -1.097225212783
  1021 -1.097225212783
  1022 -1.097225212783
  1023 -1.097225212783
  1024 -1.097225212783
  1025 -1.097225212783
  1026 -1.097225212783
  1027 -1.097225212783
  1028 -1.097225212783
  1029 -1.097225212783
  1030 -1.097225212783
  1031 -1.097225212783
  1032 -1.097225212783
  1033 -1.097225212783
  1034 -1.097225212783
  1035 -1.097225212783
  1036 -1.097225212783
  1037 -1.097225212783
  1038 -1.097225212783
  1039 -1.097225212783
  1040 -1.097225212783
  1041 -1.097225212783
  1042 -1.097225212783
  1043 -1.097225212783
  1044 -1.097225212783
  1045 -1.097225212783
  1046 -1.097225212783
  1047 -1.097225212783
  1048 -1.097225212783
  1049 -1.097225212783
  1050 -1.097225212783
  1051 -1.097225212783
  1052 -1.097225212783
  1053 -1.097225212783
  1054 -1.097225212783
  1055 -1.097225212783
  1056 -1.097225212783
  1057 -1.097225212783
  1058 -1.097225212783
  1059 -1.097225212783
  1060 -1.097225212783
  1061 -1.097225212783
  1062 -1.097225212783
  1063 -1.097225212783
  1064 -1.097225212783
  1065 -1.097225212783
  1066 -1.097225212783
  1067 -1.097225212783
  1068 -1.097225212783
  1069 -1.097225212783
  1070 -1.097225212783
  1071 -1.097225212783
  1072 -1.097225212783
  1073 -1.097225212783
  1074 -1.097225212783
  1075 -1.097225212783
  1076 -1.097225212783
  1077 -1.097225212783
  1078 -1.097225212783
  1079 -1.097225212783
  1080 -1.097225212783
  1081 -1.097225212783
  1082 -1.097225212783
  1083 -1.097225212783
  1084 -1.097225212783
  1085 -1.097225212783
  1086 -1.097225212783
  1087 -1.097225212783
  1088 -1.097225212783
  1089 -1.097225212783
  1090 -1.097225212783
  1091 -1.097225212783
  1092 -1.097225212783
  1093 -1.097225212783
  1094 -1.097225212783
  1095 -1.097225212783
  1096 -1.097225212783
  1097 -1.097225212783
  1098 -1.097225212783
  1099 -1.097225212783
  1100 -1.097225212783
  1101 -1.097225212783
  1102 -1.097225212783
  1103 -1.097225212783
  1104 -1.097225212783
  1105 -1.097225212783
  1106 -1.097225212783
  1107 -1.097225212783
  1108 -1.097225212783
  1109 -1.097225212783
  1110 -1.097225212783
  1111 -1.097225212783
  1112 -1.097225212783
  1113 -1.097225212783
  1114 -1.097225212783
  1115 -1.097225212783
  1116 -1.097225212783
  1117 -1.097225212783
  1118 -1.097225212783
  1119 -1.097225212783
  1120 -1.097225212783
  1121 -1.097225212783
  1122 -1.097225212783
  1123 -1.097225212783
  1124 -1.097225212783
  1125 -1.097225212783
  1126 -1.097225212783
  1127 -1.097225212783
  1128 -1.097225212783
  1129 -1.097225212783
  1130 -1.097225212783
  1131 -1.097225212783
  1132 -1.097225212783
  1133 -1.097225212783
  1134 -1.097225212783
  1135 -1.097225212783
  1136 -1.097225212783
  1137 -1.097225212783
  1138 -1.097225212783
  1139 -1.097225212783
  1140 -1.097225212783
  1141 -1.097225212783
  1142 -1.097225212783
  1143 -1.097225212783
  1144 -1.097225212783
  1145 -1.097225212783
  1146 -1.097225212783
  1147 -1.097225212783
  1148 -1.097225212783
  1149 -1.097225212783
  1150 -1.097225212783
  1151 -1.097225212783
  1152 -1.097225212783
  1153 -1.097225212783
  1154 -1.097225212783
  1155 -1.097225212783
  1156 -1.097225212783
  1157 -1.097225212783
  1158 -1.097225212783
  1159 -1.097225212783
  1160 -1.097225212783
  1161 -1.097225212783
  1162 -1.097225212783
  1163 -1.097225212783
  1164 -1.097225212783
  1165 -1.097225212783
  1166 -1.097225212783
  1167 -1.097225212783
  1168 -1.097225212783
  1169 -1.097225212783
  1170 -1.097225212783
  1171 -1.097225212783
  1172 -1.097225212783
  1173 -1.097225212783
  1174 -1.097225212783
  1175 -1.097225212783
  1176 -1.097225212783
  1177 -1.097225212783
  1178 -1.097225212783
  1179 -1.097225212783
  1180 -1.097225212783
  1181 -1.097225212783
  1182 -1.097225212783
  1183 -1.097225212783
  1184 -1.097225212783
  1185 -1.097225212783
  1186 -1.097225212783
  1187 -1.097225212783
  1188 -1.097225212783
  1189 -1.097225212783
  1190 -1.097225212783
  1191 -1.097225212783
  1192 -1.097225212783
  1193 -1.097225212783
  1194 -1.097225212783
  1195 -1.097225212783
  1196 -1.097225212783
  1197 -1.097225212783
  1198 -1.097225212783
  1199 -1.097225212783
  1200 -1.097225212783
  1201 -1.097225212783
  1202 -1.097225212783
  1203 -1.097225212783
  1204 -1.097225212783
  1205 -1.097225212783
  1206 -1.097225212783
  1207 -1.097225212783
  1208 -1.097225212783
  1209 -1.097225212783
  1210 -1.097225212783
  1211 -1.097225212783
  1212 -1.097225212783
  1213 -1.097225212783
  1214 -1.097225212783
  1215 -1.097225212783
  1216 -1.097225212783
  1217 -1.097225212783
  1218 -1.097225212783
  1219 -1.097225212783
  1220 -1.097225212783
  1221 -1.097225212783
  1222 -1.097225212783
  1223 -1.097225212783
  1224 -1.097225212783
  1225 -1.097225212783
  1226 -1.097225212783
  1227 -1.097225212783
  1228 -1.097225212783
  1229 -1.097225212783
  1230 -1.097225212783
  1231 -1.097225212783
  1232 -1.097225212783
  1233 -1.097225212783
  1234 -1.097225212783
  1235 -1.097225212783
  1236 -1.097225212783
  1237 -1.097225212783
  1238 -1.097225212783
  1239 -1.097225212783
  1240 -1.097225212783
  1241 -1.097225212783
  1242 -1.097225212783
  1243 -1.097225212783
  1244 -1.097225212783
  1245 -1.097225212783
  1246 -1.097225212783
  1247 -1.097225212783
  1248 -1.097225212783
  1249 -1.097225212783
  1250 -1.097225212783
  1251 -1.097225212783
  1252 -1.097225212783
  1253 -1.097225212783
  1254 -1.097225212783
  1255 -1.097225212783
  1256 -1.097225212783
  1257 -1.097225212783
  1258 -1.097225212783
  1259 -1.097225212783
  1260 -1.097225212783
  1261 -1.097225212783
  1262 -1.097225212783
  1263 -1.097225212783
  1264 -1.097225212783
  1265 -1.097225212783
  1266 -1.097225212783
  1267 -1.097225212783
  1268 -1.097225212783
  1269 -1.097225212783
  1270 -1.097225212783
  1271 -1.097225212783
  1272 -1.097225212783
  1273 -1.097225212783
  1274 -1.097225212783
  1275 -1.097225212783
  1276 -1.097225212783
  1277 -1.097225212783
  1278 -1.097225212783
  1279 -1.097225212783
  1280 -1.097225212783
  1281 -1.097225212783
  1282 -1.097225212783
  1283 -1.097225212783
  1284 -1.097225212783
  1285 -1.097225212783
  1286 -1.097225212783
  1287 -1.097225212783
  1288 -1.097225212783
  1289 -1.097225212783
  1290 -1.097225212783
  1291 -1.097225212783
  1292 -1.097225212783
  1293 -1.097225212783
  1294 -1.097225212783
  1295 -1.097225212783
  1296 -1.097225212783
  1297 -1.097225212783
  1298 -1.097225212783
  1299 -1.097225212783
  1300 -1.097225212783
  1301 -1.097225212783
  1302 -1.097225212783
  1303 -1.097225212783
  1304 -1.097225212783
  1305 -1.097225212783
  1306 -1.097225212783
  1307 -1.097225212783
  1308 -1.097225212783
  1309 -1.097225212783
  1310 -1.097225212783
  1311 -1.097225212783
  1312 -1.097225212783
  1313 -1.097225212783
  1314 -1.097225212783
  1315 -1.097225212783
  1316 -1.097225212783
  1317 -1.097225212783
  1318 -1.097225212783
  1319 -1.097225212783
  1320 -1.097225212783
  1321 -1.097225212783
  1322 -1.097225212783
  1323 -1.097225212783
  1324 -1.097225212783
  1325 -1.097225212783
  1326 -1.097225212783
  1327 -1.097225212783
  1328 -1.097225212783
  1329 -1.097225212783
  1330 -1.097225212783
  1331 -1.097225212783
  1332 -1.097225212783
  1333 -1.097225212783
  1334 -1.097225212783
  1335 -1.097225212783
  1336 -1.097225212783
  1337 -1.097225212783
  1338 -1.097225212783
  1339 -1.097225212783
  1340 -1.097225212783
  1341 -1.097225212783
  1342 -1.097225212783
  1343 -1.097225212783
  1344 -1.097225212783
  1345 -1.097225212783
  1346 -1.097225212783
  1347 -1.097225212783
  1348 -1.097225212783
  1349 -1.097225212783
  1350 -1.097225212783
  1351 -1.097225212783
  1352 -1.097225212783
  1353 -1.097225212783
  1354 -1.097225212783
  1355 -1.097225212783
  1356 -1.097225212783
  1357 -1.097225212783
  1358 -1.097225212783
  1359 -1.097225212783
  1360 -1.097225212783
  1361 -1.097225212783
  1362 -1.097225212783
  1363 -1.097225212783
  1364 -1.097225212783
  1365 -1.097225212783
  1366 -1.097225212783
  1367 -1.097225212783
  1368 -1.097225212783
  1369 -1.097225212783
  1370 -1.097225212783
  1371 -1.097225212783
  1372 -1.097225212783
  1373 -1.097225212783
  1374 -1.097225212783
  1375 -1.097225212783
  1376 -1.097225212783
  1377 -1.097225212783
  1378 -1.097225212783
  1379 -1.097225212783
  1380 -1.097225212783
  1381 -1.097225212783
  1382 -1.097225212783
  1383 -1.097225212783
  1384 -1.097225212783
  1385 -1.097225212783
  1386 -1.097225212783
  1387 -1.097225212783
  1388 -1.097225212783
  1389 -1.097225212783
  1390 -1.097225212783
  1391 -1.097225212783
  1392 -1.097225212783
  1393 -1.097225212783
  1394 -1.097225212783
  1395 -1.097225212783
  1396 -1.097225212783
  1397 -1.097225212783
  1398 -1.097225212783
  1399 -1.097225212783
  1400 -1.097225212783
  1401 -1.097225212783
  1402 -1.097225212783
  1403 -1.097225212783
  1404 -1.097225212783
  1405 -1.097225212783
  1406 -1.097225212783
  1407 -1.097225212783
  1408 -1.097225212783
  1409 -1.097225212783
  1410 -1.097225212783
  1411 -1.097225212783
  1412 -1.097225212783
  1413 -1.097225212783
  1414 -1.097225212783
  1415 -1.097225212783
  1416 -1.097225212783
  1417 -1.097225212783
  1418 -1.097225212783
  1419 -1.097225212783
  1420 -1.097225212783
  1421 -1.097225212783
  1422 -1.097225212783
  1423 -1.097225212783
  1424 -1.097225212783
  1425 -1.097225212783
  1426 -1.097225212783
  1427 -1.097225212783
  1428 -1.097225212783
  1429 -1.097225212783
  1430 -1.097225212783
  1431 -1.097225212783
  1432 -1.097225212783
  1433 -1.097225212783
  1434 -1.097225212783
  1435 -1.097225212783
  1436 -1.097225212783
  1437 -1.097225212783
  1438 -1.097225212783
  1439 -1.097225212783
  1440 -1.097225212783
  1441 -1.097225212783
  1442 -1.097225212783
  1443 -1.097225212783
  1444 -1.097225212783
  1445 -1.097225212783
  1446 -1.097225212783
  1447 -1.097225212783
  1448 -1.097225212783
  1449 -1.097225212783
  1450 -1.097225212783
  1451 -1.097225212783
  1452 -1.097225212783
  1453 -1.097225212783
  1454 -1.097225212783
  1455 -1.097225212783
  1456 -1.097225212783
  1457 -1.097225212783
  1458 -1.097225212783
  1459 -1.097225212783
  1460 -1.097225212783
  1461 -1.097225212783
  1462 -1.097225212783
  1463 -1.097225212783
  1464 -1.097225212783
  1465 -1.097225212783
  1466 -1.097225212783
  1467 -1.097225212783
  1468 -1.097225212783
  1469 -1.097225212783
  1470 -1.097225212783
  1471 -1.097225212783
  1472 -1.097225212783
  1473 -1.097225212783
  1474 -1.097225212783
  1475 -1.097225212783
  1476 -1.097225212783
  1477 -1.097225212783
  1478 -1.097225212783
  1479 -1.097225212783
  1480 -1.097225212783
  1481 -1.097225212783
  1482 -1.097225212783
  1483 -1.097225212783
  1484 -1.097225212783
  1485 -1.097225212783
  1486 -1.097225212783
  1487 -1.097225212783
  1488 -1.097225212783
  1489 -1.097225212783
  1490 -1.097225212783
  1491 -1.097225212783
  1492 -1.097225212783
  1493 -1.097225212783
  1494 -1.097225212783
  1495 -1.097225212783
  1496 -1.097225212783
  1497 -1.097225212783
  1498 -1.097225212783
  1499 -1.097225212783
  1500 -1.097225212783
  1501 -1.097225212783
  1502 -1.097225212783
  1503 -1.097225212783
  1504 -1.097225212783
  1505 -1.097225212783
  1506 -1.097225212783
  1507 -1.097225212783
  1508 -1.097225212783
  1509 -1.097225212783
  1510 -1.097225212783
  1511 -1.097225212783
  1512 -1.097225212783
  1513 -1.097225212783
  1514 -1.097225212783
  1515 -1.097225212783
  1516 -1.097225212783
  1517 -1.097225212783
  1518 -1.097225212783
  1519 -1.097225212783
  1520 -1.097225212783
  1521 -1.097225212783
  1522 -1.097225212783
  1523 -1.097225212783
  1524 -1.097225212783
  1525 -1.097225212783
  1526 -1.097225212783
  1527 -1.097225212783
  1528 -1.097225212783
  1529 -1.097225212783
  1530 -1.097225212783
  1531 -1.097225212783
  1532 -1.097225212783
  1533 -1.097225212783
  1534 -1.097225212783
  1535 -1.097225212783
  1536 -1.097225212783
  1537 -1.097225212783
  1538 -1.097225212783
  1539 -1.097225212783
  1540 -1.097225212783
  1541 -1.097225212783
  1542 -1.097225212783
  1543 -1.097225212783
  1544 -1.097225212783
  1545 -1.097225212783
  1546 -1.097225212783
  1547 -1.097225212783
  1548 -1.097225212783
  1549 -1.097225212783
  1550 -1.097225212783
  1551 -1.097225212783
  1552 -1.097225212783
  1553 -1.097225212783
  1554 -1.097225212783
  1555 -1.097225212783
  1556 -1.097225212783
  1557 -1.097225212783
  1558 -1.097225212783
  1559 -1.097225212783
  1560 -1.097225212783
  1561 -1.097225212783
  1562 -1.097225212783
  1563 -1.097225212783
  1564 -1.097225212783
  1565 -1.097225212783
  1566 -1.097225212783
  1567 -1.097225212783
  1568 -1.097225212783
  1569 -1.097225212783
  1570 -1.097225212783
  1571 -1.097225212783
  1572 -1.097225212783
  1573 -1.097225212783
  1574 -1.097225212783
  1575 -1.097225212783
  1576 -1.097225212783
  1577 -1.097225212783
  1578 -1.097225212783
  1579 -1.097225212783
  1580 -1.097225212783
  1581 -1.097225212783
  1582 -1.097225212783
  1583 -1.097225212783
  1584 -1.097225212783
  1585 -1.097225212783
  1586 -1.097225212783
  1587 -1.097225212783
  1588 -1.097225212783
  1589 -1.097225212783
  1590 -1.097225212783
  1591 -1.097225212783
  1592 -1.097225212783
  1593 -1.097225212783
  1594 -1.097225212783
  1595 -1.097225212783
  1596 -1.097225212783
  1597 -1.097225212783
  1598 -1.097225212783
  1599 -1.097225212783
  1600 -1.097225212783
  1601 -1.097225212783
  1602 -1.097225212783
  1603 -1.097225212783
  1604 -1.097225212783
  1605 -1.097225212783
  1606 -1.097225212783
  1607 -1.097225212783
  1608 -1.097225212783
  1609 -1.097225212783
  1610 -1.097225212783
  1611 -1.097225212783
  1612 -1.097225212783
  1613 -1.097225212783
  1614 -1.097225212783
  1615 -1.097225212783
  1616 -1.097225212783
  1617 -1.097225212783
  1618 -1.097225212783
  1619 -1.097225212783
  1620 -1.097225212783
  1621 -1.097225212783
  1622 -1.097225212783
  1623 -1.097225212783
  1624 -1.097225212783
  1625 -1.097225212783
  1626 -1.097225212783
  1627 -1.097225212783
  1628 -1.097225212783
  1629 -1.097225212783
  1630 -1.097225212783
  1631 -1.097225212783
  1632 -1.097225212783
  1633 -1.097225212783
  1634 -1.097225212783
  1635 -1.097225212783
  1636 -1.097225212783
  1637 -1.097225212783
  1638 -1.097225212783
  1639 -1.097225212783
  1640 -1.097225212783
  1641 -1.097225212783
  1642 -1.097225212783
  1643 -1.097225212783
  1644 -1.097225212783
  1645 -1.097225212783
  1646 -1.097225212783
  1647 -1.097225212783
  1648 -1.097225212783
  1649 -1.097225212783
  1650 -1.097225212783
  1651 -1.097225212783
  1652 -1.097225212783
  1653 -1.097225212783
  1654 -1.097225212783
  1655 -1.097225212783
  1656 -1.097225212783
  1657 -1.097225212783
  1658 -1.097225212783
  1659 -1.097225212783
  1660 -1.097225212783
  1661 -1.097225212783
  1662 -1.097225212783
  1663 -1.097225212783
  1664 -1.097225212783
  1665 -1.097225212783
  1666 -1.097225212783
  1667 -1.097225212783
  1668 -1.097225212783
  1669 -1.097225212783
  1670 -1.097225212783
  1671 -1.097225212783
  1672 -1.097225212783
  1673 -1.097225212783
  1674 -1.097225212783
  1675 -1.097225212783
  1676 -1.097225212783
  1677 -1.097225212783
  1678 -1.097225212783
  1679 -1.097225212783
  1680 -1.097225212783
  1681 -1.097225212783
  1682 -1.097225212783
  1683 -1.097225212783
  1684 -1.097225212783
  1685 -1.097225212783
  1686 -1.097225212783
  1687 -1.097225212783
  1688 -1.097225212783
  1689 -1.097225212783
  1690 -1.097225212783
  1691 -1.097225212783
  1692 -1.097225212783
  1693 -1.097225212783
  1694 -1.097225212783
  1695 -1.097225212783
  1696 -1.097225212783
  1697 -1.097225212783
  1698 -1.097225212783
  1699 -1.097225212783
  1700 -1.097225212783
  1701 -1.097225212783
  1702 -1.097225212783
  1703 -1.097225212783
  1704 -1.097225212783
  1705 -1.097225212783
  1706 -1.097225212783
  1707 -1.097225212783
  1708 -1.097225212783
  1709 -1.097225212783
  1710 -1.097225212783
  1711 -1.097225212783
  1712 -1.097225212783
  1713 -1.097225212783
  1714 -1.097225212783
  1715 -1.097225212783
  1716 -1.097225212783
  1717 -1.097225212783
  1718 -1.097225212783
  1719 -1.097225212783
  1720 -1.097225212783
  1721 -1.097225212783
  1722 -1.097225212783
  1723 -1.097225212783
  1724 -1.097225212783
  1725 -1.097225212783
  1726 -1.097225212783
  1727 -1.097225212783
  1728 -1.097225212783
  1729 -1.097225212783
  1730 -1.097225212783
  1731 -1.097225212783
  1732 -1.097225212783
  1733 -1.097225212783
  1734 -1.097225212783
  1735 -1.097225212783
  1736 -1.097225212783
  1737 -1.097225212783
  1738 -1.097225212783
  1739 -1.097225212783
  1740 -1.097225212783
  1741 -1.097225212783
  1742 -1.097225212783
  1743 -1.097225212783
  1744 -1.097225212783
  1745 -1.097225212783
  1746 -1.097225212783
  1747 -1.097225212783
  1748 -1.097225212783
  1749 -1.097225212783
  1750 -1.097225212783
  1751 -1.097225212783
  1752 -1.097225212783
  1753 -1.097225212783
  1754 -1.097225212783
  1755 -1.097225212783
  1756 -1.097225212783
  1757 -1.097225212783
  1758 -1.097225212783
  1759 -1.097225212783
  1760 -1.097225212783
  1761 -1.097225212783
  1762 -1.097225212783
  1763 -1.097225212783
  1764 -1.097225212783
  1765 -1.097225212783
  1766 -1.097225212783
  1767 -1.097225212783
  1768 -1.097225212783
  1769 -1.097225212783
  1770 -1.097225212783
  1771 -1.097225212783
  1772 -1.097225212783
  1773 -1.097225212783
  1774 -1.097225212783
  1775 -1.097225212783
  1776 -1.097225212783
  1777 -1.097225212783
  1778 -1.097225212783
  1779 -1.097225212783
  1780 -1.097225212783
  1781 -1.097225212783
  1782 -1.097225212783
  1783 -1.097225212783
  1784 -1.097225212783
  1785 -1.097225212783
  1786 -1.097225212783
  1787 -1.097225212783
  1788 -1.097225212783
  1789 -1.097225212783
  1790 -1.097225212783
  1791 -1.097225212783
  1792 -1.097225212783
  1793 -1.097225212783
  1794 -1.097225212783
  1795 -1.097225212783
  1796 -1.097225212783
  1797 -1.097225212783
  1798 -1.097225212783
  1799 -1.097225212783
  1800 -1.097225212783
  1801 -1.097225212783
  1802 -1.097225212783
  1803 -1.097225212783
  1804 -1.097225212783
  1805 -1.097225212783
  1806 -1.097225212783
  1807 -1.097225212783
  1808 -1.097225212783
  1809 -1.097225212783
  1810 -1.097225212783
  1811 -1.097225212783
  1812 -1.097225212783
  1813 -1.097225212783
  1814 -1.097225212783
  1815 -1.097225212783
  1816 -1.097225212783
  1817 -1.097225212783
  1818 -1.097225212783
  1819 -1.097225212783
  1820 -1.097225212783
  1821 -1.097225212783
  1822 -1.097225212783
  1823 -1.097225212783
  1824 -1.097225212783
  1825 -1.097225212783
  1826 -1.097225212783
  1827 -1.097225212783
  1828 -1.097225212783
  1829 -1.097225212783
  1830 -1.097225212783
  1831 -1.097225212783
  1832 -1.097225212783
  1833 -1.097225212783
  1834 -1.097225212783
  1835 -1.097225212783
  1836 -1.097225212783
  1837 -1.097225212783
  1838 -1.097225212783
  1839 -1.097225212783
  1840 -1.097225212783
  1841 -1.097225212783
  1842 -1.097225212783
  1843 -1.097225212783
  1844 -1.097225212783
  1845 -1.097225212783
  1846 -1.097225212783
  1847 -1.097225212783
  1848 -1.097225212783
  1849 -1.097225212783
  1850 -1.097225212783
  1851 -1.097225212783
  1852 -1.097225212783
  1853 -1.097225212783
  1854 -1.097225212783
  1855 -1.097225212783
  1856 -1.097225212783
  1857 -1.097225212783
  1858 -1.097225212783
  1859 -1.097225212783
  1860 -1.097225212783
  1861 -1.097225212783
  1862 -1.097225212783
  1863 -1.097225212783
  1864 -1.097225212783
  1865 -1.097225212783
  1866 -1.097225212783
  1867 -1.097225212783
  1868 -1.097225212783
  1869 -1.097225212783
  1870 -1.097225212783
  1871 -1.097225212783
  1872 -1.097225212783
  1873 -1.097225212783
  1874 -1.097225212783
  1875 -1.097225212783
  1876 -1.097225212783
  1877 -1.097225212783
  1878 -1.097225212783
  1879 -1.097225212783
  1880 -1.097225212783
  1881 -1.097225212783
  1882 -1.097225212783
  1883 -1.097225212783
  1884 -1.097225212783
  1885 -1.097225212783
  1886 -1.097225212783
  1887 -1.097225212783
  1888 -1.097225212783
  1889 -1.097225212783
  1890 -1.097225212783
  1891 -1.097225212783
  1892 -1.097225212783
  1893 -1.097225212783
  1894 -1.097225212783
  1895 -1.097225212783
  1896 -1.097225212783
  1897 -1.097225212783
  1898 -1.097225212783
  1899 -1.097225212783
  1900 -1.097225212783
  1901 -1.097225212783
  1902 -1.097225212783
  1903 -1.097225212783
  1904 -1.097225212783
  1905 -1.097225212783
  1906 -1.097225212783
  1907 -1.097225212783
  1908 -1.097225212783
  1909 -1.097225212783
  1910 -1.097225212783
  1911 -1.097225212783
  1912 -1.097225212783
  1913 -1.097225212783
  1914 -1.097225212783
  1915 -1.097225212783
  1916 -1.097225212783
  1917 -1.097225212783
  1918 -1.097225212783
  1919 -1.097225212783
  1920 -1.097225212783
  1921 -1.097225212783
  1922 -1.097225212783
  1923 -1.097225212783
  1924 -1.097225212783
  1925 -1.097225212783
  1926 -1.097225212783
  1927 -1.097225212783
  1928 -1.097225212783
  1929 -1.097225212783
  1930 -1.097225212783
  1931 -1.097225212783
  1932 -1.097225212783
  1933 -1.097225212783
  1934 -1.097225212783
  1935 -1.097225212783
  1936 -1.097225212783
  1937 -1.097225212783
  1938 -1.097225212783
  1939 -1.097225212783
  1940 -1.097225212783
  1941 -1.097225212783
  1942 -1.097225212783
  1943 -1.097225212783
  1944 -1.097225212783
  1945 -1.097225212783
  1946 -1.097225212783
  1947 -1.097225212783
  1948 -1.097225212783
  1949 -1.097225212783
  1950 -1.097225212783
  1951 -1.097225212783
  1952 -1.097225212783
  1953 -1.097225212783
  1954 -1.097225212783
  1955 -1.097225212783
  1956 -1.097225212783
  1957 -1.097225212783
  1958 -1.097225212783
  1959 -1.097225212783
  1960 -1.097225212783
  1961 -1.097225212783
  1962 -1.097225212783
  1963 -1.097225212783
  1964 -1.097225212783
  1965 -1.097225212783
  1966 -1.097225212783
  1967 -1.097225212783
  1968 -1.097225212783
  1969 -1.097225212783
  1970 -1.097225212783
  1971 -1.097225212783
  1972 -1.097225212783
  1973 -1.097225212783
  1974 -1.097225212783
  1975 -1.097225212783
  1976 -1.097225212783
  1977 -1.097225212783
  1978 -1.097225212783
  1979 -1.097225212783
  1980 -1.097225212783
  1981 -1.097225212783
  1982 -1.097225212783
  1983 -1.097225212783
  1984 -1.097225212783
  1985 -1.097225212783
  1986 -1.097225212783
  1987 -1.097225212783
  1988 -1.097225212783
  1989 -1.097225212783
  1990 -1.097225212783
  1991 -1.097225212783
  1992 -1.097225212783
  1993 -1.097225212783
  1994 -1.097225212783
  1995 -1.097225212783
  1996 -1.097225212783
  1997 -1.097225212783
  1998 -1.097225212783
  1999 -1.097225212783
  2000 -1.097225212783
