     1 -0.884226782368
     2 -0.919439115532
     3 -0.964163408735
     4 -0.972137497865
     5 -0.973225776625
     6 -0.973762057861
     7 -0.974089147133
     8 -0.974259333242
     9 -0.974347186271
    10 -0.974395843005
    11 -0.974426675915
    12 -0.974449770981
    13 -0.974469778399
    14 -0.974488842568
    15 -0.974507942181
    16 -0.974527547663
    17 -0.974547886588
    18 -0.974569088188
    19 -0.974591229560
    20 -0.974614354986
    21 -0.974638487411
    22 -0.974663613324
    23 -0.974689705610
    24 -0.974716713182
    25 -0.974744530743
    26 -0.974773051500
    27 -0.974802128670
    28 -0.974831597809
    29 -0.974861256166
    30 -0.974890906772
    31 -0.974920330313
    32 -0.974949313142
    33 -0.974977639138
    34 -0.975005122713
    35 -0.975031599593
    36 -0.975056927071
    37 -0.975080992851
    38 -0.975103735818
    39 -0.975125103273
    40 -0.975145092046
    41 -0.975163709367
    42 -0.975180996733
    43 -0.975196996710
    44 -0.975211783003
    45 -0.975225424731
    46 -0.975237992929
    47 -0.975249565901
    48 -0.975260226889
    49 -0.975270042302
    50 -0.975279088608
    51 -1.150358231157
    52 -0.944612953035
    53 -0.959898841605
    54 -0.965700640283
    55 -0.969624363470
    56 -0.971650868645
    57 -0.972895238230
    58 -0.973662277585
    59 -0.974159243824
    60 -0.974491133651
    61 -0.974717891848
    62 -0.974875216629
    63 -0.974985764789
    64 -0.975064485077
    65 -0.975121479483
    66 -0.975163621322
    67 -0.975195574234
    68 -0.975220475879
    69 -0.975240444421
    70 -0.975256888604
    71 -0.975270772055
    72 -0.975282738331
    73 -0.975293235823
    74 -0.975302580261
    75 -0.975310983227
    76 -0.975318610935
    77 -0.975325582391
    78 -0.975331978431
    79 -0.975337868698
    80 -0.975343305028
    81 -0.975348345488
    82 -0.975353009299
    83 -0.975357345277
    84 -0.975361372046
    85 -0.975365108346
    86 -0.975368593724
    87 -0.975371832160
    88 -0.975374848347
    89 -0.975377659554
    90 -0.975380289142
    91 -0.975382733774
    92 -0.975385028679
    93 -0.975387169825
    94 -0.975389172017
    95 -0.975391049354
    96 -0.975392815250
    97 -0.975394476503
    98 -0.975396033621
    99 -0.975397498559
   100 -0.975398882615
   101 -1.105072881468
   102 -0.953940414218
   103 -0.958457914250
   104 -0.964427339604
   105 -0.968197687971
   106 -0.971066338615
   107 -0.972909028379
   108 -0.973993093716
   109 -0.974552050509
   110 -0.974849816675
   111 -0.975014408109
   112 -0.975112924669
   113 -0.975176279117
   114 -0.975219752899
   115 -0.975251278316
   116 -0.975275246323
   117 -0.975294205572
   118 -0.975309720457
   119 -0.975322763460
   120 -0.975333967038
   121 -0.975343758402
   122 -0.975352413539
   123 -0.975360132199
   124 -0.975367056178
   125 -0.975373290164
   126 -0.975378908835
   127 -0.975383970503
   128 -0.975388528752
   129 -0.975392624698
   130 -0.975396305687
   131 -0.975399594057
   132 -0.975402536079
   133 -0.975405157040
   134 -0.975407496186
   135 -0.975409571162
   136 -0.975411416881
   137 -0.975413050380
   138 -0.975414505050
   139 -0.975415804557
   140 -0.975416954435
   141 -0.975417984357
   142 -0.975418905784
   143 -0.975419728983
   144 -0.975420471341
   145 -0.975421140810
   146 -0.975421752550
   147 -0.975422304411
   148 -0.975422809783
   149 -0.975423273153
   150 -0.975423698398
   151 -1.129961177630
   152 -0.951419900487
   153 -0.959674720939
   154 -0.965889663316
   155 -0.969649862970
   156 -0.972002403062
   157 -0.973231026992
   158 -0.973987065954
   159 -0.974447781502
   160 -0.974738017138
   161 -0.974922680395
   162 -0.975042689389
   163 -0.975122699221
   164 -0.975177951464
   165 -0.975217675708
   166 -0.975247497285
   167 -0.975270824235
   168 -0.975289746618
   169 -0.975305555202
   170 -0.975319066718
   171 -0.975330818052
   172 -0.975341156228
   173 -0.975350327052
   174 -0.975358519799
   175 -0.975365854025
   176 -0.975372439883
   177 -0.975378362590
   178 -0.975383694281
   179 -0.975388484151
   180 -0.975392804063
   181 -0.975396685284
   182 -0.975400175165
   183 -0.975403313567
   184 -0.975406133324
   185 -0.975408672193
   186 -0.975410942174
   187 -0.975412983692
   188 -0.975414815696
   189 -0.975416458937
   190 -0.975417936030
   191 -0.975419256517
   192 -0.975420443359
   193 -0.975421510477
   194 -0.975422470426
   195 -0.975423334502
   196 -0.975424112847
   197 -0.975424807210
   198 -0.975425440404
   199 -0.975426005074
   200 -0.975426522306
   201 -1.134912604545
   202 -0.948769843470
   203 -0.957515143715
   204 -0.964742472882
   205 -0.969242640329
   206 -0.971602018588
   207 -0.972847796276
   208 -0.973622023015
   209 -0.974114285188
   210 -0.974446796418
   211 -0.974678858312
   212 -0.974845385194
   213 -0.974966888025
   214 -0.975056696851
   215 -0.975123924861
   216 -0.975175009332
   217 -0.975214486073
   218 -0.975245546771
   219 -0.975270422369
   220 -0.975290688729
   221 -0.975307455576
   222 -0.975321522426
   223 -0.975333476551
   224 -0.975343742584
   225 -0.975352634807
   226 -0.975360403867
   227 -0.975367225995
   228 -0.975373254263
   229 -0.975378601076
   230 -0.975383363651
   231 -0.975387613715
   232 -0.975391424468
   233 -0.975394835366
   234 -0.975397900793
   235 -0.975400663317
   236 -0.975403146084
   237 -0.975405394356
   238 -0.975407417785
   239 -0.975409249147
   240 -0.975410909096
   241 -0.975412406874
   242 -0.975413770976
   243 -0.975415010409
   244 -0.975416136650
   245 -0.975417163719
   246 -0.975418099890
   247 -0.975418956297
   248 -0.975419738704
   249 -0.975420455959
   250 -0.975421120017
   251 -1.119730177346
   252 -0.952788075202
   253 -0.961033497697
   254 -0.966241536539
   255 -0.970142553467
   256 -0.972248508343
   257 -0.973492404906
   258 -0.974208909511
   259 -0.974622706528
   260 -0.974874109187
   261 -0.975031612469
   262 -0.975135119231
   263 -0.975205793981
   264 -0.975255883549
   265 -0.975292502678
   266 -0.975319991192
   267 -0.975341086350
   268 -0.975357583503
   269 -0.975370685609
   270 -0.975381220603
   271 -0.975389793241
   272 -0.975396823645
   273 -0.975402631366
   274 -0.975407459012
   275 -0.975411488115
   276 -0.975414863226
   277 -0.975417699404
   278 -0.975420087531
   279 -0.975422098150
   280 -0.975423797492
   281 -0.975425229751
   282 -0.975426445119
   283 -0.975427468006
   284 -0.975428337652
   285 -0.975429075931
   286 -0.975429707810
   287 -0.975430235500
   288 -0.975430691666
   289 -0.975431080519
   290 -0.975431411079
   291 -0.975431697454
   292 -0.975431939333
   293 -0.975432148505
   294 -0.975432329308
   295 -0.975432491920
   296 -0.975432626207
   297 -0.975432747764
   298 -0.975432852087
   299 -0.975432947434
   300 -0.975433028666
   301 -1.109487176642
   302 -0.946673022676
   303 -0.957684404785
   304 -0.963221366044
   305 -0.967374902133
   306 -0.969960965144
   307 -0.971537926867
   308 -0.972597878513
   309 -0.973354967538
   310 -0.973888520306
   311 -0.974277556665
   312 -0.974555230416
   313 -0.974752574375
   314 -0.974891744330
   315 -0.974990178970
   316 -0.975060638863
   317 -0.975112095023
   318 -0.975150638800
   319 -0.975180340697
   320 -0.975203896442
   321 -0.975223127847
   322 -0.975239232044
   323 -0.975253022490
   324 -0.975265065980
   325 -0.975275741581
   326 -0.975285329411
   327 -0.975294019040
   328 -0.975301955100
   329 -0.975309247089
   330 -0.975315972732
   331 -0.975322204011
   332 -0.975327984388
   333 -0.975333362289
   334 -0.975338372638
   335 -0.975343050550
   336 -0.975347414083
   337 -0.975351498410
   338 -0.975355313566
   339 -0.975358894016
   340 -0.975362241801
   341 -0.975365390280
   342 -0.975368345031
   343 -0.975371122884
   344 -0.975373736384
   345 -0.975376194026
   346 -0.975378511032
   347 -0.975380701886
   348 -0.975382766739
   349 -0.975384725861
   350 -0.975386572023
   351 -0.975388330857
   352 -0.975389994586
   353 -0.975391568394
   354 -0.975393069578
   355 -0.975394502246
   356 -0.975395858118
   357 -0.975397159116
   358 -0.975398396544
   359 -0.975399579519
   360 -0.975400705144
   361 -0.975401787645
   362 -0.975402823718
   363 -0.975403815694
   364 -0.975404765733
   365 -0.975405681283
   366 -0.975406558708
   367 -0.975407399770
   368 -0.975408211372
   369 -0.975408989714
   370 -0.975409746560
   371 -0.975410467707
   372 -0.975411164667
   373 -0.975411838515
   374 -0.975412490275
   375 -0.975413115998
   376 -0.975413716690
   377 -0.975414302960
   378 -0.975414865939
   379 -0.975415415992
   380 -0.975415944336
   381 -0.975416451748
   382 -0.975416948226
   383 -0.975417425107
   384 -0.975417892195
   385 -0.975418340917
   386 -0.975418776384
   387 -0.975419199103
   388 -0.975419605131
   389 -0.975420003808
   390 -0.975420386770
   391 -0.975420758860
   392 -0.975421120487
   393 -0.975421472049
   394 -0.975421813930
   395 -0.975422142262
   396 -0.975422465870
   397 -0.975422776668
   398 -0.975423075037
   399 -0.975423369611
   400 -0.975423656531
   401 -0.975423936099
   402 -0.975424204532
   403 -0.975424462141
   404 -0.975424717285
   405 -0.975424970179
   406 -0.975425205083
   407 -0.975425438233
   408 -0.975425669812
   409 -0.975425892150
   410 -0.975426105505
   411 -0.975426314013
   412 -0.975426517873
   413 -0.975426713420
   414 -0.975426908576
   415 -0.975427095831
   416 -0.975427275400
   417 -0.975427455088
   418 -0.975427627459
   419 -0.975427800261
   420 -0.975427958587
   421 -0.975428121396
   422 -0.975428273854
   423 -0.975428427321
   424 -0.975428574501
   425 -0.975428715557
   426 -0.975428858010
   427 -0.975428994629
   428 -0.975429125563
   429 -0.975429258255
   430 -0.975429385528
   431 -0.975429507523
   432 -0.975429624365
   433 -0.975429743394
   434 -0.975429857510
   435 -0.975429966839
   436 -0.975430071496
   437 -0.975430178730
   438 -0.975430281509
   439 -0.975430379947
   440 -0.975430481234
   441 -0.975430574846
   442 -0.975430667947
   443 -0.975430757102
   444 -0.975430849426
   445 -0.975430930982
   446 -0.975431015859
   447 -0.975431097147
   448 -0.975431174933
   449 -0.975431256249
   450 -0.975431334230
   451 -0.975431408958
   452 -0.975431480506
   453 -0.975431548942
   454 -0.975431614334
   455 -0.975431683625
   456 -0.975431750019
   457 -0.975431813589
   458 -0.975431874398
   459 -0.975431939334
   460 -0.975431994822
   461 -0.975432054537
   462 -0.975432111736
   463 -0.975432166478
   464 -0.975432218819
   465 -0.975432275576
   466 -0.975432323290
   467 -0.975432375509
   468 -0.975432425540
   469 -0.975432473437
   470 -0.975432519245
   471 -0.975432563009
   472 -0.975432611476
   473 -0.975432651305
   474 -0.975432695912
   475 -0.975432738661
   476 -0.975432779595
   477 -0.975432818755
   478 -0.975432856175
   479 -0.975432891892
   480 -0.975432932587
   481 -0.975432965031
   482 -0.975433002516
   483 -0.975433038457
   484 -0.975433072890
   485 -0.975433105847
   486 -0.975433137358
   487 -0.975433167452
   488 -0.975433196158
   489 -0.975433230094
   490 -0.975433256136
   491 -0.975433287460
   492 -0.975433310957
   493 -0.975433339776
   494 -0.975433367391
   495 -0.975433393833
   496 -0.975433419127
   497 -0.975433443295
   498 -0.975433466359
   499 -0.975433488341
   500 -0.975433515799
   501 -0.975433535712
   502 -0.975433561142
   503 -0.975433579074
   504 -0.975433602554
   505 -0.975433625099
   506 -0.975433640220
   507 -0.975433660935
   508 -0.975433680769
   509 -0.975433699747
   510 -0.975433717887
   511 -0.975433735206
   512 -0.975433758211
   513 -0.975433773962
   514 -0.975433788946
   515 -0.975433803168
   516 -0.975433823122
   517 -0.975433835894
   518 -0.975433854428
   519 -0.975433865818
   520 -0.975433882991
   521 -0.975433899513
   522 -0.975433908943
   523 -0.975433924188
   524 -0.975433938820
   525 -0.975433952857
   526 -0.975433966312
   527 -0.975433979197
   528 -0.975433991520
   529 -0.975434003293
   530 -0.975434014526
   531 -0.975434025230
   532 -0.975434035416
   533 -0.975434045095
   534 -0.975434054276
   535 -0.975434069402
   536 -0.975434077649
   537 -0.975434085435
   538 -0.975434099188
   539 -0.975434106091
   540 -0.975434118979
   541 -0.975434125040
   542 -0.975434137097
   543 -0.975434142346
   544 -0.975434153603
   545 -0.975434158070
   546 -0.975434168557
   547 -0.975434178684
   548 -0.975434182054
   549 -0.975434191463
   550 -0.975434200531
   551 -0.975434209270
   552 -0.975434211286
   553 -0.975434219360
   554 -0.975434227118
   555 -0.975434234573
   556 -0.975434241732
   557 -0.975434248601
   558 -0.975434255184
   559 -0.975434261486
   560 -0.975434267512
   561 -0.975434273266
   562 -0.975434278755
   563 -0.975434283984
   564 -0.975434288957
   565 -0.975434293680
   566 -0.975434298159
   567 -0.975434302398
   568 -0.975434312787
   569 -0.975434316590
   570 -0.975434320173
   571 -0.975434323534
   572 -0.975434326673
   573 -0.975434335977
   574 -0.975434338719
   575 -0.975434341262
   576 -0.975434349979
   577 -0.975434352147
   578 -0.975434354124
   579 -0.975434362284
   580 -0.975434363907
   581 -0.975434365350
   582 -0.975434372983
   583 -0.975434374092
   584 -0.975434375032
   585 -0.975434382170
   586 -0.975434382797
   587 -0.975434389633
   588 -0.975434389967
   589 -0.975434396513
   590 -0.975434396563
   591 -0.975434402829
   592 -0.975434402603
   593 -0.975434408598
   594 -0.975434408109
   595 -0.975434413843
   596 -0.975434413099
   597 -0.975434418584
   598 -0.975434417596
   599 -0.975434422840
   600 -0.975434421619
   601 -0.975434426633
   602 -0.975434431549
   603 -0.975434430011
   604 -0.975434434716
   605 -0.975434439325
   606 -0.975434437486
   607 -0.975434441893
   608 -0.975434439850
   609 -0.975434444055
   610 -0.975434448175
   611 -0.975434445860
   612 -0.975434449798
   613 -0.975434453657
   614 -0.975434451086
   615 -0.975434454773
   616 -0.975434458383
   617 -0.975434461926
   618 -0.975434459048
   619 -0.975434462430
   620 -0.975434465740
   621 -0.975434468987
   622 -0.975434465820
   623 -0.975434468916
   624 -0.975434471947
   625 -0.975434474920
   626 -0.975434471484
   627 -0.975434474317
   628 -0.975434477090
   629 -0.975434479809
   630 -0.975434476127
   631 -0.975434478718
   632 -0.975434481253
   633 -0.975434483740
   634 -0.975434486182
   635 -0.975434482228
   636 -0.975434484549
   637 -0.975434486820
   638 -0.975434489048
   639 -0.975434491235
   640 -0.975434487032
   641 -0.975434489109
   642 -0.975434491139
   643 -0.975434493131
   644 -0.975434495088
   645 -0.975434497009
   646 -0.975434492546
   647 -0.975434494365
   648 -0.975434496142
   649 -0.975434497886
   650 -0.975434499600
   651 -0.975434501282
   652 -0.975434502933
   653 -0.975434498204
   654 -0.975434499762
   655 -0.975434501283
   656 -0.975434502776
   657 -0.975434504243
   658 -0.975434505683
   659 -0.975434507097
   660 -0.975434508484
   661 -0.975434509844
   662 -0.975434504830
   663 -0.975434506107
   664 -0.975434507352
   665 -0.975434508574
   666 -0.975434509775
   667 -0.975434510955
   668 -0.975434512114
   669 -0.975434513251
   670 -0.975434514366
   671 -0.975434515459
   672 -0.975434510185
   673 -0.975434511205
   674 -0.975434512199
   675 -0.975434513174
   676 -0.975434514134
   677 -0.975434515078
   678 -0.975434516006
   679 -0.975434516917
   680 -0.975434517810
   681 -0.975434518686
   682 -0.975434519544
   683 -0.975434520385
   684 -0.975434521209
   685 -0.975434522016
   686 -0.975434516462
   687 -0.975434517207
   688 -0.975434517931
   689 -0.975434518642
   690 -0.975434519343
   691 -0.975434520033
   692 -0.975434520712
   693 -0.975434521379
   694 -0.975434522034
   695 -0.975434522677
   696 -0.975434523307
   697 -0.975434523924
   698 -0.975434524529
   699 -0.975434525121
   700 -0.975434525701
   701 -0.975434526270
   702 -0.975434526826
   703 -0.975434527371
   704 -0.975434527904
   705 -0.975434522083
   706 -0.975434522566
   707 -0.975434523033
   708 -0.975434523492
   709 -0.975434523946
   710 -0.975434524395
   711 -0.975434524838
   712 -0.975434525274
   713 -0.975434525702
   714 -0.975434526123
   715 -0.975434526536
   716 -0.975434526941
   717 -0.975434527338
   718 -0.975434527727
   719 -0.975434528108
   720 -0.975434528481
   721 -0.975434528847
   722 -0.975434529205
   723 -0.975434529555
   724 -0.975434529898
   725 -0.975434530234
   726 -0.975434530563
   727 -0.975434530885
   728 -0.975434531201
   729 -0.975434531509
   730 -0.975434531811
   731 -0.975434532107
   732 -0.975434532396
   733 -0.975434532679
   734 -0.975434532956
   735 -0.975434533227
   736 -0.975434533493
   737 -0.975434533753
   738 -0.975434527666
   739 -0.975434527886
   740 -0.975434528096
   741 -0.975434528304
   742 -0.975434528512
   743 -0.975434528721
   744 -0.975434528928
   745 -0.975434529133
   746 -0.975434529336
   747 -0.975434529535
   748 -0.975434529732
   749 -0.975434529925
   750 -0.975434530115
   751 -0.975434530301
   752 -0.975434530484
   753 -0.975434530663
   754 -0.975434530838
   755 -0.975434531010
   756 -0.975434531178
   757 -0.975434531343
   758 -0.975434531505
   759 -0.975434531663
   760 -0.975434531818
   761 -0.975434531970
   762 -0.975434532118
   763 -0.975434532263
   764 -0.975434532406
   765 -0.975434532545
   766 -0.975434532681
   767 -0.975434532815
   768 -0.975434532945
   769 -0.975434533073
   770 -0.975434533199
   771 -0.975434533321
   772 -0.975434533441
   773 -0.975434533558
   774 -0.975434533673
   775 -0.975434533786
   776 -0.975434533896
   777 -0.975434534003
   778 -0.975434534109
   779 -0.975434534212
   780 -0.975434534313
   781 -0.975434534412
   782 -0.975434534508
   783 -0.975434534603
   784 -0.975434534696
   785 -0.975434534786
   786 -0.975434534875
   787 -0.975434534962
   788 -0.975434535047
   789 -0.975434535130
   790 -0.975434535211
   791 -0.975434535291
   792 -0.975434535369
   793 -0.975434535445
   794 -0.975434535520
   795 -0.975434535593
   796 -0.975434535664
   797 -0.975434535734
   798 -0.975434535803
   799 -0.975434535870
   800 -0.975434535935
   801 -0.975434536000
   802 -0.975434536062
   803 -0.975434536124
   804 -0.975434536184
   805 -0.975434536243
   806 -0.975434536301
   807 -0.975434536357
   808 -0.975434536412
   809 -0.975434536466
   810 -0.975434536519
   811 -0.975434536571
   812 -0.975434536622
   813 -0.975434536671
   814 -0.975434536720
   815 -0.975434536767
   816 -0.975434536813
   817 -0.975434536859
   818 -0.975434536903
   819 -0.975434536947
   820 -0.975434536990
   821 -0.975434537031
   822 -0.975434537072
   823 -0.975434537112
   824 -0.975434537151
   825 -0.975434537189
   826 -0.975434537227
   827 -0.975434537263
   828 -0.975434537299
   829 -0.975434537334
   830 -0.975434537369
   831 -0.975434537402
   832 -0.975434537435
   833 -0.975434537467
   834 -0.975434537499
   835 -0.975434537530
   836 -0.975434537560
   837 -0.975434537589
   838 -0.975434537618
   839 -0.975434537647
   840 -0.975434537674
   841 -0.975434537701
   842 -0.975434537728
   843 -0.975434537754
   844 -0.975434537779
   845 -0.975434537804
   846 -0.975434537828
   847 -0.975434537852
   848 -0.975434537875
   849 -0.975434537898
   850 -0.975434537920
   851 -0.975434537942
   852 -0.975434537964
   853 -0.975434537985
   854 -0.975434538005
   855 -0.975434538025
   856 -0.975434538045
   857 -0.975434538064
   858 -0.975434538083
   859 -0.975434538101
   860 -0.975434538119
   861 -0.975434538137
   862 -0.975434538154
   863 -0.975434538171
   864 -0.975434538187
   865 -0.975434538203
   866 -0.975434538219
   867 -0.975434538234
   868 -0.975434538250
   869 -0.975434538264
   870 -0.975434538279
   871 -0.975434538293
   872 -0.975434538307
   873 -0.975434538321
   874 -0.975434538334
   875 -0.975434538347
   876 -0.975434538360
   877 -0.975434538372
   878 -0.975434538384
   879 -0.975434538396
   880 -0.975434538408
   881 -0.975434538419
   882 -0.975434538430
   883 -0.975434538441
   884 -0.975434538452
   885 -0.975434538463
   886 -0.975434538473
   887 -0.975434538483
   888 -0.975434538493
   889 -0.975434538502
   890 -0.975434538512
   891 -0.975434538521
   892 -0.975434538530
   893 -0.975434538539
   894 -0.975434538547
   895 -0.975434538556
   896 -0.975434538564
   897 -0.975434538572
   898 -0.975434538580
   899 -0.975434538588
   900 -0.975434538595
   901 -0.975434538603
   902 -0.975434538610
   903 -0.975434538617
   904 -0.975434538624
   905 -0.975434538631
   906 -0.975434538638
   907 -0.975434538644
   908 -0.975434538651
   909 -0.975434538657
   910 -0.975434538663
   911 -0.975434538669
   912 -0.975434538675
   913 -0.975434538680
   914 -0.975434538686
   915 -0.975434538692
   916 -0.975434538697
   917 -0.975434538702
   918 -0.975434538707
   919 -0.975434538712
   920 -0.975434538717
   921 -0.975434538722
   922 -0.975434538727
   923 -0.975434538731
   924 -0.975434538736
   925 -0.975434538740
   926 -0.975434538745
   927 -0.975434538749
   928 -0.975434538753
   929 -0.975434538757
   930 -0.975434538761
   931 -0.975434538765
   932 -0.975434538769
   933 -0.975434538773
   934 -0.975434538776
   935 -0.975434538780
   936 -0.975434538783
   937 -0.975434538787
   938 -0.975434538790
   939 -0.975434538793
   940 -0.975434538796
   941 -0.975434538800
   942 -0.975434538803
   943 -0.975434538806
   944 -0.975434538809
   945 -0.975434538811
   946 -0.975434538814
   947 -0.975434538817
   948 -0.975434538820
   949 -0.975434538822
   950 -0.975434538825
   951 -0.975434538827
   952 -0.975434538830
   953 -0.975434538832
   954 -0.975434538835
   955 -0.975434538837
   956 -0.975434538839
   957 -0.975434538842
   958 -0.975434538844
   959 -0.975434538846
   960 -0.975434538848
   961 -0.975434538850
   962 -0.975434538852
   963 -0.975434538854
   964 -0.975434538856
   965 -0.975434538858
   966 -0.975434538859
   967 -0.975434538861
   968 -0.975434538863
   969 -0.975434538865
   970 -0.975434538866
   971 -0.975434538868
   972 -0.975434538870
   973 -0.975434538871
   974 -0.975434538873
   975 -0.975434538874
   976 -0.975434538876
   977 -0.975434538877
   978 -0.975434538879
   979 -0.975434538880
   980 -0.975434538881
   981 -0.975434538883
   982 -0.975434538884
   983 -0.975434538885
   984 -0.975434538886
   985 -0.975434538888
   986 -0.975434538889
   987 -0.975434538890
   988 -0.975434538891
   989 -0.975434538892
   990 -0.975434538893
   991 -0.975434538894
   992 -0.975434538895
   993 -0.975434538896
   994 -0.975434538897
   995 -0.975434538898
   996 -0.975434538899
   997 -0.975434538900
   998 -0.975434538901
   999 -0.975434538902
  1000 -0.975434538903
  1001 -0.975434538904
  1002 -0.975434538905
  1003 -0.975434538905
  1004 -0.975434538906
  1005 -0.975434538907
  1006 -0.975434538908
  1007 -0.975434538909
  1008 -0.975434538909
  1009 -0.975434538910
  1010 -0.975434538911
  1011 -0.975434538911
  1012 -0.975434538912
  1013 -0.975434538913
  1014 -0.975434538913
  1015 -0.975434538914
  1016 -0.975434538915
  1017 -0.975434538915
  1018 -0.975434538916
  1019 -0.975434538916
  1020 -0.975434538917
  1021 -0.975434538918
  1022 -0.975434538918
  1023 -0.975434538919
  1024 -0.975434538919
  1025 -0.975434538920
  1026 -0.975434538920
  1027 -0.975434538921
  1028 -0.975434538921
  1029 -0.975434538922
  1030 -0.975434538922
  1031 -0.975434538923
  1032 -0.975434538923
  1033 -0.975434538923
  1034 -0.975434538924
  1035 -0.975434538924
  1036 -0.975434538925
  1037 -0.975434538925
  1038 -0.975434538925
  1039 -0.975434538926
  1040 -0.975434538926
  1041 -0.975434538927
  1042 -0.975434538927
  1043 -0.975434538927
  1044 -0.975434538928
  1045 -0.975434538928
  1046 -0.975434538928
  1047 -0.975434538929
  1048 -0.975434538929
  1049 -0.975434538929
  1050 -0.975434538930
  1051 -0.975434538930
  1052 -0.975434538930
  1053 -0.975434538930
  1054 -0.975434538931
  1055 -0.975434538931
  1056 -0.975434538931
  1057 -0.975434538931
  1058 -0.975434538932
  1059 -0.975434538932
  1060 -0.975434538932
  1061 -0.975434538932
  1062 -0.975434538933
  1063 -0.975434538933
  1064 -0.975434538933
  1065 -0.975434538933
  1066 -0.975434538933
  1067 -0.975434538934
  1068 -0.975434538934
  1069 -0.975434538934
  1070 -0.975434538934
  1071 -0.975434538934
  1072 -0.975434538935
  1073 -0.975434538935
  1074 -0.975434538935
  1075 -0.975434538935
  1076 -0.975434538935
  1077 -0.975434538936
  1078 -0.975434538936
  1079 -0.975434538936
  1080 -0.975434538936
  1081 -0.975434538936
  1082 -0.975434538936
  1083 -0.975434538936
  1084 -0.975434538937
  1085 -0.975434538937
  1086 -0.975434538937
  1087 -0.975434538937
  1088 -0.975434538937
  1089 -0.975434538937
  1090 -0.975434538937
  1091 -0.975434538938
  1092 -0.975434538938
  1093 -0.975434538938
  1094 -0.975434538938
  1095 -0.975434538938
  1096 -0.975434538938
  1097 -0.975434538938
  1098 -0.975434538938
  1099 -0.975434538938
  1100 -0.975434538939
  1101 -0.975434538939
  1102 -0.975434538939
  1103 -0.975434538939
  1104 -0.975434538939
  1105 -0.975434538939
  1106 -0.975434538939
  1107 -0.975434538939
  1108 -0.975434538939
  1109 -0.975434538939
  1110 -0.975434538939
  1111 -0.975434538940
  1112 -0.975434538940
  1113 -0.975434538940
  1114 -0.975434538940
  1115 -0.975434538940
  1116 -0.975434538940
  1117 -0.975434538940
  1118 -0.975434538940
  1119 -0.975434538940
  1120 -0.975434538940
  1121 -0.975434538940
  1122 -0.975434538940
  1123 -0.975434538940
  1124 -0.975434538940
  1125 -0.975434538940
  1126 -0.975434538941
  1127 -0.975434538941
  1128 -0.975434538941
  1129 -0.975434538941
  1130 -0.975434538941
  1131 -0.975434538941
  1132 -0.975434538941
  1133 -0.975434538941
  1134 -0.975434538941
  1135 -0.975434538941
  1136 -0.975434538941
  1137 -0.975434538941
  1138 -0.975434538941
  1139 -0.975434538941
  1140 -0.975434538941
  1141 -0.975434538941
  1142 -0.975434538941
  1143 -0.975434538941
  1144 -0.975434538941
  1145 -0.975434538941
  1146 -0.975434538941
  1147 -0.975434538941
  1148 -0.975434538942
  1149 -0.975434538942
  1150 -0.975434538942
  1151 -0.975434538942
  1152 -0.975434538942
  1153 -0.975434538942
  1154 -0.975434538942
  1155 -0.975434538942
  1156 -0.975434538942
  1157 -0.975434538942
  1158 -0.975434538942
  1159 -0.975434538942
  1160 -0.975434538942
  1161 -0.975434538942
  1162 -0.975434538942
  1163 -0.975434538942
  1164 -0.975434538942
  1165 -0.975434538942
  1166 -0.975434538942
  1167 -0.975434538942
  1168 -0.975434538942
  1169 -0.975434538942
  1170 -0.975434538942
  1171 -0.975434538942
  1172 -0.975434538942
  1173 -0.975434538942
  1174 -0.975434538942
  1175 -0.975434538942
  1176 -0.975434538942
  1177 -0.975434538942
  1178 -0.975434538942
  1179 -0.975434538942
  1180 -0.975434538942
  1181 -0.975434538942
  1182 -0.975434538942
  1183 -0.975434538942
  1184 -0.975434538942
  1185 -0.975434538942
  1186 -0.975434538942
  1187 -0.975434538942
  1188 -0.975434538942
  1189 -0.975434538942
  1190 -0.975434538943
  1191 -0.975434538943
  1192 -0.975434538943
  1193 -0.975434538943
  1194 -0.975434538943
  1195 -0.975434538943
  1196 -0.975434538943
  1197 -0.975434538943
  1198 -0.975434538943
  1199 -0.975434538943
  1200 -0.975434538943
  1201 -0.975434538943
  1202 -0.975434538943
  1203 -0.975434538943
  1204 -0.975434538943
  1205 -0.975434538943
  1206 -0.975434538943
  1207 -0.975434538943
  1208 -0.975434538943
  1209 -0.975434538943
  1210 -0.975434538943
  1211 -0.975434538943
  1212 -0.975434538943
  1213 -0.975434538943
  1214 -0.975434538943
  1215 -0.975434538943
  1216 -0.975434538943
  1217 -0.975434538943
  1218 -0.975434538943
  1219 -0.975434538943
  1220 -0.975434538943
  1221 -0.975434538943
  1222 -0.975434538943
  1223 -0.975434538943
  1224 -0.975434538943
  1225 -0.975434538943
  1226 -0.975434538943
  1227 -0.975434538943
  1228 -0.975434538943
  1229 -0.975434538943
  1230 -0.975434538943
  1231 -0.975434538943
  1232 -0.975434538943
  1233 -0.975434538943
  1234 -0.975434538943
  1235 -0.975434538943
  1236 -0.975434538943
  1237 -0.975434538943
  1238 -0.975434538943
  1239 -0.975434538943
  1240 -0.975434538943
  1241 -0.975434538943
  1242 -0.975434538943
  1243 -0.975434538943
  1244 -0.975434538943
  1245 -0.975434538943
  1246 -0.975434538943
  1247 -0.975434538943
  1248 -0.975434538943
  1249 -0.975434538943
  1250 -0.975434538943
  1251 -0.975434538943
  1252 -0.975434538943
  1253 -0.975434538943
  1254 -0.975434538943
  1255 -0.975434538943
  1256 -0.975434538943
  1257 -0.975434538943
  1258 -0.975434538943
  1259 -0.975434538943
  1260 -0.975434538943
  1261 -0.975434538943
  1262 -0.975434538943
  1263 -0.975434538943
  1264 -0.975434538943
  1265 -0.975434538943
  1266 -0.975434538943
  1267 -0.975434538943
  1268 -0.975434538943
  1269 -0.975434538943
  1270 -0.975434538943
  1271 -0.975434538943
  1272 -0.975434538943
  1273 -0.975434538943
  1274 -0.975434538943
  1275 -0.975434538943
  1276 -0.975434538943
  1277 -0.975434538943
  1278 -0.975434538943
  1279 -0.975434538943
  1280 -0.975434538943
  1281 -0.975434538943
  1282 -0.975434538943
  1283 -0.975434538943
  1284 -0.975434538943
  1285 -0.975434538943
  1286 -0.975434538943
  1287 -0.975434538943
  1288 -0.975434538943
  1289 -0.975434538943
  1290 -0.975434538943
  1291 -0.975434538943
  1292 -0.975434538943
  1293 -0.975434538943
  1294 -0.975434538943
  1295 -0.975434538943
  1296 -0.975434538943
  1297 -0.975434538943
  1298 -0.975434538943
  1299 -0.975434538943
  1300 -0.975434538943
  1301 -0.975434538943
  1302 -0.975434538943
  1303 -0.975434538943
  1304 -0.975434538943
  1305 -0.975434538943
  1306 -0.975434538943
  1307 -0.975434538943
  1308 -0.975434538943
  1309 -0.975434538943
  1310 -0.975434538943
  1311 -0.975434538943
  1312 -0.975434538943
  1313 -0.975434538943
  1314 -0.975434538943
  1315 -0.975434538943
  1316 -0.975434538943
  1317 -0.975434538943
  1318 -0.975434538943
  1319 -0.975434538943
  1320 -0.975434538943
  1321 -0.975434538943
  1322 -0.975434538943
  1323 -0.975434538943
  1324 -0.975434538943
  1325 -0.975434538943
  1326 -0.975434538943
  1327 -0.975434538943
  1328 -0.975434538943
  1329 -0.975434538943
  1330 -0.975434538943
  1331 -0.975434538943
  1332 -0.975434538943
  1333 -0.975434538943
  1334 -0.975434538943
  1335 -0.975434538943
  1336 -0.975434538943
  1337 -0.975434538943
  1338 -0.975434538943
  1339 -0.975434538943
  1340 -0.975434538943
  1341 -0.975434538943
  1342 -0.975434538943
  1343 -0.975434538943
  1344 -0.975434538943
  1345 -0.975434538943
  1346 -0.975434538943
  1347 -0.975434538943
  1348 -0.975434538943
  1349 -0.975434538943
  1350 -0.975434538943
  1351 -0.975434538943
  1352 -0.975434538943
  1353 -0.975434538943
  1354 -0.975434538943
  1355 -0.975434538943
  1356 -0.975434538943
  1357 -0.975434538943
  1358 -0.975434538943
  1359 -0.975434538943
  1360 -0.975434538943
  1361 -0.975434538943
  1362 -0.975434538943
  1363 -0.975434538943
  1364 -0.975434538943
  1365 -0.975434538943
  1366 -0.975434538943
  1367 -0.975434538943
  1368 -0.975434538943
  1369 -0.975434538943
  1370 -0.975434538943
  1371 -0.975434538943
  1372 -0.975434538943
  1373 -0.975434538943
  1374 -0.975434538943
  1375 -0.975434538943
  1376 -0.975434538943
  1377 -0.975434538943
  1378 -0.975434538943
  1379 -0.975434538943
  1380 -0.975434538943
  1381 -0.975434538943
  1382 -0.975434538943
  1383 -0.975434538943
  1384 -0.975434538943
  1385 -0.975434538943
  1386 -0.975434538943
  1387 -0.975434538943
  1388 -0.975434538943
  1389 -0.975434538943
  1390 -0.975434538943
  1391 -0.975434538943
  1392 -0.975434538943
  1393 -0.975434538943
  1394 -0.975434538943
  1395 -0.975434538943
  1396 -0.975434538943
  1397 -0.975434538943
  1398 -0.975434538943
  1399 -0.975434538943
  1400 -0.975434538943
  1401 -0.975434538943
  1402 -0.975434538943
  1403 -0.975434538943
  1404 -0.975434538943
  1405 -0.975434538943
  1406 -0.975434538943
  1407 -0.975434538943
  1408 -0.975434538943
  1409 -0.975434538943
  1410 -0.975434538943
  1411 -0.975434538943
  1412 -0.975434538943
  1413 -0.975434538943
  1414 -0.975434538943
  1415 -0.975434538943
  1416 -0.975434538943
  1417 -0.975434538943
  1418 -0.975434538943
  1419 -0.975434538943
  1420 -0.975434538943
  1421 -0.975434538943
  1422 -0.975434538943
  1423 -0.975434538943
  1424 -0.975434538943
  1425 -0.975434538943
  1426 -0.975434538943
  1427 -0.975434538943
  1428 -0.975434538943
  1429 -0.975434538943
  1430 -0.975434538943
  1431 -0.975434538943
  1432 -0.975434538943
  1433 -0.975434538943
  1434 -0.975434538943
  1435 -0.975434538943
  1436 -0.975434538943
  1437 -0.975434538943
  1438 -0.975434538943
  1439 -0.975434538943
  1440 -0.975434538943
  1441 -0.975434538943
  1442 -0.975434538943
  1443 -0.975434538943
  1444 -0.975434538943
  1445 -0.975434538943
  1446 -0.975434538943
  1447 -0.975434538943
  1448 -0.975434538943
  1449 -0.975434538943
  1450 -0.975434538943
  1451 -0.975434538943
  1452 -0.975434538943
  1453 -0.975434538943
  1454 -0.975434538943
  1455 -0.975434538943
  1456 -0.975434538943
  1457 -0.975434538943
  1458 -0.975434538943
  1459 -0.975434538943
  1460 -0.975434538943
  1461 -0.975434538943
  1462 -0.975434538943
  1463 -0.975434538943
  1464 -0.975434538943
  1465 -0.975434538943
  1466 -0.975434538943
  1467 -0.975434538943
  1468 -0.975434538943
  1469 -0.975434538943
  1470 -0.975434538943
  1471 -0.975434538943
  1472 -0.975434538943
  1473 -0.975434538943
  1474 -0.975434538943
  1475 -0.975434538943
  1476 -0.975434538943
  1477 -0.975434538943
  1478 -0.975434538943
  1479 -0.975434538943
  1480 -0.975434538943
  1481 -0.975434538943
  1482 -0.975434538943
  1483 -0.975434538943
  1484 -0.975434538943
  1485 -0.975434538943
  1486 -0.975434538943
  1487 -0.975434538943
  1488 -0.975434538943
  1489 -0.975434538943
  1490 -0.975434538943
  1491 -0.975434538943
  1492 -0.975434538943
  1493 -0.975434538943
  1494 -0.975434538943
  1495 -0.975434538943
  1496 -0.975434538943
  1497 -0.975434538943
  1498 -0.975434538943
  1499 -0.975434538943
  1500 -0.975434538943
  1501 -0.975434538943
  1502 -0.975434538943
  1503 -0.975434538943
  1504 -0.975434538943
  1505 -0.975434538943
  1506 -0.975434538943
  1507 -0.975434538943
  1508 -0.975434538943
  1509 -0.975434538943
  1510 -0.975434538943
  1511 -0.975434538943
  1512 -0.975434538943
  1513 -0.975434538943
  1514 -0.975434538943
  1515 -0.975434538943
  1516 -0.975434538943
  1517 -0.975434538943
  1518 -0.975434538943
  1519 -0.975434538943
  1520 -0.975434538943
  1521 -0.975434538943
  1522 -0.975434538943
  1523 -0.975434538943
  1524 -0.975434538943
  1525 -0.975434538943
  1526 -0.975434538943
  1527 -0.975434538943
  1528 -0.975434538943
  1529 -0.975434538943
  1530 -0.975434538943
  1531 -0.975434538943
  1532 -0.975434538943
  1533 -0.975434538943
  1534 -0.975434538943
  1535 -0.975434538943
  1536 -0.975434538943
  1537 -0.975434538943
  1538 -0.975434538943
  1539 -0.975434538943
  1540 -0.975434538943
  1541 -0.975434538943
  1542 -0.975434538943
  1543 -0.975434538943
  1544 -0.975434538943
  1545 -0.975434538943
  1546 -0.975434538943
  1547 -0.975434538943
  1548 -0.975434538943
  1549 -0.975434538943
  1550 -0.975434538943
  1551 -0.975434538943
  1552 -0.975434538943
  1553 -0.975434538943
  1554 -0.975434538943
  1555 -0.975434538943
  1556 -0.975434538943
  1557 -0.975434538943
  1558 -0.975434538943
  1559 -0.975434538943
  1560 -0.975434538943
  1561 -0.975434538943
  1562 -0.975434538943
  1563 -0.975434538943
  1564 -0.975434538943
  1565 -0.975434538943
  1566 -0.975434538943
  1567 -0.975434538943
  1568 -0.975434538943
  1569 -0.975434538943
  1570 -0.975434538943
  1571 -0.975434538943
  1572 -0.975434538943
  1573 -0.975434538943
  1574 -0.975434538943
  1575 -0.975434538943
  1576 -0.975434538943
  1577 -0.975434538943
  1578 -0.975434538943
  1579 -0.975434538943
  1580 -0.975434538943
  1581 -0.975434538943
  1582 -0.975434538943
  1583 -0.975434538943
  1584 -0.975434538943
  1585 -0.975434538943
  1586 -0.975434538943
  1587 -0.975434538943
  1588 -0.975434538943
  1589 -0.975434538943
  1590 -0.975434538943
  1591 -0.975434538943
  1592 -0.975434538943
  1593 -0.975434538943
  1594 -0.975434538943
  1595 -0.975434538943
  1596 -0.975434538943
  1597 -0.975434538943
  1598 -0.975434538943
  1599 -0.975434538943
  1600 -0.975434538943
  1601 -0.975434538943
  1602 -0.975434538943
  1603 -0.975434538943
  1604 -0.975434538943
  1605 -0.975434538943
  1606 -0.975434538943
  1607 -0.975434538943
  1608 -0.975434538943
  1609 -0.975434538943
  1610 -0.975434538943
  1611 -0.975434538943
  1612 -0.975434538943
  1613 -0.975434538943
  1614 -0.975434538943
  1615 -0.975434538943
  1616 -0.975434538943
  1617 -0.975434538943
  1618 -0.975434538943
  1619 -0.975434538943
  1620 -0.975434538943
  1621 -0.975434538943
  1622 -0.975434538943
  1623 -0.975434538943
  1624 -0.975434538943
  1625 -0.975434538943
  1626 -0.975434538943
  1627 -0.975434538943
  1628 -0.975434538943
  1629 -0.975434538943
  1630 -0.975434538943
  1631 -0.975434538943
  1632 -0.975434538943
  1633 -0.975434538943
  1634 -0.975434538943
  1635 -0.975434538943
  1636 -0.975434538943
  1637 -0.975434538943
  1638 -0.975434538943
  1639 -0.975434538943
  1640 -0.975434538943
  1641 -0.975434538943
  1642 -0.975434538943
  1643 -0.975434538943
  1644 -0.975434538943
  1645 -0.975434538943
  1646 -0.975434538943
  1647 -0.975434538943
  1648 -0.975434538943
  1649 -0.975434538943
  1650 -0.975434538943
  1651 -0.975434538943
  1652 -0.975434538943
  1653 -0.975434538943
  1654 -0.975434538943
  1655 -0.975434538943
  1656 -0.975434538943
  1657 -0.975434538943
  1658 -0.975434538943
  1659 -0.975434538943
  1660 -0.975434538943
  1661 -0.975434538943
  1662 -0.975434538943
  1663 -0.975434538943
  1664 -0.975434538943
  1665 -0.975434538943
  1666 -0.975434538943
  1667 -0.975434538943
  1668 -0.975434538943
  1669 -0.975434538943
  1670 -0.975434538943
  1671 -0.975434538943
  1672 -0.975434538943
  1673 -0.975434538943
  1674 -0.975434538943
  1675 -0.975434538943
  1676 -0.975434538943
  1677 -0.975434538943
  1678 -0.975434538943
  1679 -0.975434538943
  1680 -0.975434538943
  1681 -0.975434538943
  1682 -0.975434538943
  1683 -0.975434538943
  1684 -0.975434538943
  1685 -0.975434538943
  1686 -0.975434538943
  1687 -0.975434538943
  1688 -0.975434538943
  1689 -0.975434538943
  1690 -0.975434538943
  1691 -0.975434538943
  1692 -0.975434538943
  1693 -0.975434538943
  1694 -0.975434538943
  1695 -0.975434538943
  1696 -0.975434538943
  1697 -0.975434538943
  1698 -0.975434538943
  1699 -0.975434538943
  1700 -0.975434538943
  1701 -0.975434538943
  1702 -0.975434538943
  1703 -0.975434538943
  1704 -0.975434538943
  1705 -0.975434538943
  1706 -0.975434538943
  1707 -0.975434538943
  1708 -0.975434538943
  1709 -0.975434538943
  1710 -0.975434538943
  1711 -0.975434538943
  1712 -0.975434538943
  1713 -0.975434538943
  1714 -0.975434538943
  1715 -0.975434538943
  1716 -0.975434538943
  1717 -0.975434538943
  1718 -0.975434538943
  1719 -0.975434538943
  1720 -0.975434538943
  1721 -0.975434538943
  1722 -0.975434538943
  1723 -0.975434538943
  1724 -0.975434538943
  1725 -0.975434538943
  1726 -0.975434538943
  1727 -0.975434538943
  1728 -0.975434538943
  1729 -0.975434538943
  1730 -0.975434538943
  1731 -0.975434538943
  1732 -0.975434538943
  1733 -0.975434538943
  1734 -0.975434538943
  1735 -0.975434538943
  1736 -0.975434538943
  1737 -0.975434538943
  1738 -0.975434538943
  1739 -0.975434538943
  1740 -0.975434538943
  1741 -0.975434538943
  1742 -0.975434538943
  1743 -0.975434538943
  1744 -0.975434538943
  1745 -0.975434538943
  1746 -0.975434538943
  1747 -0.975434538943
  1748 -0.975434538943
  1749 -0.975434538943
  1750 -0.975434538943
  1751 -0.975434538943
  1752 -0.975434538943
  1753 -0.975434538943
  1754 -0.975434538943
  1755 -0.975434538943
  1756 -0.975434538943
  1757 -0.975434538943
  1758 -0.975434538943
  1759 -0.975434538943
  1760 -0.975434538943
  1761 -0.975434538943
  1762 -0.975434538943
  1763 -0.975434538943
  1764 -0.975434538943
  1765 -0.975434538943
  1766 -0.975434538943
  1767 -0.975434538943
  1768 -0.975434538943
  1769 -0.975434538943
  1770 -0.975434538943
  1771 -0.975434538943
  1772 -0.975434538943
  1773 -0.975434538943
  1774 -0.975434538943
  1775 -0.975434538943
  1776 -0.975434538943
  1777 -0.975434538943
  1778 -0.975434538943
  1779 -0.975434538943
  1780 -0.975434538943
  1781 -0.975434538943
  1782 -0.975434538943
  1783 -0.975434538943
  1784 -0.975434538943
  1785 -0.975434538943
  1786 -0.975434538943
  1787 -0.975434538943
  1788 -0.975434538943
  1789 -0.975434538943
  1790 -0.975434538943
  1791 -0.975434538943
  1792 -0.975434538943
  1793 -0.975434538943
  1794 -0.975434538943
  1795 -0.975434538943
  1796 -0.975434538943
  1797 -0.975434538943
  1798 -0.975434538943
  1799 -0.975434538943
  1800 -0.975434538943
  1801 -0.975434538943
  1802 -0.975434538943
  1803 -0.975434538943
  1804 -0.975434538943
  1805 -0.975434538943
  1806 -0.975434538943
  1807 -0.975434538943
  1808 -0.975434538943
  1809 -0.975434538943
  1810 -0.975434538943
  1811 -0.975434538943
  1812 -0.975434538943
  1813 -0.975434538943
  1814 -0.975434538943
  1815 -0.975434538943
  1816 -0.975434538943
  1817 -0.975434538943
  1818 -0.975434538943
  1819 -0.975434538943
  1820 -0.975434538943
  1821 -0.975434538943
  1822 -0.975434538943
  1823 -0.975434538943
  1824 -0.975434538943
  1825 -0.975434538943
  1826 -0.975434538943
  1827 -0.975434538943
  1828 -0.975434538943
  1829 -0.975434538943
  1830 -0.975434538943
  1831 -0.975434538943
  1832 -0.975434538943
  1833 -0.975434538943
  1834 -0.975434538943
  1835 -0.975434538943
  1836 -0.975434538943
  1837 -0.975434538943
  1838 -0.975434538943
  1839 -0.975434538943
  1840 -0.975434538943
  1841 -0.975434538943
  1842 -0.975434538943
  1843 -0.975434538943
  1844 -0.975434538943
  1845 -0.975434538943
  1846 -0.975434538943
  1847 -0.975434538943
  1848 -0.975434538943
  1849 -0.975434538943
  1850 -0.975434538943
  1851 -0.975434538943
  1852 -0.975434538943
  1853 -0.975434538943
  1854 -0.975434538943
  1855 -0.975434538943
  1856 -0.975434538943
  1857 -0.975434538943
  1858 -0.975434538943
  1859 -0.975434538943
  1860 -0.975434538943
  1861 -0.975434538943
  1862 -0.975434538943
  1863 -0.975434538943
  1864 -0.975434538943
  1865 -0.975434538943
  1866 -0.975434538943
  1867 -0.975434538943
  1868 -0.975434538943
  1869 -0.975434538943
  1870 -0.975434538943
  1871 -0.975434538943
  1872 -0.975434538943
  1873 -0.975434538943
  1874 -0.975434538943
  1875 -0.975434538943
  1876 -0.975434538943
  1877 -0.975434538943
  1878 -0.975434538943
  1879 -0.975434538943
  1880 -0.975434538943
  1881 -0.975434538943
  1882 -0.975434538943
  1883 -0.975434538943
  1884 -0.975434538943
  1885 -0.975434538943
  1886 -0.975434538943
  1887 -0.975434538943
  1888 -0.975434538943
  1889 -0.975434538943
  1890 -0.975434538943
  1891 -0.975434538943
  1892 -0.975434538943
  1893 -0.975434538943
  1894 -0.975434538943
  1895 -0.975434538943
  1896 -0.975434538943
  1897 -0.975434538943
  1898 -0.975434538943
  1899 -0.975434538943
  1900 -0.975434538943
  1901 -0.975434538943
  1902 -0.975434538943
  1903 -0.975434538943
  1904 -0.975434538943
  1905 -0.975434538943
  1906 -0.975434538943
  1907 -0.975434538943
  1908 -0.975434538943
  1909 -0.975434538943
  1910 -0.975434538943
  1911 -0.975434538943
  1912 -0.975434538943
  1913 -0.975434538943
  1914 -0.975434538943
  1915 -0.975434538943
  1916 -0.975434538943
  1917 -0.975434538943
  1918 -0.975434538943
  1919 -0.975434538943
  1920 -0.975434538943
  1921 -0.975434538943
  1922 -0.975434538943
  1923 -0.975434538943
  1924 -0.975434538943
  1925 -0.975434538943
  1926 -0.975434538943
  1927 -0.975434538943
  1928 -0.975434538943
  1929 -0.975434538943
  1930 -0.975434538943
  1931 -0.975434538943
  1932 -0.975434538943
  1933 -0.975434538943
  1934 -0.975434538943
  1935 -0.975434538943
  1936 -0.975434538943
  1937 -0.975434538943
  1938 -0.975434538943
  1939 -0.975434538943
  1940 -0.975434538943
  1941 -0.975434538943
  1942 -0.975434538943
  1943 -0.975434538943
  1944 -0.975434538943
  1945 -0.975434538943
  1946 -0.975434538943
  1947 -0.975434538943
  1948 -0.975434538943
  1949 -0.975434538943
  1950 -0.975434538943
  1951 -0.975434538943
  1952 -0.975434538943
  1953 -0.975434538943
  1954 -0.975434538943
  1955 -0.975434538943
  1956 -0.975434538943
  1957 -0.975434538943
  1958 -0.975434538943
  1959 -0.975434538943
  1960 -0.975434538943
  1961 -0.975434538943
  1962 -0.975434538943
  1963 -0.975434538943
  1964 -0.975434538943
  1965 -0.975434538943
  1966 -0.975434538943
  1967 -0.975434538943
  1968 -0.975434538943
  1969 -0.975434538943
  1970 -0.975434538943
  1971 -0.975434538943
  1972 -0.975434538943
  1973 -0.975434538943
  1974 -0.975434538943
  1975 -0.975434538943
  1976 -0.975434538943
  1977 -0.975434538943
  1978 -0.975434538943
  1979 -0.975434538943
  1980 -0.975434538943
  1981 -0.975434538943
  1982 -0.975434538943
  1983 -0.975434538943
  1984 -0.975434538943
  1985 -0.975434538943
  1986 -0.975434538943
  1987 -0.975434538943
  1988 -0.975434538943
  1989 -0.975434538943
  1990 -0.975434538943
  1991 -0.975434538943
  1992 -0.975434538943
  1993 -0.975434538943
  1994 -0.975434538943
  1995 -0.975434538943
  1996 -0.975434538943
  1997 -0.975434538943
  1998 -0.975434538943
  1999 -0.975434538943
  2000 -0.975434538943
