     1 -0.926481586104
     2 -0.966926043289
     3 -1.009494594422
     4 -1.018267221454
     5 -1.020667151936
     6 -1.021830739017
     7 -1.022396286259
     8 -1.022674843417
     9 -1.022818253803
    10 -1.022897420486
    11 -1.022945631096
    12 -1.022978755176
    13 -1.023004442720
    14 -1.023026432109
    15 -1.023046570195
    16 -1.023065752662
    17 -1.023084418009
    18 -1.023102768674
    19 -1.023120881436
    20 -1.023138771859
    21 -1.023156416099
    22 -1.023173770057
    23 -1.023190784783
    24 -1.023207398566
    25 -1.023223555124
    26 -1.023239201546
    27 -1.023254278708
    28 -1.023268743275
    29 -1.023282564694
    30 -1.023295717059
    31 -1.023308174035
    32 -1.023319938872
    33 -1.023330994499
    34 -1.023341363685
    35 -1.023351055631
    36 -1.023360086773
    37 -1.023368486162
    38 -1.023376275190
    39 -1.023383495286
    40 -1.023390163873
    41 -1.023396328558
    42 -1.023402012628
    43 -1.023407250400
    44 -1.023412069509
    45 -1.023416512365
    46 -1.023420593221
    47 -1.023424351160
    48 -1.023427803070
    49 -1.023430979465
    50 -1.023433899416
    51 -1.156474618505
    52 -1.005627674553
    53 -1.011778454347
    54 -1.014788119184
    55 -1.018089931342
    56 -1.019817913430
    57 -1.021279370178
    58 -1.022065782472
    59 -1.022547448053
    60 -1.022824271877
    61 -1.022993810584
    62 -1.023102139142
    63 -1.023174847521
    64 -1.023225970403
    65 -1.023263543792
    66 -1.023292282326
    67 -1.023315043343
    68 -1.023333602908
    69 -1.023349092588
    70 -1.023362261850
    71 -1.023373614857
    72 -1.023383510515
    73 -1.023392197555
    74 -1.023399878119
    75 -1.023406694790
    76 -1.023412761221
    77 -1.023418178536
    78 -1.023423026395
    79 -1.023427368691
    80 -1.023431263057
    81 -1.023434760717
    82 -1.023437906471
    83 -1.023440734577
    84 -1.023443281689
    85 -1.023445582340
    86 -1.023447652812
    87 -1.023449524060
    88 -1.023451217120
    89 -1.023452747596
    90 -1.023454137433
    91 -1.023455395653
    92 -1.023456534035
    93 -1.023457570677
    94 -1.023458518748
    95 -1.023459379529
    96 -1.023460164527
    97 -1.023460880807
    98 -1.023461538301
    99 -1.023462135711
   100 -1.023462688795
   101 -1.115225707605
   102 -1.005375869030
   103 -1.012943048574
   104 -1.018046410557
   105 -1.018824302526
   106 -1.020269962834
   107 -1.020945616688
   108 -1.021449744093
   109 -1.021754665815
   110 -1.021961851190
   111 -1.022098937175
   112 -1.022194746659
   113 -1.022262072129
   114 -1.022311009805
   115 -1.022346985186
   116 -1.022374023204
   117 -1.022394582746
   118 -1.022410464794
   119 -1.022422866920
   120 -1.022432676957
   121 -1.022440512850
   122 -1.022446837283
   123 -1.022451991148
   124 -1.022456230659
   125 -1.022459753726
   126 -1.022462706297
   127 -1.022465199762
   128 -1.022467329840
   129 -1.022469160554
   130 -1.022470758144
   131 -1.022472154980
   132 -1.022473387844
   133 -1.022474490092
   134 -1.022475475010
   135 -1.022476369365
   136 -1.022477185531
   137 -1.022477930224
   138 -1.022478616228
   139 -1.022479256273
   140 -1.022479843103
   141 -1.022480391180
   142 -1.022480901960
   143 -1.022481373783
   144 -1.022481821295
   145 -1.022482232726
   146 -1.022482623262
   147 -1.022482981980
   148 -1.022483318244
   149 -1.022483633402
   150 -1.022483924819
   151 -1.180848343166
   152 -1.007047820402
   153 -1.006873695527
   154 -1.015007636596
   155 -1.016386714200
   156 -1.019681802329
   157 -1.020588943483
   158 -1.021701499481
   159 -1.022183328839
   160 -1.022611763853
   161 -1.022862733569
   162 -1.023035911296
   163 -1.023144024979
   164 -1.023213570781
   165 -1.023259482595
   166 -1.023291353528
   167 -1.023314716180
   168 -1.023332775926
   169 -1.023347377300
   170 -1.023359612159
   171 -1.023370139414
   172 -1.023379370617
   173 -1.023387560316
   174 -1.023394901258
   175 -1.023401502159
   176 -1.023407466729
   177 -1.023412863096
   178 -1.023417759786
   179 -1.023422202875
   180 -1.023426233283
   181 -1.023429896990
   182 -1.023433226602
   183 -1.023436256148
   184 -1.023439007850
   185 -1.023441510429
   186 -1.023443790119
   187 -1.023445870918
   188 -1.023447762450
   189 -1.023449485341
   190 -1.023451062472
   191 -1.023452499190
   192 -1.023453815602
   193 -1.023455014926
   194 -1.023456114933
   195 -1.023457124616
   196 -1.023458048437
   197 -1.023458897614
   198 -1.023459675251
   199 -1.023460394803
   200 -1.023461054607
   201 -1.148095563675
   202 -0.999463970123
   203 -1.008795005652
   204 -1.014839523171
   205 -1.016771304462
   206 -1.019156100443
   207 -1.020303718560
   208 -1.021154290684
   209 -1.021698879754
   210 -1.022030191510
   211 -1.022279882787
   212 -1.022462501442
   213 -1.022626812193
   214 -1.022775022403
   215 -1.022910945994
   216 -1.023027306975
   217 -1.023120853632
   218 -1.023192501458
   219 -1.023246528482
   220 -1.023287624245
   221 -1.023319489749
   222 -1.023344679797
   223 -1.023364918890
   224 -1.023381390551
   225 -1.023394925924
   226 -1.023406132401
   227 -1.023415462742
   228 -1.023423272427
   229 -1.023429836309
   230 -1.023435367471
   231 -1.023440052549
   232 -1.023444030539
   233 -1.023447412081
   234 -1.023450300606
   235 -1.023452773833
   236 -1.023454893613
   237 -1.023456714922
   238 -1.023458284041
   239 -1.023459640001
   240 -1.023460815786
   241 -1.023461835995
   242 -1.023462724356
   243 -1.023463497741
   244 -1.023464173348
   245 -1.023464759338
   246 -1.023465281259
   247 -1.023465736869
   248 -1.023466141861
   249 -1.023466497729
   250 -1.023466811318
   251 -1.134795535536
   252 -1.001224702032
   253 -1.008007594792
   254 -1.013628719046
   255 -1.016857640439
   256 -1.019516624575
   257 -1.021000924567
   258 -1.021853647717
   259 -1.022363996128
   260 -1.022684638151
   261 -1.022892211385
   262 -1.023029687971
   263 -1.023123117717
   264 -1.023188473524
   265 -1.023235644255
   266 -1.023270788185
   267 -1.023297795935
   268 -1.023319161849
   269 -1.023336505350
   270 -1.023350900124
   271 -1.023363067703
   272 -1.023373522614
   273 -1.023382617646
   274 -1.023390603694
   275 -1.023397681284
   276 -1.023403987941
   277 -1.023409638486
   278 -1.023414722969
   279 -1.023419309507
   280 -1.023423461396
   281 -1.023427227799
   282 -1.023430645018
   283 -1.023433756216
   284 -1.023436592413
   285 -1.023439177998
   286 -1.023441540044
   287 -1.023443699373
   288 -1.023445675311
   289 -1.023447481588
   290 -1.023449143263
   291 -1.023450663380
   292 -1.023452064614
   293 -1.023453348391
   294 -1.023454531419
   295 -1.023455617755
   296 -1.023456622446
   297 -1.023457544547
   298 -1.023458397821
   299 -1.023459184164
   300 -1.023459908832
   301 -1.150843961009
   302 -1.003815377061
   303 -1.009686794890
   304 -1.015825353800
   305 -1.017696417481
   306 -1.019716388512
   307 -1.020621250317
   308 -1.021310254009
   309 -1.021595978942
   310 -1.021829756692
   311 -1.021954741911
   312 -1.022110483833
   313 -1.022272928633
   314 -1.022467172638
   315 -1.022660606874
   316 -1.022833697963
   317 -1.022972971612
   318 -1.023079638746
   319 -1.023160253880
   320 -1.023221791032
   321 -1.023269532373
   322 -1.023307093703
   323 -1.023336942587
   324 -1.023360824318
   325 -1.023380010224
   326 -1.023395474434
   327 -1.023407962932
   328 -1.023418064374
   329 -1.023426251444
   330 -1.023432907869
   331 -1.023438339977
   332 -1.023442779014
   333 -1.023446425997
   334 -1.023449442242
   335 -1.023451940583
   336 -1.023454036794
   337 -1.023455796800
   338 -1.023457286082
   339 -1.023458557350
   340 -1.023459649491
   341 -1.023460596877
   342 -1.023461416730
   343 -1.023462138823
   344 -1.023462778090
   345 -1.023463342754
   346 -1.023463848767
   347 -1.023464303008
   348 -1.023464714059
   349 -1.023465082360
   350 -1.023465420684
   351 -1.023465724117
   352 -1.023466010300
   353 -1.023466269690
   354 -1.023466505548
   355 -1.023466727200
   356 -1.023466927280
   357 -1.023467114431
   358 -1.023467290505
   359 -1.023467450719
   360 -1.023467606190
   361 -1.023467745423
   362 -1.023467876017
   363 -1.023467999032
   364 -1.023468115436
   365 -1.023468219790
   366 -1.023468322378
   367 -1.023468417624
   368 -1.023468503076
   369 -1.023468585635
   370 -1.023468665862
   371 -1.023468738045
   372 -1.023468808920
   373 -1.023468872711
   374 -1.023468936064
   375 -1.023468993162
   376 -1.023469044379
   377 -1.023469096244
   378 -1.023469142892
   379 -1.023469190804
   380 -1.023469234092
   381 -1.023469273024
   382 -1.023469313999
   383 -1.023469344948
   384 -1.023469381447
   385 -1.023469411420
   386 -1.023469444265
   387 -1.023469474034
   388 -1.023469500901
   389 -1.023469525023
   390 -1.023469546545
   391 -1.023469571717
   392 -1.023469594571
   393 -1.023469615241
   394 -1.023469633841
   395 -1.023469650480
   396 -1.023469665260
   397 -1.023469684372
   398 -1.023469701829
   399 -1.023469711639
   400 -1.023469726042
   401 -1.023469739036
   402 -1.023469750702
   403 -1.023469764149
   404 -1.023469773371
   405 -1.023469787542
   406 -1.023469794580
   407 -1.023469806677
   408 -1.023469811751
   409 -1.023469821980
   410 -1.023469831353
   411 -1.023469839920
   412 -1.023469844690
   413 -1.023469851758
   414 -1.023469858134
   415 -1.023469863856
   416 -1.023469868958
   417 -1.023469873473
   418 -1.023469877429
   419 -1.023469886915
   420 -1.023469889858
   421 -1.023469892332
   422 -1.023469900408
   423 -1.023469902013
   424 -1.023469903215
   425 -1.023469910082
   426 -1.023469910540
   427 -1.023469916707
   428 -1.023469916503
   429 -1.023469922041
   430 -1.023469921241
   431 -1.023469926211
   432 -1.023469930925
   433 -1.023469929350
   434 -1.023469933585
   435 -1.023469937599
   436 -1.023469935361
   437 -1.023469938963
   438 -1.023469942377
   439 -1.023469945619
   440 -1.023469942650
   441 -1.023469945557
   442 -1.023469948309
   443 -1.023469950922
   444 -1.023469947357
   445 -1.023469949697
   446 -1.023469951911
   447 -1.023469954014
   448 -1.023469956013
   449 -1.023469957913
   450 -1.023469953671
   451 -1.023469955365
   452 -1.023469956966
   453 -1.023469958485
   454 -1.023469959931
   455 -1.023469961305
   456 -1.023469962611
   457 -1.023469963851
   458 -1.023469958983
   459 -1.023469960082
   460 -1.023469961116
   461 -1.023469962098
   462 -1.023469963032
   463 -1.023469963922
   464 -1.023469964769
   465 -1.023469965573
   466 -1.023469966338
   467 -1.023469967064
   468 -1.023469967753
   469 -1.023469968407
   470 -1.023469969028
   471 -1.023469969617
   472 -1.023469970176
   473 -1.023469970706
   474 -1.023469965163
   475 -1.023469965620
   476 -1.023469966045
   477 -1.023469966449
   478 -1.023469966835
   479 -1.023469967204
   480 -1.023469967556
   481 -1.023469967892
   482 -1.023469968212
   483 -1.023469968517
   484 -1.023469968806
   485 -1.023469969081
   486 -1.023469969343
   487 -1.023469969591
   488 -1.023469969826
   489 -1.023469970050
   490 -1.023469970262
   491 -1.023469970463
   492 -1.023469970654
   493 -1.023469970835
   494 -1.023469971007
   495 -1.023469971169
   496 -1.023469971324
   497 -1.023469971470
   498 -1.023469971609
   499 -1.023469971741
   500 -1.023469971866
   501 -1.023469971984
   502 -1.023469972096
   503 -1.023469972203
   504 -1.023469972304
   505 -1.023469972399
   506 -1.023469972490
   507 -1.023469972576
   508 -1.023469972658
   509 -1.023469972735
   510 -1.023469972808
   511 -1.023469972878
   512 -1.023469972944
   513 -1.023469973006
   514 -1.023469973065
   515 -1.023469973122
   516 -1.023469973175
   517 -1.023469973225
   518 -1.023469973273
   519 -1.023469973319
   520 -1.023469973362
   521 -1.023469973402
   522 -1.023469973441
   523 -1.023469973478
   524 -1.023469973512
   525 -1.023469973545
   526 -1.023469973577
   527 -1.023469973606
   528 -1.023469973634
   529 -1.023469973661
   530 -1.023469973686
   531 -1.023469973710
   532 -1.023469973733
   533 -1.023469973754
   534 -1.023469973775
   535 -1.023469973794
   536 -1.023469973812
   537 -1.023469973830
   538 -1.023469973846
   539 -1.023469973862
   540 -1.023469973876
   541 -1.023469973890
   542 -1.023469973904
   543 -1.023469973916
   544 -1.023469973928
   545 -1.023469973940
   546 -1.023469973950
   547 -1.023469973961
   548 -1.023469973970
   549 -1.023469973979
   550 -1.023469973988
   551 -1.023469973996
   552 -1.023469974004
   553 -1.023469974012
   554 -1.023469974019
   555 -1.023469974025
   556 -1.023469974032
   557 -1.023469974037
   558 -1.023469974043
   559 -1.023469974049
   560 -1.023469974054
   561 -1.023469974058
   562 -1.023469974063
   563 -1.023469974067
   564 -1.023469974071
   565 -1.023469974075
   566 -1.023469974079
   567 -1.023469974083
   568 -1.023469974086
   569 -1.023469974089
   570 -1.023469974092
   571 -1.023469974095
   572 -1.023469974098
   573 -1.023469974100
   574 -1.023469974103
   575 -1.023469974105
   576 -1.023469974107
   577 -1.023469974109
   578 -1.023469974111
   579 -1.023469974113
   580 -1.023469974115
   581 -1.023469974116
   582 -1.023469974118
   583 -1.023469974119
   584 -1.023469974121
   585 -1.023469974122
   586 -1.023469974123
   587 -1.023469974125
   588 -1.023469974126
   589 -1.023469974127
   590 -1.023469974128
   591 -1.023469974129
   592 -1.023469974130
   593 -1.023469974131
   594 -1.023469974131
   595 -1.023469974132
   596 -1.023469974133
   597 -1.023469974134
   598 -1.023469974134
   599 -1.023469974135
   600 -1.023469974136
   601 -1.023469974136
   602 -1.023469974137
   603 -1.023469974137
   604 -1.023469974138
   605 -1.023469974138
   606 -1.023469974139
   607 -1.023469974139
   608 -1.023469974139
   609 -1.023469974140
   610 -1.023469974140
   611 -1.023469974140
   612 -1.023469974141
   613 -1.023469974141
   614 -1.023469974141
   615 -1.023469974142
   616 -1.023469974142
   617 -1.023469974142
   618 -1.023469974142
   619 -1.023469974143
   620 -1.023469974143
   621 -1.023469974143
   622 -1.023469974143
   623 -1.023469974143
   624 -1.023469974143
   625 -1.023469974144
   626 -1.023469974144
   627 -1.023469974144
   628 -1.023469974144
   629 -1.023469974144
   630 -1.023469974144
   631 -1.023469974144
   632 -1.023469974145
   633 -1.023469974145
   634 -1.023469974145
   635 -1.023469974145
   636 -1.023469974145
   637 -1.023469974145
   638 -1.023469974145
   639 -1.023469974145
   640 -1.023469974145
   641 -1.023469974145
   642 -1.023469974145
   643 -1.023469974145
   644 -1.023469974145
   645 -1.023469974146
   646 -1.023469974146
   647 -1.023469974146
   648 -1.023469974146
   649 -1.023469974146
   650 -1.023469974146
   651 -1.023469974146
   652 -1.023469974146
   653 -1.023469974146
   654 -1.023469974146
   655 -1.023469974146
   656 -1.023469974146
   657 -1.023469974146
   658 -1.023469974146
   659 -1.023469974146
   660 -1.023469974146
   661 -1.023469974146
   662 -1.023469974146
   663 -1.023469974146
   664 -1.023469974146
   665 -1.023469974146
   666 -1.023469974146
   667 -1.023469974146
   668 -1.023469974146
   669 -1.023469974146
   670 -1.023469974146
   671 -1.023469974146
   672 -1.023469974146
   673 -1.023469974146
   674 -1.023469974146
   675 -1.023469974146
   676 -1.023469974146
   677 -1.023469974146
   678 -1.023469974146
   679 -1.023469974146
   680 -1.023469974146
   681 -1.023469974146
   682 -1.023469974146
   683 -1.023469974146
   684 -1.023469974146
   685 -1.023469974146
   686 -1.023469974146
   687 -1.023469974146
   688 -1.023469974146
   689 -1.023469974146
   690 -1.023469974146
   691 -1.023469974146
   692 -1.023469974146
   693 -1.023469974146
   694 -1.023469974146
   695 -1.023469974146
   696 -1.023469974146
   697 -1.023469974146
   698 -1.023469974146
   699 -1.023469974146
   700 -1.023469974146
   701 -1.023469974147
   702 -1.023469974147
   703 -1.023469974147
   704 -1.023469974147
   705 -1.023469974147
   706 -1.023469974147
   707 -1.023469974147
   708 -1.023469974147
   709 -1.023469974147
   710 -1.023469974147
   711 -1.023469974147
   712 -1.023469974147
   713 -1.023469974147
   714 -1.023469974147
   715 -1.023469974147
   716 -1.023469974147
   717 -1.023469974147
   718 -1.023469974147
   719 -1.023469974147
   720 -1.023469974147
   721 -1.023469974147
   722 -1.023469974147
   723 -1.023469974147
   724 -1.023469974147
   725 -1.023469974147
   726 -1.023469974147
   727 -1.023469974147
   728 -1.023469974147
   729 -1.023469974147
   730 -1.023469974147
   731 -1.023469974147
   732 -1.023469974147
   733 -1.023469974147
   734 -1.023469974147
   735 -1.023469974147
   736 -1.023469974147
   737 -1.023469974147
   738 -1.023469974147
   739 -1.023469974147
   740 -1.023469974147
   741 -1.023469974147
   742 -1.023469974147
   743 -1.023469974147
   744 -1.023469974147
   745 -1.023469974147
   746 -1.023469974147
   747 -1.023469974147
   748 -1.023469974147
   749 -1.023469974147
   750 -1.023469974147
   751 -1.023469974147
   752 -1.023469974147
   753 -1.023469974147
   754 -1.023469974147
   755 -1.023469974147
   756 -1.023469974147
   757 -1.023469974147
   758 -1.023469974147
   759 -1.023469974147
   760 -1.023469974147
   761 -1.023469974147
   762 -1.023469974147
   763 -1.023469974147
   764 -1.023469974147
   765 -1.023469974147
   766 -1.023469974147
   767 -1.023469974147
   768 -1.023469974147
   769 -1.023469974147
   770 -1.023469974147
   771 -1.023469974147
   772 -1.023469974147
   773 -1.023469974147
   774 -1.023469974147
   775 -1.023469974147
   776 -1.023469974147
   777 -1.023469974147
   778 -1.023469974147
   779 -1.023469974147
   780 -1.023469974147
   781 -1.023469974147
   782 -1.023469974147
   783 -1.023469974147
   784 -1.023469974147
   785 -1.023469974147
   786 -1.023469974147
   787 -1.023469974147
   788 -1.023469974147
   789 -1.023469974147
   790 -1.023469974147
   791 -1.023469974147
   792 -1.023469974147
   793 -1.023469974147
   794 -1.023469974147
   795 -1.023469974147
   796 -1.023469974147
   797 -1.023469974147
   798 -1.023469974147
   799 -1.023469974147
   800 -1.023469974147
   801 -1.023469974147
   802 -1.023469974147
   803 -1.023469974147
   804 -1.023469974147
   805 -1.023469974147
   806 -1.023469974147
   807 -1.023469974147
   808 -1.023469974147
   809 -1.023469974147
   810 -1.023469974147
   811 -1.023469974147
   812 -1.023469974147
   813 -1.023469974147
   814 -1.023469974147
   815 -1.023469974147
   816 -1.023469974147
   817 -1.023469974147
   818 -1.023469974147
   819 -1.023469974147
   820 -1.023469974147
   821 -1.023469974147
   822 -1.023469974147
   823 -1.023469974147
   824 -1.023469974147
   825 -1.023469974147
   826 -1.023469974147
   827 -1.023469974147
   828 -1.023469974147
   829 -1.023469974147
   830 -1.023469974147
   831 -1.023469974147
   832 -1.023469974147
   833 -1.023469974147
   834 -1.023469974147
   835 -1.023469974147
   836 -1.023469974147
   837 -1.023469974147
   838 -1.023469974147
   839 -1.023469974147
   840 -1.023469974147
   841 -1.023469974147
   842 -1.023469974147
   843 -1.023469974147
   844 -1.023469974147
   845 -1.023469974147
   846 -1.023469974147
   847 -1.023469974147
   848 -1.023469974147
   849 -1.023469974147
   850 -1.023469974147
   851 -1.023469974147
   852 -1.023469974147
   853 -1.023469974147
   854 -1.023469974147
   855 -1.023469974147
   856 -1.023469974147
   857 -1.023469974147
   858 -1.023469974147
   859 -1.023469974147
   860 -1.023469974147
   861 -1.023469974147
   862 -1.023469974147
   863 -1.023469974147
   864 -1.023469974147
   865 -1.023469974147
   866 -1.023469974147
   867 -1.023469974147
   868 -1.023469974147
   869 -1.023469974147
   870 -1.023469974147
   871 -1.023469974147
   872 -1.023469974147
   873 -1.023469974147
   874 -1.023469974147
   875 -1.023469974147
   876 -1.023469974147
   877 -1.023469974147
   878 -1.023469974147
   879 -1.023469974147
   880 -1.023469974147
   881 -1.023469974147
   882 -1.023469974147
   883 -1.023469974147
   884 -1.023469974147
   885 -1.023469974147
   886 -1.023469974147
   887 -1.023469974147
   888 -1.023469974147
   889 -1.023469974147
   890 -1.023469974147
   891 -1.023469974147
   892 -1.023469974147
   893 -1.023469974147
   894 -1.023469974147
   895 -1.023469974147
   896 -1.023469974147
   897 -1.023469974147
   898 -1.023469974147
   899 -1.023469974147
   900 -1.023469974147
   901 -1.023469974147
   902 -1.023469974147
   903 -1.023469974147
   904 -1.023469974147
   905 -1.023469974147
   906 -1.023469974147
   907 -1.023469974147
   908 -1.023469974147
   909 -1.023469974147
   910 -1.023469974147
   911 -1.023469974147
   912 -1.023469974147
   913 -1.023469974147
   914 -1.023469974147
   915 -1.023469974147
   916 -1.023469974147
   917 -1.023469974147
   918 -1.023469974147
   919 -1.023469974147
   920 -1.023469974147
   921 -1.023469974147
   922 -1.023469974147
   923 -1.023469974147
   924 -1.023469974147
   925 -1.023469974147
   926 -1.023469974147
   927 -1.023469974147
   928 -1.023469974147
   929 -1.023469974147
   930 -1.023469974147
   931 -1.023469974147
   932 -1.023469974147
   933 -1.023469974147
   934 -1.023469974147
   935 -1.023469974147
   936 -1.023469974147
   937 -1.023469974147
   938 -1.023469974147
   939 -1.023469974147
   940 -1.023469974147
   941 -1.023469974147
   942 -1.023469974147
   943 -1.023469974147
   944 -1.023469974147
   945 -1.023469974147
   946 -1.023469974147
   947 -1.023469974147
   948 -1.023469974147
   949 -1.023469974147
   950 -1.023469974147
   951 -1.023469974147
   952 -1.023469974147
   953 -1.023469974147
   954 -1.023469974147
   955 -1.023469974147
   956 -1.023469974147
   957 -1.023469974147
   958 -1.023469974147
   959 -1.023469974147
   960 -1.023469974147
   961 -1.023469974147
   962 -1.023469974147
   963 -1.023469974147
   964 -1.023469974147
   965 -1.023469974147
   966 -1.023469974147
   967 -1.023469974147
   968 -1.023469974147
   969 -1.023469974147
   970 -1.023469974147
   971 -1.023469974147
   972 -1.023469974147
   973 -1.023469974147
   974 -1.023469974147
   975 -1.023469974147
   976 -1.023469974147
   977 -1.023469974147
   978 -1.023469974147
   979 -1.023469974147
   980 -1.023469974147
   981 -1.023469974147
   982 -1.023469974147
   983 -1.023469974147
   984 -1.023469974147
   985 -1.023469974147
   986 -1.023469974147
   987 -1.023469974147
   988 -1.023469974147
   989 -1.023469974147
   990 -1.023469974147
   991 -1.023469974147
   992 -1.023469974147
   993 -1.023469974147
   994 -1.023469974147
   995 -1.023469974147
   996 -1.023469974147
   997 -1.023469974147
   998 -1.023469974147
   999 -1.023469974147
  1000 -1.023469974147
  1001 -1.023469974147
  1002 -1.023469974147
  1003 -1.023469974147
  1004 -1.023469974147
  1005 -1.023469974147
  1006 -1.023469974147
  1007 -1.023469974147
  1008 -1.023469974147
  1009 -1.023469974147
  1010 -1.023469974147
  1011 -1.023469974147
  1012 -1.023469974147
  1013 -1.023469974147
  1014 -1.023469974147
  1015 -1.023469974147
  1016 -1.023469974147
  1017 -1.023469974147
  1018 -1.023469974147
  1019 -1.023469974147
  1020 -1.023469974147
  1021 -1.023469974147
  1022 -1.023469974147
  1023 -1.023469974147
  1024 -1.023469974147
  1025 -1.023469974147
  1026 -1.023469974147
  1027 -1.023469974147
  1028 -1.023469974147
  1029 -1.023469974147
  1030 -1.023469974147
  1031 -1.023469974147
  1032 -1.023469974147
  1033 -1.023469974147
  1034 -1.023469974147
  1035 -1.023469974147
  1036 -1.023469974147
  1037 -1.023469974147
  1038 -1.023469974147
  1039 -1.023469974147
  1040 -1.023469974147
  1041 -1.023469974147
  1042 -1.023469974147
  1043 -1.023469974147
  1044 -1.023469974147
  1045 -1.023469974147
  1046 -1.023469974147
  1047 -1.023469974147
  1048 -1.023469974147
  1049 -1.023469974147
  1050 -1.023469974147
  1051 -1.023469974147
  1052 -1.023469974147
  1053 -1.023469974147
  1054 -1.023469974147
  1055 -1.023469974147
  1056 -1.023469974147
  1057 -1.023469974147
  1058 -1.023469974147
  1059 -1.023469974147
  1060 -1.023469974147
  1061 -1.023469974147
  1062 -1.023469974147
  1063 -1.023469974147
  1064 -1.023469974147
  1065 -1.023469974147
  1066 -1.023469974147
  1067 -1.023469974147
  1068 -1.023469974147
  1069 -1.023469974147
  1070 -1.023469974147
  1071 -1.023469974147
  1072 -1.023469974147
  1073 -1.023469974147
  1074 -1.023469974147
  1075 -1.023469974147
  1076 -1.023469974147
  1077 -1.023469974147
  1078 -1.023469974147
  1079 -1.023469974147
  1080 -1.023469974147
  1081 -1.023469974147
  1082 -1.023469974147
  1083 -1.023469974147
  1084 -1.023469974147
  1085 -1.023469974147
  1086 -1.023469974147
  1087 -1.023469974147
  1088 -1.023469974147
  1089 -1.023469974147
  1090 -1.023469974147
  1091 -1.023469974147
  1092 -1.023469974147
  1093 -1.023469974147
  1094 -1.023469974147
  1095 -1.023469974147
  1096 -1.023469974147
  1097 -1.023469974147
  1098 -1.023469974147
  1099 -1.023469974147
  1100 -1.023469974147
  1101 -1.023469974147
  1102 -1.023469974147
  1103 -1.023469974147
  1104 -1.023469974147
  1105 -1.023469974147
  1106 -1.023469974147
  1107 -1.023469974147
  1108 -1.023469974147
  1109 -1.023469974147
  1110 -1.023469974147
  1111 -1.023469974147
  1112 -1.023469974147
  1113 -1.023469974147
  1114 -1.023469974147
  1115 -1.023469974147
  1116 -1.023469974147
  1117 -1.023469974147
  1118 -1.023469974147
  1119 -1.023469974147
  1120 -1.023469974147
  1121 -1.023469974147
  1122 -1.023469974147
  1123 -1.023469974147
  1124 -1.023469974147
  1125 -1.023469974147
  1126 -1.023469974147
  1127 -1.023469974147
  1128 -1.023469974147
  1129 -1.023469974147
  1130 -1.023469974147
  1131 -1.023469974147
  1132 -1.023469974147
  1133 -1.023469974147
  1134 -1.023469974147
  1135 -1.023469974147
  1136 -1.023469974147
  1137 -1.023469974147
  1138 -1.023469974147
  1139 -1.023469974147
  1140 -1.023469974147
  1141 -1.023469974147
  1142 -1.023469974147
  1143 -1.023469974147
  1144 -1.023469974147
  1145 -1.023469974147
  1146 -1.023469974147
  1147 -1.023469974147
  1148 -1.023469974147
  1149 -1.023469974147
  1150 -1.023469974147
  1151 -1.023469974147
  1152 -1.023469974147
  1153 -1.023469974147
  1154 -1.023469974147
  1155 -1.023469974147
  1156 -1.023469974147
  1157 -1.023469974147
  1158 -1.023469974147
  1159 -1.023469974147
  1160 -1.023469974147
  1161 -1.023469974147
  1162 -1.023469974147
  1163 -1.023469974147
  1164 -1.023469974147
  1165 -1.023469974147
  1166 -1.023469974147
  1167 -1.023469974147
  1168 -1.023469974147
  1169 -1.023469974147
  1170 -1.023469974147
  1171 -1.023469974147
  1172 -1.023469974147
  1173 -1.023469974147
  1174 -1.023469974147
  1175 -1.023469974147
  1176 -1.023469974147
  1177 -1.023469974147
  1178 -1.023469974147
  1179 -1.023469974147
  1180 -1.023469974147
  1181 -1.023469974147
  1182 -1.023469974147
  1183 -1.023469974147
  1184 -1.023469974147
  1185 -1.023469974147
  1186 -1.023469974147
  1187 -1.023469974147
  1188 -1.023469974147
  1189 -1.023469974147
  1190 -1.023469974147
  1191 -1.023469974147
  1192 -1.023469974147
  1193 -1.023469974147
  1194 -1.023469974147
  1195 -1.023469974147
  1196 -1.023469974147
  1197 -1.023469974147
  1198 -1.023469974147
  1199 -1.023469974147
  1200 -1.023469974147
  1201 -1.023469974147
  1202 -1.023469974147
  1203 -1.023469974147
  1204 -1.023469974147
  1205 -1.023469974147
  1206 -1.023469974147
  1207 -1.023469974147
  1208 -1.023469974147
  1209 -1.023469974147
  1210 -1.023469974147
  1211 -1.023469974147
  1212 -1.023469974147
  1213 -1.023469974147
  1214 -1.023469974147
  1215 -1.023469974147
  1216 -1.023469974147
  1217 -1.023469974147
  1218 -1.023469974147
  1219 -1.023469974147
  1220 -1.023469974147
  1221 -1.023469974147
  1222 -1.023469974147
  1223 -1.023469974147
  1224 -1.023469974147
  1225 -1.023469974147
  1226 -1.023469974147
  1227 -1.023469974147
  1228 -1.023469974147
  1229 -1.023469974147
  1230 -1.023469974147
  1231 -1.023469974147
  1232 -1.023469974147
  1233 -1.023469974147
  1234 -1.023469974147
  1235 -1.023469974147
  1236 -1.023469974147
  1237 -1.023469974147
  1238 -1.023469974147
  1239 -1.023469974147
  1240 -1.023469974147
  1241 -1.023469974147
  1242 -1.023469974147
  1243 -1.023469974147
  1244 -1.023469974147
  1245 -1.023469974147
  1246 -1.023469974147
  1247 -1.023469974147
  1248 -1.023469974147
  1249 -1.023469974147
  1250 -1.023469974147
  1251 -1.023469974147
  1252 -1.023469974147
  1253 -1.023469974147
  1254 -1.023469974147
  1255 -1.023469974147
  1256 -1.023469974147
  1257 -1.023469974147
  1258 -1.023469974147
  1259 -1.023469974147
  1260 -1.023469974147
  1261 -1.023469974147
  1262 -1.023469974147
  1263 -1.023469974147
  1264 -1.023469974147
  1265 -1.023469974147
  1266 -1.023469974147
  1267 -1.023469974147
  1268 -1.023469974147
  1269 -1.023469974147
  1270 -1.023469974147
  1271 -1.023469974147
  1272 -1.023469974147
  1273 -1.023469974147
  1274 -1.023469974147
  1275 -1.023469974147
  1276 -1.023469974147
  1277 -1.023469974147
  1278 -1.023469974147
  1279 -1.023469974147
  1280 -1.023469974147
  1281 -1.023469974147
  1282 -1.023469974147
  1283 -1.023469974147
  1284 -1.023469974147
  1285 -1.023469974147
  1286 -1.023469974147
  1287 -1.023469974147
  1288 -1.023469974147
  1289 -1.023469974147
  1290 -1.023469974147
  1291 -1.023469974147
  1292 -1.023469974147
  1293 -1.023469974147
  1294 -1.023469974147
  1295 -1.023469974147
  1296 -1.023469974147
  1297 -1.023469974147
  1298 -1.023469974147
  1299 -1.023469974147
  1300 -1.023469974147
  1301 -1.023469974147
  1302 -1.023469974147
  1303 -1.023469974147
  1304 -1.023469974147
  1305 -1.023469974147
  1306 -1.023469974147
  1307 -1.023469974147
  1308 -1.023469974147
  1309 -1.023469974147
  1310 -1.023469974147
  1311 -1.023469974147
  1312 -1.023469974147
  1313 -1.023469974147
  1314 -1.023469974147
  1315 -1.023469974147
  1316 -1.023469974147
  1317 -1.023469974147
  1318 -1.023469974147
  1319 -1.023469974147
  1320 -1.023469974147
  1321 -1.023469974147
  1322 -1.023469974147
  1323 -1.023469974147
  1324 -1.023469974147
  1325 -1.023469974147
  1326 -1.023469974147
  1327 -1.023469974147
  1328 -1.023469974147
  1329 -1.023469974147
  1330 -1.023469974147
  1331 -1.023469974147
  1332 -1.023469974147
  1333 -1.023469974147
  1334 -1.023469974147
  1335 -1.023469974147
  1336 -1.023469974147
  1337 -1.023469974147
  1338 -1.023469974147
  1339 -1.023469974147
  1340 -1.023469974147
  1341 -1.023469974147
  1342 -1.023469974147
  1343 -1.023469974147
  1344 -1.023469974147
  1345 -1.023469974147
  1346 -1.023469974147
  1347 -1.023469974147
  1348 -1.023469974147
  1349 -1.023469974147
  1350 -1.023469974147
  1351 -1.023469974147
  1352 -1.023469974147
  1353 -1.023469974147
  1354 -1.023469974147
  1355 -1.023469974147
  1356 -1.023469974147
  1357 -1.023469974147
  1358 -1.023469974147
  1359 -1.023469974147
  1360 -1.023469974147
  1361 -1.023469974147
  1362 -1.023469974147
  1363 -1.023469974147
  1364 -1.023469974147
  1365 -1.023469974147
  1366 -1.023469974147
  1367 -1.023469974147
  1368 -1.023469974147
  1369 -1.023469974147
  1370 -1.023469974147
  1371 -1.023469974147
  1372 -1.023469974147
  1373 -1.023469974147
  1374 -1.023469974147
  1375 -1.023469974147
  1376 -1.023469974147
  1377 -1.023469974147
  1378 -1.023469974147
  1379 -1.023469974147
  1380 -1.023469974147
  1381 -1.023469974147
  1382 -1.023469974147
  1383 -1.023469974147
  1384 -1.023469974147
  1385 -1.023469974147
  1386 -1.023469974147
  1387 -1.023469974147
  1388 -1.023469974147
  1389 -1.023469974147
  1390 -1.023469974147
  1391 -1.023469974147
  1392 -1.023469974147
  1393 -1.023469974147
  1394 -1.023469974147
  1395 -1.023469974147
  1396 -1.023469974147
  1397 -1.023469974147
  1398 -1.023469974147
  1399 -1.023469974147
  1400 -1.023469974147
  1401 -1.023469974147
  1402 -1.023469974147
  1403 -1.023469974147
  1404 -1.023469974147
  1405 -1.023469974147
  1406 -1.023469974147
  1407 -1.023469974147
  1408 -1.023469974147
  1409 -1.023469974147
  1410 -1.023469974147
  1411 -1.023469974147
  1412 -1.023469974147
  1413 -1.023469974147
  1414 -1.023469974147
  1415 -1.023469974147
  1416 -1.023469974147
  1417 -1.023469974147
  1418 -1.023469974147
  1419 -1.023469974147
  1420 -1.023469974147
  1421 -1.023469974147
  1422 -1.023469974147
  1423 -1.023469974147
  1424 -1.023469974147
  1425 -1.023469974147
  1426 -1.023469974147
  1427 -1.023469974147
  1428 -1.023469974147
  1429 -1.023469974147
  1430 -1.023469974147
  1431 -1.023469974147
  1432 -1.023469974147
  1433 -1.023469974147
  1434 -1.023469974147
  1435 -1.023469974147
  1436 -1.023469974147
  1437 -1.023469974147
  1438 -1.023469974147
  1439 -1.023469974147
  1440 -1.023469974147
  1441 -1.023469974147
  1442 -1.023469974147
  1443 -1.023469974147
  1444 -1.023469974147
  1445 -1.023469974147
  1446 -1.023469974147
  1447 -1.023469974147
  1448 -1.023469974147
  1449 -1.023469974147
  1450 -1.023469974147
  1451 -1.023469974147
  1452 -1.023469974147
  1453 -1.023469974147
  1454 -1.023469974147
  1455 -1.023469974147
  1456 -1.023469974147
  1457 -1.023469974147
  1458 -1.023469974147
  1459 -1.023469974147
  1460 -1.023469974147
  1461 -1.023469974147
  1462 -1.023469974147
  1463 -1.023469974147
  1464 -1.023469974147
  1465 -1.023469974147
  1466 -1.023469974147
  1467 -1.023469974147
  1468 -1.023469974147
  1469 -1.023469974147
  1470 -1.023469974147
  1471 -1.023469974147
  1472 -1.023469974147
  1473 -1.023469974147
  1474 -1.023469974147
  1475 -1.023469974147
  1476 -1.023469974147
  1477 -1.023469974147
  1478 -1.023469974147
  1479 -1.023469974147
  1480 -1.023469974147
  1481 -1.023469974147
  1482 -1.023469974147
  1483 -1.023469974147
  1484 -1.023469974147
  1485 -1.023469974147
  1486 -1.023469974147
  1487 -1.023469974147
  1488 -1.023469974147
  1489 -1.023469974147
  1490 -1.023469974147
  1491 -1.023469974147
  1492 -1.023469974147
  1493 -1.023469974147
  1494 -1.023469974147
  1495 -1.023469974147
  1496 -1.023469974147
  1497 -1.023469974147
  1498 -1.023469974147
  1499 -1.023469974147
  1500 -1.023469974147
  1501 -1.023469974147
  1502 -1.023469974147
  1503 -1.023469974147
  1504 -1.023469974147
  1505 -1.023469974147
  1506 -1.023469974147
  1507 -1.023469974147
  1508 -1.023469974147
  1509 -1.023469974147
  1510 -1.023469974147
  1511 -1.023469974147
  1512 -1.023469974147
  1513 -1.023469974147
  1514 -1.023469974147
  1515 -1.023469974147
  1516 -1.023469974147
  1517 -1.023469974147
  1518 -1.023469974147
  1519 -1.023469974147
  1520 -1.023469974147
  1521 -1.023469974147
  1522 -1.023469974147
  1523 -1.023469974147
  1524 -1.023469974147
  1525 -1.023469974147
  1526 -1.023469974147
  1527 -1.023469974147
  1528 -1.023469974147
  1529 -1.023469974147
  1530 -1.023469974147
  1531 -1.023469974147
  1532 -1.023469974147
  1533 -1.023469974147
  1534 -1.023469974147
  1535 -1.023469974147
  1536 -1.023469974147
  1537 -1.023469974147
  1538 -1.023469974147
  1539 -1.023469974147
  1540 -1.023469974147
  1541 -1.023469974147
  1542 -1.023469974147
  1543 -1.023469974147
  1544 -1.023469974147
  1545 -1.023469974147
  1546 -1.023469974147
  1547 -1.023469974147
  1548 -1.023469974147
  1549 -1.023469974147
  1550 -1.023469974147
  1551 -1.023469974147
  1552 -1.023469974147
  1553 -1.023469974147
  1554 -1.023469974147
  1555 -1.023469974147
  1556 -1.023469974147
  1557 -1.023469974147
  1558 -1.023469974147
  1559 -1.023469974147
  1560 -1.023469974147
  1561 -1.023469974147
  1562 -1.023469974147
  1563 -1.023469974147
  1564 -1.023469974147
  1565 -1.023469974147
  1566 -1.023469974147
  1567 -1.023469974147
  1568 -1.023469974147
  1569 -1.023469974147
  1570 -1.023469974147
  1571 -1.023469974147
  1572 -1.023469974147
  1573 -1.023469974147
  1574 -1.023469974147
  1575 -1.023469974147
  1576 -1.023469974147
  1577 -1.023469974147
  1578 -1.023469974147
  1579 -1.023469974147
  1580 -1.023469974147
  1581 -1.023469974147
  1582 -1.023469974147
  1583 -1.023469974147
  1584 -1.023469974147
  1585 -1.023469974147
  1586 -1.023469974147
  1587 -1.023469974147
  1588 -1.023469974147
  1589 -1.023469974147
  1590 -1.023469974147
  1591 -1.023469974147
  1592 -1.023469974147
  1593 -1.023469974147
  1594 -1.023469974147
  1595 -1.023469974147
  1596 -1.023469974147
  1597 -1.023469974147
  1598 -1.023469974147
  1599 -1.023469974147
  1600 -1.023469974147
  1601 -1.023469974147
  1602 -1.023469974147
  1603 -1.023469974147
  1604 -1.023469974147
  1605 -1.023469974147
  1606 -1.023469974147
  1607 -1.023469974147
  1608 -1.023469974147
  1609 -1.023469974147
  1610 -1.023469974147
  1611 -1.023469974147
  1612 -1.023469974147
  1613 -1.023469974147
  1614 -1.023469974147
  1615 -1.023469974147
  1616 -1.023469974147
  1617 -1.023469974147
  1618 -1.023469974147
  1619 -1.023469974147
  1620 -1.023469974147
  1621 -1.023469974147
  1622 -1.023469974147
  1623 -1.023469974147
  1624 -1.023469974147
  1625 -1.023469974147
  1626 -1.023469974147
  1627 -1.023469974147
  1628 -1.023469974147
  1629 -1.023469974147
  1630 -1.023469974147
  1631 -1.023469974147
  1632 -1.023469974147
  1633 -1.023469974147
  1634 -1.023469974147
  1635 -1.023469974147
  1636 -1.023469974147
  1637 -1.023469974147
  1638 -1.023469974147
  1639 -1.023469974147
  1640 -1.023469974147
  1641 -1.023469974147
  1642 -1.023469974147
  1643 -1.023469974147
  1644 -1.023469974147
  1645 -1.023469974147
  1646 -1.023469974147
  1647 -1.023469974147
  1648 -1.023469974147
  1649 -1.023469974147
  1650 -1.023469974147
  1651 -1.023469974147
  1652 -1.023469974147
  1653 -1.023469974147
  1654 -1.023469974147
  1655 -1.023469974147
  1656 -1.023469974147
  1657 -1.023469974147
  1658 -1.023469974147
  1659 -1.023469974147
  1660 -1.023469974147
  1661 -1.023469974147
  1662 -1.023469974147
  1663 -1.023469974147
  1664 -1.023469974147
  1665 -1.023469974147
  1666 -1.023469974147
  1667 -1.023469974147
  1668 -1.023469974147
  1669 -1.023469974147
  1670 -1.023469974147
  1671 -1.023469974147
  1672 -1.023469974147
  1673 -1.023469974147
  1674 -1.023469974147
  1675 -1.023469974147
  1676 -1.023469974147
  1677 -1.023469974147
  1678 -1.023469974147
  1679 -1.023469974147
  1680 -1.023469974147
  1681 -1.023469974147
  1682 -1.023469974147
  1683 -1.023469974147
  1684 -1.023469974147
  1685 -1.023469974147
  1686 -1.023469974147
  1687 -1.023469974147
  1688 -1.023469974147
  1689 -1.023469974147
  1690 -1.023469974147
  1691 -1.023469974147
  1692 -1.023469974147
  1693 -1.023469974147
  1694 -1.023469974147
  1695 -1.023469974147
  1696 -1.023469974147
  1697 -1.023469974147
  1698 -1.023469974147
  1699 -1.023469974147
  1700 -1.023469974147
  1701 -1.023469974147
  1702 -1.023469974147
  1703 -1.023469974147
  1704 -1.023469974147
  1705 -1.023469974147
  1706 -1.023469974147
  1707 -1.023469974147
  1708 -1.023469974147
  1709 -1.023469974147
  1710 -1.023469974147
  1711 -1.023469974147
  1712 -1.023469974147
  1713 -1.023469974147
  1714 -1.023469974147
  1715 -1.023469974147
  1716 -1.023469974147
  1717 -1.023469974147
  1718 -1.023469974147
  1719 -1.023469974147
  1720 -1.023469974147
  1721 -1.023469974147
  1722 -1.023469974147
  1723 -1.023469974147
  1724 -1.023469974147
  1725 -1.023469974147
  1726 -1.023469974147
  1727 -1.023469974147
  1728 -1.023469974147
  1729 -1.023469974147
  1730 -1.023469974147
  1731 -1.023469974147
  1732 -1.023469974147
  1733 -1.023469974147
  1734 -1.023469974147
  1735 -1.023469974147
  1736 -1.023469974147
  1737 -1.023469974147
  1738 -1.023469974147
  1739 -1.023469974147
  1740 -1.023469974147
  1741 -1.023469974147
  1742 -1.023469974147
  1743 -1.023469974147
  1744 -1.023469974147
  1745 -1.023469974147
  1746 -1.023469974147
  1747 -1.023469974147
  1748 -1.023469974147
  1749 -1.023469974147
  1750 -1.023469974147
  1751 -1.023469974147
  1752 -1.023469974147
  1753 -1.023469974147
  1754 -1.023469974147
  1755 -1.023469974147
  1756 -1.023469974147
  1757 -1.023469974147
  1758 -1.023469974147
  1759 -1.023469974147
  1760 -1.023469974147
  1761 -1.023469974147
  1762 -1.023469974147
  1763 -1.023469974147
  1764 -1.023469974147
  1765 -1.023469974147
  1766 -1.023469974147
  1767 -1.023469974147
  1768 -1.023469974147
  1769 -1.023469974147
  1770 -1.023469974147
  1771 -1.023469974147
  1772 -1.023469974147
  1773 -1.023469974147
  1774 -1.023469974147
  1775 -1.023469974147
  1776 -1.023469974147
  1777 -1.023469974147
  1778 -1.023469974147
  1779 -1.023469974147
  1780 -1.023469974147
  1781 -1.023469974147
  1782 -1.023469974147
  1783 -1.023469974147
  1784 -1.023469974147
  1785 -1.023469974147
  1786 -1.023469974147
  1787 -1.023469974147
  1788 -1.023469974147
  1789 -1.023469974147
  1790 -1.023469974147
  1791 -1.023469974147
  1792 -1.023469974147
  1793 -1.023469974147
  1794 -1.023469974147
  1795 -1.023469974147
  1796 -1.023469974147
  1797 -1.023469974147
  1798 -1.023469974147
  1799 -1.023469974147
  1800 -1.023469974147
  1801 -1.023469974147
  1802 -1.023469974147
  1803 -1.023469974147
  1804 -1.023469974147
  1805 -1.023469974147
  1806 -1.023469974147
  1807 -1.023469974147
  1808 -1.023469974147
  1809 -1.023469974147
  1810 -1.023469974147
  1811 -1.023469974147
  1812 -1.023469974147
  1813 -1.023469974147
  1814 -1.023469974147
  1815 -1.023469974147
  1816 -1.023469974147
  1817 -1.023469974147
  1818 -1.023469974147
  1819 -1.023469974147
  1820 -1.023469974147
  1821 -1.023469974147
  1822 -1.023469974147
  1823 -1.023469974147
  1824 -1.023469974147
  1825 -1.023469974147
  1826 -1.023469974147
  1827 -1.023469974147
  1828 -1.023469974147
  1829 -1.023469974147
  1830 -1.023469974147
  1831 -1.023469974147
  1832 -1.023469974147
  1833 -1.023469974147
  1834 -1.023469974147
  1835 -1.023469974147
  1836 -1.023469974147
  1837 -1.023469974147
  1838 -1.023469974147
  1839 -1.023469974147
  1840 -1.023469974147
  1841 -1.023469974147
  1842 -1.023469974147
  1843 -1.023469974147
  1844 -1.023469974147
  1845 -1.023469974147
  1846 -1.023469974147
  1847 -1.023469974147
  1848 -1.023469974147
  1849 -1.023469974147
  1850 -1.023469974147
  1851 -1.023469974147
  1852 -1.023469974147
  1853 -1.023469974147
  1854 -1.023469974147
  1855 -1.023469974147
  1856 -1.023469974147
  1857 -1.023469974147
  1858 -1.023469974147
  1859 -1.023469974147
  1860 -1.023469974147
  1861 -1.023469974147
  1862 -1.023469974147
  1863 -1.023469974147
  1864 -1.023469974147
  1865 -1.023469974147
  1866 -1.023469974147
  1867 -1.023469974147
  1868 -1.023469974147
  1869 -1.023469974147
  1870 -1.023469974147
  1871 -1.023469974147
  1872 -1.023469974147
  1873 -1.023469974147
  1874 -1.023469974147
  1875 -1.023469974147
  1876 -1.023469974147
  1877 -1.023469974147
  1878 -1.023469974147
  1879 -1.023469974147
  1880 -1.023469974147
  1881 -1.023469974147
  1882 -1.023469974147
  1883 -1.023469974147
  1884 -1.023469974147
  1885 -1.023469974147
  1886 -1.023469974147
  1887 -1.023469974147
  1888 -1.023469974147
  1889 -1.023469974147
  1890 -1.023469974147
  1891 -1.023469974147
  1892 -1.023469974147
  1893 -1.023469974147
  1894 -1.023469974147
  1895 -1.023469974147
  1896 -1.023469974147
  1897 -1.023469974147
  1898 -1.023469974147
  1899 -1.023469974147
  1900 -1.023469974147
  1901 -1.023469974147
  1902 -1.023469974147
  1903 -1.023469974147
  1904 -1.023469974147
  1905 -1.023469974147
  1906 -1.023469974147
  1907 -1.023469974147
  1908 -1.023469974147
  1909 -1.023469974147
  1910 -1.023469974147
  1911 -1.023469974147
  1912 -1.023469974147
  1913 -1.023469974147
  1914 -1.023469974147
  1915 -1.023469974147
  1916 -1.023469974147
  1917 -1.023469974147
  1918 -1.023469974147
  1919 -1.023469974147
  1920 -1.023469974147
  1921 -1.023469974147
  1922 -1.023469974147
  1923 -1.023469974147
  1924 -1.023469974147
  1925 -1.023469974147
  1926 -1.023469974147
  1927 -1.023469974147
  1928 -1.023469974147
  1929 -1.023469974147
  1930 -1.023469974147
  1931 -1.023469974147
  1932 -1.023469974147
  1933 -1.023469974147
  1934 -1.023469974147
  1935 -1.023469974147
  1936 -1.023469974147
  1937 -1.023469974147
  1938 -1.023469974147
  1939 -1.023469974147
  1940 -1.023469974147
  1941 -1.023469974147
  1942 -1.023469974147
  1943 -1.023469974147
  1944 -1.023469974147
  1945 -1.023469974147
  1946 -1.023469974147
  1947 -1.023469974147
  1948 -1.023469974147
  1949 -1.023469974147
  1950 -1.023469974147
  1951 -1.023469974147
  1952 -1.023469974147
  1953 -1.023469974147
  1954 -1.023469974147
  1955 -1.023469974147
  1956 -1.023469974147
  1957 -1.023469974147
  1958 -1.023469974147
  1959 -1.023469974147
  1960 -1.023469974147
  1961 -1.023469974147
  1962 -1.023469974147
  1963 -1.023469974147
  1964 -1.023469974147
  1965 -1.023469974147
  1966 -1.023469974147
  1967 -1.023469974147
  1968 -1.023469974147
  1969 -1.023469974147
  1970 -1.023469974147
  1971 -1.023469974147
  1972 -1.023469974147
  1973 -1.023469974147
  1974 -1.023469974147
  1975 -1.023469974147
  1976 -1.023469974147
  1977 -1.023469974147
  1978 -1.023469974147
  1979 -1.023469974147
  1980 -1.023469974147
  1981 -1.023469974147
  1982 -1.023469974147
  1983 -1.023469974147
  1984 -1.023469974147
  1985 -1.023469974147
  1986 -1.023469974147
  1987 -1.023469974147
  1988 -1.023469974147
  1989 -1.023469974147
  1990 -1.023469974147
  1991 -1.023469974147
  1992 -1.023469974147
  1993 -1.023469974147
  1994 -1.023469974147
  1995 -1.023469974147
  1996 -1.023469974147
  1997 -1.023469974147
  1998 -1.023469974147
  1999 -1.023469974147
  2000 -1.023469974147
