     1 -0.982554897579
     2 -1.089548167483
     3 -1.085315621308
     4 -1.076697746735
     5 -1.077927961656
     6 -1.079254355971
     7 -1.079970937328
     8 -1.080346992858
     9 -1.080547286591
    10 -1.080655855395
    11 -1.080715511013
    12 -1.080748605338
    13 -1.080767037067
    14 -1.080777294759
    15 -1.080782965679
    16 -1.080786052359
    17 -1.080787671812
    18 -1.080788488483
    19 -1.080788855072
    20 -1.080788981590
    21 -1.080788993557
    22 -1.080788929162
    23 -1.080788864755
    24 -1.080788786090
    25 -1.080788708503
    26 -1.080788644463
    27 -1.080788595168
    28 -1.080788540334
    29 -1.080788508556
    30 -1.080788483673
    31 -1.080788460276
    32 -1.080788444510
    33 -1.080788413720
    34 -1.080788398675
    35 -1.080788402047
    36 -1.080788398589
    37 -1.080788389849
    38 -1.080788377011
    39 -1.080788374639
    40 -1.080788383449
    41 -1.080788363037
    42 -1.080788368426
    43 -1.080788372646
    44 -1.080788375959
    45 -1.080788364909
    46 -1.080788366949
    47 -1.080788368551
    48 -1.080788369811
    49 -1.080788370804
    50 -1.080788371586
    51 -1.237276049221
    52 -1.053348298522
    53 -1.069942217595
    54 -1.075359461869
    55 -1.077999914084
    56 -1.079252321319
    57 -1.079916440888
    58 -1.080282504441
    59 -1.080489911715
    60 -1.080609720737
    61 -1.080679979626
    62 -1.080721738313
    63 -1.080746864489
    64 -1.080762155831
    65 -1.080771583670
    66 -1.080777474925
    67 -1.080781192015
    68 -1.080783575830
    69 -1.080785127448
    70 -1.080786141271
    71 -1.080786813889
    72 -1.080787268181
    73 -1.080787574844
    74 -1.080787805633
    75 -1.080787957576
    76 -1.080788066406
    77 -1.080788139757
    78 -1.080788199212
    79 -1.080788239626
    80 -1.080788270309
    81 -1.080788301316
    82 -1.080788316045
    83 -1.080788312140
    84 -1.080788342375
    85 -1.080788336965
    86 -1.080788349387
    87 -1.080788337748
    88 -1.080788355963
    89 -1.080788348850
    90 -1.080788356942
    91 -1.080788352588
    92 -1.080788349177
    93 -1.080788360156
    94 -1.080788358061
    95 -1.080788356418
    96 -1.080788355127
    97 -1.080788354111
    98 -1.080788353311
    99 -1.080788352680
   100 -1.080788352183
   101 -1.184559584892
   102 -1.059949223305
   103 -1.068218532863
   104 -1.075227307119
   105 -1.078110163042
   106 -1.079356454817
   107 -1.079989025631
   108 -1.080325541204
   109 -1.080513028279
   110 -1.080621064210
   111 -1.080684979915
   112 -1.080723555539
   113 -1.080747225669
   114 -1.080761934183
   115 -1.080771193924
   116 -1.080777082495
   117 -1.080780862611
   118 -1.080783325375
   119 -1.080784942562
   120 -1.080785999402
   121 -1.080786724514
   122 -1.080787200891
   123 -1.080787552754
   124 -1.080787764789
   125 -1.080787936958
   126 -1.080788041203
   127 -1.080788143431
   128 -1.080788185478
   129 -1.080788232332
   130 -1.080788267082
   131 -1.080788300586
   132 -1.080788316781
   133 -1.080788313678
   134 -1.080788330632
   135 -1.080788339001
   136 -1.080788351391
   137 -1.080788339641
   138 -1.080788357706
   139 -1.080788350429
   140 -1.080788358361
   141 -1.080788353856
   142 -1.080788350310
   143 -1.080788361171
   144 -1.080788358973
   145 -1.080788357244
   146 -1.080788355881
   147 -1.080788354804
   148 -1.080788353954
   149 -1.080788353282
   150 -1.080788352751
   151 -1.238819834288
   152 -1.062655544290
   153 -1.069889034149
   154 -1.074928074011
   155 -1.077417107395
   156 -1.078788731720
   157 -1.079583487564
   158 -1.080055439571
   159 -1.080339624093
   160 -1.080512041429
   161 -1.080617179975
   162 -1.080681610709
   163 -1.080721244520
   164 -1.080745795879
   165 -1.080761089670
   166 -1.080770682682
   167 -1.080776777848
   168 -1.080780666396
   169 -1.080783171285
   170 -1.080784816634
   171 -1.080785909021
   172 -1.080786629868
   173 -1.080787127943
   174 -1.080787471486
   175 -1.080787715912
   176 -1.080787883067
   177 -1.080788006213
   178 -1.080788104458
   179 -1.080788156379
   180 -1.080788209978
   181 -1.080788245821
   182 -1.080788272864
   183 -1.080788300927
   184 -1.080788313253
   185 -1.080788321042
   186 -1.080788322336
   187 -1.080788329251
   188 -1.080788340574
   189 -1.080788355357
   190 -1.080788345536
   191 -1.080788351489
   192 -1.080788345444
   193 -1.080788368010
   194 -1.080788364291
   195 -1.080788361374
   196 -1.080788359080
   197 -1.080788357274
   198 -1.080788355850
   199 -1.080788354728
   200 -1.080788353843
   201 -1.216673738525
   202 -1.062547238203
   203 -1.066849636334
   204 -1.073391066619
   205 -1.076887541457
   206 -1.078543114294
   207 -1.079450387918
   208 -1.079974906342
   209 -1.080288641069
   210 -1.080479457611
   211 -1.080596527512
   212 -1.080668682059
   213 -1.080713315555
   214 -1.080741007082
   215 -1.080758254787
   216 -1.080769067633
   217 -1.080775854152
   218 -1.080780191587
   219 -1.080782949831
   220 -1.080784737425
   221 -1.080785915775
   222 -1.080786674389
   223 -1.080787185051
   224 -1.080787531496
   225 -1.080787779473
   226 -1.080787930601
   227 -1.080788064122
   228 -1.080788147970
   229 -1.080788204392
   230 -1.080788242206
   231 -1.080788270793
   232 -1.080788300188
   233 -1.080788313733
   234 -1.080788322659
   235 -1.080788325014
   236 -1.080788332908
   237 -1.080788345126
   238 -1.080788360715
   239 -1.080788351616
   240 -1.080788344548
   241 -1.080788366364
   242 -1.080788362101
   243 -1.080788358792
   244 -1.080788356218
   245 -1.080788354213
   246 -1.080788352651
   247 -1.080788351433
   248 -1.080788364139
   249 -1.080788363406
   250 -1.080788362839
   251 -1.209733187445
   252 -1.065318660236
   253 -1.070874827909
   254 -1.076201221120
   255 -1.078468548567
   256 -1.079528429527
   257 -1.080068541169
   258 -1.080361637175
   259 -1.080528552925
   260 -1.080627016889
   261 -1.080686616556
   262 -1.080723390520
   263 -1.080746446419
   264 -1.080761052845
   265 -1.080770397844
   266 -1.080776441292
   267 -1.080780371018
   268 -1.080782965004
   269 -1.080784667750
   270 -1.080785825687
   271 -1.080786604300
   272 -1.080787119972
   273 -1.080787487575
   274 -1.080787736280
   275 -1.080787899671
   276 -1.080788033614
   277 -1.080788109113
   278 -1.080788178277
   279 -1.080788224379
   280 -1.080788258169
   281 -1.080788290660
   282 -1.080788305876
   283 -1.080788315544
   284 -1.080788318048
   285 -1.080788325736
   286 -1.080788337545
   287 -1.080788352626
   288 -1.080788342981
   289 -1.080788362691
   290 -1.080788356703
   291 -1.080788351984
   292 -1.080788348260
   293 -1.080788358976
   294 -1.080788356662
   295 -1.080788354838
   296 -1.080788353398
   297 -1.080788352261
   298 -1.080788351362
   299 -1.080788364307
   300 -1.080788363752
   301 -1.199175378055
   302 -1.061121972077
   303 -1.069125910419
   304 -1.074631086142
   305 -1.077424283266
   306 -1.078894216401
   307 -1.079698490910
   308 -1.080152083565
   309 -1.080412628346
   310 -1.080564227252
   311 -1.080653355017
   312 -1.080706199350
   313 -1.080737842255
   314 -1.080756943705
   315 -1.080768592141
   316 -1.080775779115
   317 -1.080780251190
   318 -1.080783063219
   319 -1.080784853867
   320 -1.080786002854
   321 -1.080786775462
   322 -1.080787263745
   323 -1.080787607350
   324 -1.080787817869
   325 -1.080787979631
   326 -1.080788090408
   327 -1.080788173557
   328 -1.080788224668
   329 -1.080788266900
   330 -1.080788296588
   331 -1.080788310652
   332 -1.080788320233
   333 -1.080788323307
   334 -1.080788331930
   335 -1.080788344849
   336 -1.080788347429
   337 -1.080788352565
   338 -1.080788346010
   339 -1.080788368274
   340 -1.080788364396
   341 -1.080788361412
   342 -1.080788359109
   343 -1.080788357329
   344 -1.080788355953
   345 -1.080788354887
   346 -1.080788354061
   347 -1.080788353420
   348 -1.080788352923
   349 -1.080788352537
   350 -1.080788352236
   351 -1.080788352003
   352 -1.080788365476
   353 -1.080788365342
   354 -1.080788365242
   355 -1.080788365166
   356 -1.080788365106
   357 -1.080788365059
   358 -1.080788365022
   359 -1.080788364993
   360 -1.080788364970
   361 -1.080788364952
   362 -1.080788364938
   363 -1.080788364926
   364 -1.080788364918
   365 -1.080788364911
   366 -1.080788364905
   367 -1.080788364901
   368 -1.080788364897
   369 -1.080788364895
   370 -1.080788364892
   371 -1.080788364891
   372 -1.080788364889
   373 -1.080788364888
   374 -1.080788364887
   375 -1.080788364887
   376 -1.080788364886
   377 -1.080788364886
   378 -1.080788364886
   379 -1.080788364885
   380 -1.080788364885
   381 -1.080788364885
   382 -1.080788364885
   383 -1.080788364885
   384 -1.080788364885
   385 -1.080788364885
   386 -1.080788364884
   387 -1.080788364884
   388 -1.080788364884
   389 -1.080788364884
   390 -1.080788364884
   391 -1.080788364884
   392 -1.080788364884
   393 -1.080788364884
   394 -1.080788364884
   395 -1.080788364884
   396 -1.080788364884
   397 -1.080788364884
   398 -1.080788364884
   399 -1.080788364884
   400 -1.080788364884
   401 -1.080788364884
   402 -1.080788364884
   403 -1.080788364884
   404 -1.080788364884
   405 -1.080788364884
   406 -1.080788364884
   407 -1.080788364884
   408 -1.080788364884
   409 -1.080788364884
   410 -1.080788364884
   411 -1.080788364884
   412 -1.080788364884
   413 -1.080788364884
   414 -1.080788364884
   415 -1.080788364884
   416 -1.080788364884
   417 -1.080788364884
   418 -1.080788364884
   419 -1.080788364884
   420 -1.080788364884
   421 -1.080788364884
   422 -1.080788364884
   423 -1.080788364884
   424 -1.080788364884
   425 -1.080788364884
   426 -1.080788364884
   427 -1.080788364884
   428 -1.080788364884
   429 -1.080788364884
   430 -1.080788364884
   431 -1.080788364884
   432 -1.080788364884
   433 -1.080788364884
   434 -1.080788364884
   435 -1.080788364884
   436 -1.080788364884
   437 -1.080788364884
   438 -1.080788364884
   439 -1.080788364884
   440 -1.080788364884
   441 -1.080788364884
   442 -1.080788364884
   443 -1.080788364884
   444 -1.080788364884
   445 -1.080788364884
   446 -1.080788364884
   447 -1.080788364884
   448 -1.080788364884
   449 -1.080788364884
   450 -1.080788364884
   451 -1.080788364884
   452 -1.080788364884
   453 -1.080788364884
   454 -1.080788364884
   455 -1.080788364884
   456 -1.080788364884
   457 -1.080788364884
   458 -1.080788364884
   459 -1.080788364884
   460 -1.080788364884
   461 -1.080788364884
   462 -1.080788364884
   463 -1.080788364884
   464 -1.080788364884
   465 -1.080788364884
   466 -1.080788364884
   467 -1.080788364884
   468 -1.080788364884
   469 -1.080788364884
   470 -1.080788364884
   471 -1.080788364884
   472 -1.080788364884
   473 -1.080788364884
   474 -1.080788364884
   475 -1.080788364884
   476 -1.080788364884
   477 -1.080788364884
   478 -1.080788364884
   479 -1.080788364884
   480 -1.080788364884
   481 -1.080788364884
   482 -1.080788364884
   483 -1.080788364884
   484 -1.080788364884
   485 -1.080788364884
   486 -1.080788364884
   487 -1.080788364884
   488 -1.080788364884
   489 -1.080788364884
   490 -1.080788364884
   491 -1.080788364884
   492 -1.080788364884
   493 -1.080788364884
   494 -1.080788364884
   495 -1.080788364884
   496 -1.080788364884
   497 -1.080788364884
   498 -1.080788364884
   499 -1.080788364884
   500 -1.080788364884
   501 -1.080788364884
   502 -1.080788364884
   503 -1.080788364884
   504 -1.080788364884
   505 -1.080788364884
   506 -1.080788364884
   507 -1.080788364884
   508 -1.080788364884
   509 -1.080788364884
   510 -1.080788364884
   511 -1.080788364884
   512 -1.080788364884
   513 -1.080788364884
   514 -1.080788364884
   515 -1.080788364884
   516 -1.080788364884
   517 -1.080788364884
   518 -1.080788364884
   519 -1.080788364884
   520 -1.080788364884
   521 -1.080788364884
   522 -1.080788364884
   523 -1.080788364884
   524 -1.080788364884
   525 -1.080788364884
   526 -1.080788364884
   527 -1.080788364884
   528 -1.080788364884
   529 -1.080788364884
   530 -1.080788364884
   531 -1.080788364884
   532 -1.080788364884
   533 -1.080788364884
   534 -1.080788364884
   535 -1.080788364884
   536 -1.080788364884
   537 -1.080788364884
   538 -1.080788364884
   539 -1.080788364884
   540 -1.080788364884
   541 -1.080788364884
   542 -1.080788364884
   543 -1.080788364884
   544 -1.080788364884
   545 -1.080788364884
   546 -1.080788364884
   547 -1.080788364884
   548 -1.080788364884
   549 -1.080788364884
   550 -1.080788364884
   551 -1.080788364884
   552 -1.080788364884
   553 -1.080788364884
   554 -1.080788364884
   555 -1.080788364884
   556 -1.080788364884
   557 -1.080788364884
   558 -1.080788364884
   559 -1.080788364884
   560 -1.080788364884
   561 -1.080788364884
   562 -1.080788364884
   563 -1.080788364884
   564 -1.080788364884
   565 -1.080788364884
   566 -1.080788364884
   567 -1.080788364884
   568 -1.080788364884
   569 -1.080788364884
   570 -1.080788364884
   571 -1.080788364884
   572 -1.080788364884
   573 -1.080788364884
   574 -1.080788364884
   575 -1.080788364884
   576 -1.080788364884
   577 -1.080788364884
   578 -1.080788364884
   579 -1.080788364884
   580 -1.080788364884
   581 -1.080788364884
   582 -1.080788364884
   583 -1.080788364884
   584 -1.080788364884
   585 -1.080788364884
   586 -1.080788364884
   587 -1.080788364884
   588 -1.080788364884
   589 -1.080788364884
   590 -1.080788364884
   591 -1.080788364884
   592 -1.080788364884
   593 -1.080788364884
   594 -1.080788364884
   595 -1.080788364884
   596 -1.080788364884
   597 -1.080788364884
   598 -1.080788364884
   599 -1.080788364884
   600 -1.080788364884
   601 -1.080788364884
   602 -1.080788364884
   603 -1.080788364884
   604 -1.080788364884
   605 -1.080788364884
   606 -1.080788364884
   607 -1.080788364884
   608 -1.080788364884
   609 -1.080788364884
   610 -1.080788364884
   611 -1.080788364884
   612 -1.080788364884
   613 -1.080788364884
   614 -1.080788364884
   615 -1.080788364884
   616 -1.080788364884
   617 -1.080788364884
   618 -1.080788364884
   619 -1.080788364884
   620 -1.080788364884
   621 -1.080788364884
   622 -1.080788364884
   623 -1.080788364884
   624 -1.080788364884
   625 -1.080788364884
   626 -1.080788364884
   627 -1.080788364884
   628 -1.080788364884
   629 -1.080788364884
   630 -1.080788364884
   631 -1.080788364884
   632 -1.080788364884
   633 -1.080788364884
   634 -1.080788364884
   635 -1.080788364884
   636 -1.080788364884
   637 -1.080788364884
   638 -1.080788364884
   639 -1.080788364884
   640 -1.080788364884
   641 -1.080788364884
   642 -1.080788364884
   643 -1.080788364884
   644 -1.080788364884
   645 -1.080788364884
   646 -1.080788364884
   647 -1.080788364884
   648 -1.080788364884
   649 -1.080788364884
   650 -1.080788364884
   651 -1.080788364884
   652 -1.080788364884
   653 -1.080788364884
   654 -1.080788364884
   655 -1.080788364884
   656 -1.080788364884
   657 -1.080788364884
   658 -1.080788364884
   659 -1.080788364884
   660 -1.080788364884
   661 -1.080788364884
   662 -1.080788364884
   663 -1.080788364884
   664 -1.080788364884
   665 -1.080788364884
   666 -1.080788364884
   667 -1.080788364884
   668 -1.080788364884
   669 -1.080788364884
   670 -1.080788364884
   671 -1.080788364884
   672 -1.080788364884
   673 -1.080788364884
   674 -1.080788364884
   675 -1.080788364884
   676 -1.080788364884
   677 -1.080788364884
   678 -1.080788364884
   679 -1.080788364884
   680 -1.080788364884
   681 -1.080788364884
   682 -1.080788364884
   683 -1.080788364884
   684 -1.080788364884
   685 -1.080788364884
   686 -1.080788364884
   687 -1.080788364884
   688 -1.080788364884
   689 -1.080788364884
   690 -1.080788364884
   691 -1.080788364884
   692 -1.080788364884
   693 -1.080788364884
   694 -1.080788364884
   695 -1.080788364884
   696 -1.080788364884
   697 -1.080788364884
   698 -1.080788364884
   699 -1.080788364884
   700 -1.080788364884
   701 -1.080788364884
   702 -1.080788364884
   703 -1.080788364884
   704 -1.080788364884
   705 -1.080788364884
   706 -1.080788364884
   707 -1.080788364884
   708 -1.080788364884
   709 -1.080788364884
   710 -1.080788364884
   711 -1.080788364884
   712 -1.080788364884
   713 -1.080788364884
   714 -1.080788364884
   715 -1.080788364884
   716 -1.080788364884
   717 -1.080788364884
   718 -1.080788364884
   719 -1.080788364884
   720 -1.080788364884
   721 -1.080788364884
   722 -1.080788364884
   723 -1.080788364884
   724 -1.080788364884
   725 -1.080788364884
   726 -1.080788364884
   727 -1.080788364884
   728 -1.080788364884
   729 -1.080788364884
   730 -1.080788364884
   731 -1.080788364884
   732 -1.080788364884
   733 -1.080788364884
   734 -1.080788364884
   735 -1.080788364884
   736 -1.080788364884
   737 -1.080788364884
   738 -1.080788364884
   739 -1.080788364884
   740 -1.080788364884
   741 -1.080788364884
   742 -1.080788364884
   743 -1.080788364884
   744 -1.080788364884
   745 -1.080788364884
   746 -1.080788364884
   747 -1.080788364884
   748 -1.080788364884
   749 -1.080788364884
   750 -1.080788364884
   751 -1.080788364884
   752 -1.080788364884
   753 -1.080788364884
   754 -1.080788364884
   755 -1.080788364884
   756 -1.080788364884
   757 -1.080788364884
   758 -1.080788364884
   759 -1.080788364884
   760 -1.080788364884
   761 -1.080788364884
   762 -1.080788364884
   763 -1.080788364884
   764 -1.080788364884
   765 -1.080788364884
   766 -1.080788364884
   767 -1.080788364884
   768 -1.080788364884
   769 -1.080788364884
   770 -1.080788364884
   771 -1.080788364884
   772 -1.080788364884
   773 -1.080788364884
   774 -1.080788364884
   775 -1.080788364884
   776 -1.080788364884
   777 -1.080788364884
   778 -1.080788364884
   779 -1.080788364884
   780 -1.080788364884
   781 -1.080788364884
   782 -1.080788364884
   783 -1.080788364884
   784 -1.080788364884
   785 -1.080788364884
   786 -1.080788364884
   787 -1.080788364884
   788 -1.080788364884
   789 -1.080788364884
   790 -1.080788364884
   791 -1.080788364884
   792 -1.080788364884
   793 -1.080788364884
   794 -1.080788364884
   795 -1.080788364884
   796 -1.080788364884
   797 -1.080788364884
   798 -1.080788364884
   799 -1.080788364884
   800 -1.080788364884
   801 -1.080788364884
   802 -1.080788364884
   803 -1.080788364884
   804 -1.080788364884
   805 -1.080788364884
   806 -1.080788364884
   807 -1.080788364884
   808 -1.080788364884
   809 -1.080788364884
   810 -1.080788364884
   811 -1.080788364884
   812 -1.080788364884
   813 -1.080788364884
   814 -1.080788364884
   815 -1.080788364884
   816 -1.080788364884
   817 -1.080788364884
   818 -1.080788364884
   819 -1.080788364884
   820 -1.080788364884
   821 -1.080788364884
   822 -1.080788364884
   823 -1.080788364884
   824 -1.080788364884
   825 -1.080788364884
   826 -1.080788364884
   827 -1.080788364884
   828 -1.080788364884
   829 -1.080788364884
   830 -1.080788364884
   831 -1.080788364884
   832 -1.080788364884
   833 -1.080788364884
   834 -1.080788364884
   835 -1.080788364884
   836 -1.080788364884
   837 -1.080788364884
   838 -1.080788364884
   839 -1.080788364884
   840 -1.080788364884
   841 -1.080788364884
   842 -1.080788364884
   843 -1.080788364884
   844 -1.080788364884
   845 -1.080788364884
   846 -1.080788364884
   847 -1.080788364884
   848 -1.080788364884
   849 -1.080788364884
   850 -1.080788364884
   851 -1.080788364884
   852 -1.080788364884
   853 -1.080788364884
   854 -1.080788364884
   855 -1.080788364884
   856 -1.080788364884
   857 -1.080788364884
   858 -1.080788364884
   859 -1.080788364884
   860 -1.080788364884
   861 -1.080788364884
   862 -1.080788364884
   863 -1.080788364884
   864 -1.080788364884
   865 -1.080788364884
   866 -1.080788364884
   867 -1.080788364884
   868 -1.080788364884
   869 -1.080788364884
   870 -1.080788364884
   871 -1.080788364884
   872 -1.080788364884
   873 -1.080788364884
   874 -1.080788364884
   875 -1.080788364884
   876 -1.080788364884
   877 -1.080788364884
   878 -1.080788364884
   879 -1.080788364884
   880 -1.080788364884
   881 -1.080788364884
   882 -1.080788364884
   883 -1.080788364884
   884 -1.080788364884
   885 -1.080788364884
   886 -1.080788364884
   887 -1.080788364884
   888 -1.080788364884
   889 -1.080788364884
   890 -1.080788364884
   891 -1.080788364884
   892 -1.080788364884
   893 -1.080788364884
   894 -1.080788364884
   895 -1.080788364884
   896 -1.080788364884
   897 -1.080788364884
   898 -1.080788364884
   899 -1.080788364884
   900 -1.080788364884
   901 -1.080788364884
   902 -1.080788364884
   903 -1.080788364884
   904 -1.080788364884
   905 -1.080788364884
   906 -1.080788364884
   907 -1.080788364884
   908 -1.080788364884
   909 -1.080788364884
   910 -1.080788364884
   911 -1.080788364884
   912 -1.080788364884
   913 -1.080788364884
   914 -1.080788364884
   915 -1.080788364884
   916 -1.080788364884
   917 -1.080788364884
   918 -1.080788364884
   919 -1.080788364884
   920 -1.080788364884
   921 -1.080788364884
   922 -1.080788364884
   923 -1.080788364884
   924 -1.080788364884
   925 -1.080788364884
   926 -1.080788364884
   927 -1.080788364884
   928 -1.080788364884
   929 -1.080788364884
   930 -1.080788364884
   931 -1.080788364884
   932 -1.080788364884
   933 -1.080788364884
   934 -1.080788364884
   935 -1.080788364884
   936 -1.080788364884
   937 -1.080788364884
   938 -1.080788364884
   939 -1.080788364884
   940 -1.080788364884
   941 -1.080788364884
   942 -1.080788364884
   943 -1.080788364884
   944 -1.080788364884
   945 -1.080788364884
   946 -1.080788364884
   947 -1.080788364884
   948 -1.080788364884
   949 -1.080788364884
   950 -1.080788364884
   951 -1.080788364884
   952 -1.080788364884
   953 -1.080788364884
   954 -1.080788364884
   955 -1.080788364884
   956 -1.080788364884
   957 -1.080788364884
   958 -1.080788364884
   959 -1.080788364884
   960 -1.080788364884
   961 -1.080788364884
   962 -1.080788364884
   963 -1.080788364884
   964 -1.080788364884
   965 -1.080788364884
   966 -1.080788364884
   967 -1.080788364884
   968 -1.080788364884
   969 -1.080788364884
   970 -1.080788364884
   971 -1.080788364884
   972 -1.080788364884
   973 -1.080788364884
   974 -1.080788364884
   975 -1.080788364884
   976 -1.080788364884
   977 -1.080788364884
   978 -1.080788364884
   979 -1.080788364884
   980 -1.080788364884
   981 -1.080788364884
   982 -1.080788364884
   983 -1.080788364884
   984 -1.080788364884
   985 -1.080788364884
   986 -1.080788364884
   987 -1.080788364884
   988 -1.080788364884
   989 -1.080788364884
   990 -1.080788364884
   991 -1.080788364884
   992 -1.080788364884
   993 -1.080788364884
   994 -1.080788364884
   995 -1.080788364884
   996 -1.080788364884
   997 -1.080788364884
   998 -1.080788364884
   999 -1.080788364884
  1000 -1.080788364884
  1001 -1.080788364884
  1002 -1.080788364884
  1003 -1.080788364884
  1004 -1.080788364884
  1005 -1.080788364884
  1006 -1.080788364884
  1007 -1.080788364884
  1008 -1.080788364884
  1009 -1.080788364884
  1010 -1.080788364884
  1011 -1.080788364884
  1012 -1.080788364884
  1013 -1.080788364884
  1014 -1.080788364884
  1015 -1.080788364884
  1016 -1.080788364884
  1017 -1.080788364884
  1018 -1.080788364884
  1019 -1.080788364884
  1020 -1.080788364884
  1021 -1.080788364884
  1022 -1.080788364884
  1023 -1.080788364884
  1024 -1.080788364884
  1025 -1.080788364884
  1026 -1.080788364884
  1027 -1.080788364884
  1028 -1.080788364884
  1029 -1.080788364884
  1030 -1.080788364884
  1031 -1.080788364884
  1032 -1.080788364884
  1033 -1.080788364884
  1034 -1.080788364884
  1035 -1.080788364884
  1036 -1.080788364884
  1037 -1.080788364884
  1038 -1.080788364884
  1039 -1.080788364884
  1040 -1.080788364884
  1041 -1.080788364884
  1042 -1.080788364884
  1043 -1.080788364884
  1044 -1.080788364884
  1045 -1.080788364884
  1046 -1.080788364884
  1047 -1.080788364884
  1048 -1.080788364884
  1049 -1.080788364884
  1050 -1.080788364884
  1051 -1.080788364884
  1052 -1.080788364884
  1053 -1.080788364884
  1054 -1.080788364884
  1055 -1.080788364884
  1056 -1.080788364884
  1057 -1.080788364884
  1058 -1.080788364884
  1059 -1.080788364884
  1060 -1.080788364884
  1061 -1.080788364884
  1062 -1.080788364884
  1063 -1.080788364884
  1064 -1.080788364884
  1065 -1.080788364884
  1066 -1.080788364884
  1067 -1.080788364884
  1068 -1.080788364884
  1069 -1.080788364884
  1070 -1.080788364884
  1071 -1.080788364884
  1072 -1.080788364884
  1073 -1.080788364884
  1074 -1.080788364884
  1075 -1.080788364884
  1076 -1.080788364884
  1077 -1.080788364884
  1078 -1.080788364884
  1079 -1.080788364884
  1080 -1.080788364884
  1081 -1.080788364884
  1082 -1.080788364884
  1083 -1.080788364884
  1084 -1.080788364884
  1085 -1.080788364884
  1086 -1.080788364884
  1087 -1.080788364884
  1088 -1.080788364884
  1089 -1.080788364884
  1090 -1.080788364884
  1091 -1.080788364884
  1092 -1.080788364884
  1093 -1.080788364884
  1094 -1.080788364884
  1095 -1.080788364884
  1096 -1.080788364884
  1097 -1.080788364884
  1098 -1.080788364884
  1099 -1.080788364884
  1100 -1.080788364884
  1101 -1.080788364884
  1102 -1.080788364884
  1103 -1.080788364884
  1104 -1.080788364884
  1105 -1.080788364884
  1106 -1.080788364884
  1107 -1.080788364884
  1108 -1.080788364884
  1109 -1.080788364884
  1110 -1.080788364884
  1111 -1.080788364884
  1112 -1.080788364884
  1113 -1.080788364884
  1114 -1.080788364884
  1115 -1.080788364884
  1116 -1.080788364884
  1117 -1.080788364884
  1118 -1.080788364884
  1119 -1.080788364884
  1120 -1.080788364884
  1121 -1.080788364884
  1122 -1.080788364884
  1123 -1.080788364884
  1124 -1.080788364884
  1125 -1.080788364884
  1126 -1.080788364884
  1127 -1.080788364884
  1128 -1.080788364884
  1129 -1.080788364884
  1130 -1.080788364884
  1131 -1.080788364884
  1132 -1.080788364884
  1133 -1.080788364884
  1134 -1.080788364884
  1135 -1.080788364884
  1136 -1.080788364884
  1137 -1.080788364884
  1138 -1.080788364884
  1139 -1.080788364884
  1140 -1.080788364884
  1141 -1.080788364884
  1142 -1.080788364884
  1143 -1.080788364884
  1144 -1.080788364884
  1145 -1.080788364884
  1146 -1.080788364884
  1147 -1.080788364884
  1148 -1.080788364884
  1149 -1.080788364884
  1150 -1.080788364884
  1151 -1.080788364884
  1152 -1.080788364884
  1153 -1.080788364884
  1154 -1.080788364884
  1155 -1.080788364884
  1156 -1.080788364884
  1157 -1.080788364884
  1158 -1.080788364884
  1159 -1.080788364884
  1160 -1.080788364884
  1161 -1.080788364884
  1162 -1.080788364884
  1163 -1.080788364884
  1164 -1.080788364884
  1165 -1.080788364884
  1166 -1.080788364884
  1167 -1.080788364884
  1168 -1.080788364884
  1169 -1.080788364884
  1170 -1.080788364884
  1171 -1.080788364884
  1172 -1.080788364884
  1173 -1.080788364884
  1174 -1.080788364884
  1175 -1.080788364884
  1176 -1.080788364884
  1177 -1.080788364884
  1178 -1.080788364884
  1179 -1.080788364884
  1180 -1.080788364884
  1181 -1.080788364884
  1182 -1.080788364884
  1183 -1.080788364884
  1184 -1.080788364884
  1185 -1.080788364884
  1186 -1.080788364884
  1187 -1.080788364884
  1188 -1.080788364884
  1189 -1.080788364884
  1190 -1.080788364884
  1191 -1.080788364884
  1192 -1.080788364884
  1193 -1.080788364884
  1194 -1.080788364884
  1195 -1.080788364884
  1196 -1.080788364884
  1197 -1.080788364884
  1198 -1.080788364884
  1199 -1.080788364884
  1200 -1.080788364884
  1201 -1.080788364884
  1202 -1.080788364884
  1203 -1.080788364884
  1204 -1.080788364884
  1205 -1.080788364884
  1206 -1.080788364884
  1207 -1.080788364884
  1208 -1.080788364884
  1209 -1.080788364884
  1210 -1.080788364884
  1211 -1.080788364884
  1212 -1.080788364884
  1213 -1.080788364884
  1214 -1.080788364884
  1215 -1.080788364884
  1216 -1.080788364884
  1217 -1.080788364884
  1218 -1.080788364884
  1219 -1.080788364884
  1220 -1.080788364884
  1221 -1.080788364884
  1222 -1.080788364884
  1223 -1.080788364884
  1224 -1.080788364884
  1225 -1.080788364884
  1226 -1.080788364884
  1227 -1.080788364884
  1228 -1.080788364884
  1229 -1.080788364884
  1230 -1.080788364884
  1231 -1.080788364884
  1232 -1.080788364884
  1233 -1.080788364884
  1234 -1.080788364884
  1235 -1.080788364884
  1236 -1.080788364884
  1237 -1.080788364884
  1238 -1.080788364884
  1239 -1.080788364884
  1240 -1.080788364884
  1241 -1.080788364884
  1242 -1.080788364884
  1243 -1.080788364884
  1244 -1.080788364884
  1245 -1.080788364884
  1246 -1.080788364884
  1247 -1.080788364884
  1248 -1.080788364884
  1249 -1.080788364884
  1250 -1.080788364884
  1251 -1.080788364884
  1252 -1.080788364884
  1253 -1.080788364884
  1254 -1.080788364884
  1255 -1.080788364884
  1256 -1.080788364884
  1257 -1.080788364884
  1258 -1.080788364884
  1259 -1.080788364884
  1260 -1.080788364884
  1261 -1.080788364884
  1262 -1.080788364884
  1263 -1.080788364884
  1264 -1.080788364884
  1265 -1.080788364884
  1266 -1.080788364884
  1267 -1.080788364884
  1268 -1.080788364884
  1269 -1.080788364884
  1270 -1.080788364884
  1271 -1.080788364884
  1272 -1.080788364884
  1273 -1.080788364884
  1274 -1.080788364884
  1275 -1.080788364884
  1276 -1.080788364884
  1277 -1.080788364884
  1278 -1.080788364884
  1279 -1.080788364884
  1280 -1.080788364884
  1281 -1.080788364884
  1282 -1.080788364884
  1283 -1.080788364884
  1284 -1.080788364884
  1285 -1.080788364884
  1286 -1.080788364884
  1287 -1.080788364884
  1288 -1.080788364884
  1289 -1.080788364884
  1290 -1.080788364884
  1291 -1.080788364884
  1292 -1.080788364884
  1293 -1.080788364884
  1294 -1.080788364884
  1295 -1.080788364884
  1296 -1.080788364884
  1297 -1.080788364884
  1298 -1.080788364884
  1299 -1.080788364884
  1300 -1.080788364884
  1301 -1.080788364884
  1302 -1.080788364884
  1303 -1.080788364884
  1304 -1.080788364884
  1305 -1.080788364884
  1306 -1.080788364884
  1307 -1.080788364884
  1308 -1.080788364884
  1309 -1.080788364884
  1310 -1.080788364884
  1311 -1.080788364884
  1312 -1.080788364884
  1313 -1.080788364884
  1314 -1.080788364884
  1315 -1.080788364884
  1316 -1.080788364884
  1317 -1.080788364884
  1318 -1.080788364884
  1319 -1.080788364884
  1320 -1.080788364884
  1321 -1.080788364884
  1322 -1.080788364884
  1323 -1.080788364884
  1324 -1.080788364884
  1325 -1.080788364884
  1326 -1.080788364884
  1327 -1.080788364884
  1328 -1.080788364884
  1329 -1.080788364884
  1330 -1.080788364884
  1331 -1.080788364884
  1332 -1.080788364884
  1333 -1.080788364884
  1334 -1.080788364884
  1335 -1.080788364884
  1336 -1.080788364884
  1337 -1.080788364884
  1338 -1.080788364884
  1339 -1.080788364884
  1340 -1.080788364884
  1341 -1.080788364884
  1342 -1.080788364884
  1343 -1.080788364884
  1344 -1.080788364884
  1345 -1.080788364884
  1346 -1.080788364884
  1347 -1.080788364884
  1348 -1.080788364884
  1349 -1.080788364884
  1350 -1.080788364884
  1351 -1.080788364884
  1352 -1.080788364884
  1353 -1.080788364884
  1354 -1.080788364884
  1355 -1.080788364884
  1356 -1.080788364884
  1357 -1.080788364884
  1358 -1.080788364884
  1359 -1.080788364884
  1360 -1.080788364884
  1361 -1.080788364884
  1362 -1.080788364884
  1363 -1.080788364884
  1364 -1.080788364884
  1365 -1.080788364884
  1366 -1.080788364884
  1367 -1.080788364884
  1368 -1.080788364884
  1369 -1.080788364884
  1370 -1.080788364884
  1371 -1.080788364884
  1372 -1.080788364884
  1373 -1.080788364884
  1374 -1.080788364884
  1375 -1.080788364884
  1376 -1.080788364884
  1377 -1.080788364884
  1378 -1.080788364884
  1379 -1.080788364884
  1380 -1.080788364884
  1381 -1.080788364884
  1382 -1.080788364884
  1383 -1.080788364884
  1384 -1.080788364884
  1385 -1.080788364884
  1386 -1.080788364884
  1387 -1.080788364884
  1388 -1.080788364884
  1389 -1.080788364884
  1390 -1.080788364884
  1391 -1.080788364884
  1392 -1.080788364884
  1393 -1.080788364884
  1394 -1.080788364884
  1395 -1.080788364884
  1396 -1.080788364884
  1397 -1.080788364884
  1398 -1.080788364884
  1399 -1.080788364884
  1400 -1.080788364884
  1401 -1.080788364884
  1402 -1.080788364884
  1403 -1.080788364884
  1404 -1.080788364884
  1405 -1.080788364884
  1406 -1.080788364884
  1407 -1.080788364884
  1408 -1.080788364884
  1409 -1.080788364884
  1410 -1.080788364884
  1411 -1.080788364884
  1412 -1.080788364884
  1413 -1.080788364884
  1414 -1.080788364884
  1415 -1.080788364884
  1416 -1.080788364884
  1417 -1.080788364884
  1418 -1.080788364884
  1419 -1.080788364884
  1420 -1.080788364884
  1421 -1.080788364884
  1422 -1.080788364884
  1423 -1.080788364884
  1424 -1.080788364884
  1425 -1.080788364884
  1426 -1.080788364884
  1427 -1.080788364884
  1428 -1.080788364884
  1429 -1.080788364884
  1430 -1.080788364884
  1431 -1.080788364884
  1432 -1.080788364884
  1433 -1.080788364884
  1434 -1.080788364884
  1435 -1.080788364884
  1436 -1.080788364884
  1437 -1.080788364884
  1438 -1.080788364884
  1439 -1.080788364884
  1440 -1.080788364884
  1441 -1.080788364884
  1442 -1.080788364884
  1443 -1.080788364884
  1444 -1.080788364884
  1445 -1.080788364884
  1446 -1.080788364884
  1447 -1.080788364884
  1448 -1.080788364884
  1449 -1.080788364884
  1450 -1.080788364884
  1451 -1.080788364884
  1452 -1.080788364884
  1453 -1.080788364884
  1454 -1.080788364884
  1455 -1.080788364884
  1456 -1.080788364884
  1457 -1.080788364884
  1458 -1.080788364884
  1459 -1.080788364884
  1460 -1.080788364884
  1461 -1.080788364884
  1462 -1.080788364884
  1463 -1.080788364884
  1464 -1.080788364884
  1465 -1.080788364884
  1466 -1.080788364884
  1467 -1.080788364884
  1468 -1.080788364884
  1469 -1.080788364884
  1470 -1.080788364884
  1471 -1.080788364884
  1472 -1.080788364884
  1473 -1.080788364884
  1474 -1.080788364884
  1475 -1.080788364884
  1476 -1.080788364884
  1477 -1.080788364884
  1478 -1.080788364884
  1479 -1.080788364884
  1480 -1.080788364884
  1481 -1.080788364884
  1482 -1.080788364884
  1483 -1.080788364884
  1484 -1.080788364884
  1485 -1.080788364884
  1486 -1.080788364884
  1487 -1.080788364884
  1488 -1.080788364884
  1489 -1.080788364884
  1490 -1.080788364884
  1491 -1.080788364884
  1492 -1.080788364884
  1493 -1.080788364884
  1494 -1.080788364884
  1495 -1.080788364884
  1496 -1.080788364884
  1497 -1.080788364884
  1498 -1.080788364884
  1499 -1.080788364884
  1500 -1.080788364884
  1501 -1.080788364884
  1502 -1.080788364884
  1503 -1.080788364884
  1504 -1.080788364884
  1505 -1.080788364884
  1506 -1.080788364884
  1507 -1.080788364884
  1508 -1.080788364884
  1509 -1.080788364884
  1510 -1.080788364884
  1511 -1.080788364884
  1512 -1.080788364884
  1513 -1.080788364884
  1514 -1.080788364884
  1515 -1.080788364884
  1516 -1.080788364884
  1517 -1.080788364884
  1518 -1.080788364884
  1519 -1.080788364884
  1520 -1.080788364884
  1521 -1.080788364884
  1522 -1.080788364884
  1523 -1.080788364884
  1524 -1.080788364884
  1525 -1.080788364884
  1526 -1.080788364884
  1527 -1.080788364884
  1528 -1.080788364884
  1529 -1.080788364884
  1530 -1.080788364884
  1531 -1.080788364884
  1532 -1.080788364884
  1533 -1.080788364884
  1534 -1.080788364884
  1535 -1.080788364884
  1536 -1.080788364884
  1537 -1.080788364884
  1538 -1.080788364884
  1539 -1.080788364884
  1540 -1.080788364884
  1541 -1.080788364884
  1542 -1.080788364884
  1543 -1.080788364884
  1544 -1.080788364884
  1545 -1.080788364884
  1546 -1.080788364884
  1547 -1.080788364884
  1548 -1.080788364884
  1549 -1.080788364884
  1550 -1.080788364884
  1551 -1.080788364884
  1552 -1.080788364884
  1553 -1.080788364884
  1554 -1.080788364884
  1555 -1.080788364884
  1556 -1.080788364884
  1557 -1.080788364884
  1558 -1.080788364884
  1559 -1.080788364884
  1560 -1.080788364884
  1561 -1.080788364884
  1562 -1.080788364884
  1563 -1.080788364884
  1564 -1.080788364884
  1565 -1.080788364884
  1566 -1.080788364884
  1567 -1.080788364884
  1568 -1.080788364884
  1569 -1.080788364884
  1570 -1.080788364884
  1571 -1.080788364884
  1572 -1.080788364884
  1573 -1.080788364884
  1574 -1.080788364884
  1575 -1.080788364884
  1576 -1.080788364884
  1577 -1.080788364884
  1578 -1.080788364884
  1579 -1.080788364884
  1580 -1.080788364884
  1581 -1.080788364884
  1582 -1.080788364884
  1583 -1.080788364884
  1584 -1.080788364884
  1585 -1.080788364884
  1586 -1.080788364884
  1587 -1.080788364884
  1588 -1.080788364884
  1589 -1.080788364884
  1590 -1.080788364884
  1591 -1.080788364884
  1592 -1.080788364884
  1593 -1.080788364884
  1594 -1.080788364884
  1595 -1.080788364884
  1596 -1.080788364884
  1597 -1.080788364884
  1598 -1.080788364884
  1599 -1.080788364884
  1600 -1.080788364884
  1601 -1.080788364884
  1602 -1.080788364884
  1603 -1.080788364884
  1604 -1.080788364884
  1605 -1.080788364884
  1606 -1.080788364884
  1607 -1.080788364884
  1608 -1.080788364884
  1609 -1.080788364884
  1610 -1.080788364884
  1611 -1.080788364884
  1612 -1.080788364884
  1613 -1.080788364884
  1614 -1.080788364884
  1615 -1.080788364884
  1616 -1.080788364884
  1617 -1.080788364884
  1618 -1.080788364884
  1619 -1.080788364884
  1620 -1.080788364884
  1621 -1.080788364884
  1622 -1.080788364884
  1623 -1.080788364884
  1624 -1.080788364884
  1625 -1.080788364884
  1626 -1.080788364884
  1627 -1.080788364884
  1628 -1.080788364884
  1629 -1.080788364884
  1630 -1.080788364884
  1631 -1.080788364884
  1632 -1.080788364884
  1633 -1.080788364884
  1634 -1.080788364884
  1635 -1.080788364884
  1636 -1.080788364884
  1637 -1.080788364884
  1638 -1.080788364884
  1639 -1.080788364884
  1640 -1.080788364884
  1641 -1.080788364884
  1642 -1.080788364884
  1643 -1.080788364884
  1644 -1.080788364884
  1645 -1.080788364884
  1646 -1.080788364884
  1647 -1.080788364884
  1648 -1.080788364884
  1649 -1.080788364884
  1650 -1.080788364884
  1651 -1.080788364884
  1652 -1.080788364884
  1653 -1.080788364884
  1654 -1.080788364884
  1655 -1.080788364884
  1656 -1.080788364884
  1657 -1.080788364884
  1658 -1.080788364884
  1659 -1.080788364884
  1660 -1.080788364884
  1661 -1.080788364884
  1662 -1.080788364884
  1663 -1.080788364884
  1664 -1.080788364884
  1665 -1.080788364884
  1666 -1.080788364884
  1667 -1.080788364884
  1668 -1.080788364884
  1669 -1.080788364884
  1670 -1.080788364884
  1671 -1.080788364884
  1672 -1.080788364884
  1673 -1.080788364884
  1674 -1.080788364884
  1675 -1.080788364884
  1676 -1.080788364884
  1677 -1.080788364884
  1678 -1.080788364884
  1679 -1.080788364884
  1680 -1.080788364884
  1681 -1.080788364884
  1682 -1.080788364884
  1683 -1.080788364884
  1684 -1.080788364884
  1685 -1.080788364884
  1686 -1.080788364884
  1687 -1.080788364884
  1688 -1.080788364884
  1689 -1.080788364884
  1690 -1.080788364884
  1691 -1.080788364884
  1692 -1.080788364884
  1693 -1.080788364884
  1694 -1.080788364884
  1695 -1.080788364884
  1696 -1.080788364884
  1697 -1.080788364884
  1698 -1.080788364884
  1699 -1.080788364884
  1700 -1.080788364884
  1701 -1.080788364884
  1702 -1.080788364884
  1703 -1.080788364884
  1704 -1.080788364884
  1705 -1.080788364884
  1706 -1.080788364884
  1707 -1.080788364884
  1708 -1.080788364884
  1709 -1.080788364884
  1710 -1.080788364884
  1711 -1.080788364884
  1712 -1.080788364884
  1713 -1.080788364884
  1714 -1.080788364884
  1715 -1.080788364884
  1716 -1.080788364884
  1717 -1.080788364884
  1718 -1.080788364884
  1719 -1.080788364884
  1720 -1.080788364884
  1721 -1.080788364884
  1722 -1.080788364884
  1723 -1.080788364884
  1724 -1.080788364884
  1725 -1.080788364884
  1726 -1.080788364884
  1727 -1.080788364884
  1728 -1.080788364884
  1729 -1.080788364884
  1730 -1.080788364884
  1731 -1.080788364884
  1732 -1.080788364884
  1733 -1.080788364884
  1734 -1.080788364884
  1735 -1.080788364884
  1736 -1.080788364884
  1737 -1.080788364884
  1738 -1.080788364884
  1739 -1.080788364884
  1740 -1.080788364884
  1741 -1.080788364884
  1742 -1.080788364884
  1743 -1.080788364884
  1744 -1.080788364884
  1745 -1.080788364884
  1746 -1.080788364884
  1747 -1.080788364884
  1748 -1.080788364884
  1749 -1.080788364884
  1750 -1.080788364884
  1751 -1.080788364884
  1752 -1.080788364884
  1753 -1.080788364884
  1754 -1.080788364884
  1755 -1.080788364884
  1756 -1.080788364884
  1757 -1.080788364884
  1758 -1.080788364884
  1759 -1.080788364884
  1760 -1.080788364884
  1761 -1.080788364884
  1762 -1.080788364884
  1763 -1.080788364884
  1764 -1.080788364884
  1765 -1.080788364884
  1766 -1.080788364884
  1767 -1.080788364884
  1768 -1.080788364884
  1769 -1.080788364884
  1770 -1.080788364884
  1771 -1.080788364884
  1772 -1.080788364884
  1773 -1.080788364884
  1774 -1.080788364884
  1775 -1.080788364884
  1776 -1.080788364884
  1777 -1.080788364884
  1778 -1.080788364884
  1779 -1.080788364884
  1780 -1.080788364884
  1781 -1.080788364884
  1782 -1.080788364884
  1783 -1.080788364884
  1784 -1.080788364884
  1785 -1.080788364884
  1786 -1.080788364884
  1787 -1.080788364884
  1788 -1.080788364884
  1789 -1.080788364884
  1790 -1.080788364884
  1791 -1.080788364884
  1792 -1.080788364884
  1793 -1.080788364884
  1794 -1.080788364884
  1795 -1.080788364884
  1796 -1.080788364884
  1797 -1.080788364884
  1798 -1.080788364884
  1799 -1.080788364884
  1800 -1.080788364884
  1801 -1.080788364884
  1802 -1.080788364884
  1803 -1.080788364884
  1804 -1.080788364884
  1805 -1.080788364884
  1806 -1.080788364884
  1807 -1.080788364884
  1808 -1.080788364884
  1809 -1.080788364884
  1810 -1.080788364884
  1811 -1.080788364884
  1812 -1.080788364884
  1813 -1.080788364884
  1814 -1.080788364884
  1815 -1.080788364884
  1816 -1.080788364884
  1817 -1.080788364884
  1818 -1.080788364884
  1819 -1.080788364884
  1820 -1.080788364884
  1821 -1.080788364884
  1822 -1.080788364884
  1823 -1.080788364884
  1824 -1.080788364884
  1825 -1.080788364884
  1826 -1.080788364884
  1827 -1.080788364884
  1828 -1.080788364884
  1829 -1.080788364884
  1830 -1.080788364884
  1831 -1.080788364884
  1832 -1.080788364884
  1833 -1.080788364884
  1834 -1.080788364884
  1835 -1.080788364884
  1836 -1.080788364884
  1837 -1.080788364884
  1838 -1.080788364884
  1839 -1.080788364884
  1840 -1.080788364884
  1841 -1.080788364884
  1842 -1.080788364884
  1843 -1.080788364884
  1844 -1.080788364884
  1845 -1.080788364884
  1846 -1.080788364884
  1847 -1.080788364884
  1848 -1.080788364884
  1849 -1.080788364884
  1850 -1.080788364884
  1851 -1.080788364884
  1852 -1.080788364884
  1853 -1.080788364884
  1854 -1.080788364884
  1855 -1.080788364884
  1856 -1.080788364884
  1857 -1.080788364884
  1858 -1.080788364884
  1859 -1.080788364884
  1860 -1.080788364884
  1861 -1.080788364884
  1862 -1.080788364884
  1863 -1.080788364884
  1864 -1.080788364884
  1865 -1.080788364884
  1866 -1.080788364884
  1867 -1.080788364884
  1868 -1.080788364884
  1869 -1.080788364884
  1870 -1.080788364884
  1871 -1.080788364884
  1872 -1.080788364884
  1873 -1.080788364884
  1874 -1.080788364884
  1875 -1.080788364884
  1876 -1.080788364884
  1877 -1.080788364884
  1878 -1.080788364884
  1879 -1.080788364884
  1880 -1.080788364884
  1881 -1.080788364884
  1882 -1.080788364884
  1883 -1.080788364884
  1884 -1.080788364884
  1885 -1.080788364884
  1886 -1.080788364884
  1887 -1.080788364884
  1888 -1.080788364884
  1889 -1.080788364884
  1890 -1.080788364884
  1891 -1.080788364884
  1892 -1.080788364884
  1893 -1.080788364884
  1894 -1.080788364884
  1895 -1.080788364884
  1896 -1.080788364884
  1897 -1.080788364884
  1898 -1.080788364884
  1899 -1.080788364884
  1900 -1.080788364884
  1901 -1.080788364884
  1902 -1.080788364884
  1903 -1.080788364884
  1904 -1.080788364884
  1905 -1.080788364884
  1906 -1.080788364884
  1907 -1.080788364884
  1908 -1.080788364884
  1909 -1.080788364884
  1910 -1.080788364884
  1911 -1.080788364884
  1912 -1.080788364884
  1913 -1.080788364884
  1914 -1.080788364884
  1915 -1.080788364884
  1916 -1.080788364884
  1917 -1.080788364884
  1918 -1.080788364884
  1919 -1.080788364884
  1920 -1.080788364884
  1921 -1.080788364884
  1922 -1.080788364884
  1923 -1.080788364884
  1924 -1.080788364884
  1925 -1.080788364884
  1926 -1.080788364884
  1927 -1.080788364884
  1928 -1.080788364884
  1929 -1.080788364884
  1930 -1.080788364884
  1931 -1.080788364884
  1932 -1.080788364884
  1933 -1.080788364884
  1934 -1.080788364884
  1935 -1.080788364884
  1936 -1.080788364884
  1937 -1.080788364884
  1938 -1.080788364884
  1939 -1.080788364884
  1940 -1.080788364884
  1941 -1.080788364884
  1942 -1.080788364884
  1943 -1.080788364884
  1944 -1.080788364884
  1945 -1.080788364884
  1946 -1.080788364884
  1947 -1.080788364884
  1948 -1.080788364884
  1949 -1.080788364884
  1950 -1.080788364884
  1951 -1.080788364884
  1952 -1.080788364884
  1953 -1.080788364884
  1954 -1.080788364884
  1955 -1.080788364884
  1956 -1.080788364884
  1957 -1.080788364884
  1958 -1.080788364884
  1959 -1.080788364884
  1960 -1.080788364884
  1961 -1.080788364884
  1962 -1.080788364884
  1963 -1.080788364884
  1964 -1.080788364884
  1965 -1.080788364884
  1966 -1.080788364884
  1967 -1.080788364884
  1968 -1.080788364884
  1969 -1.080788364884
  1970 -1.080788364884
  1971 -1.080788364884
  1972 -1.080788364884
  1973 -1.080788364884
  1974 -1.080788364884
  1975 -1.080788364884
  1976 -1.080788364884
  1977 -1.080788364884
  1978 -1.080788364884
  1979 -1.080788364884
  1980 -1.080788364884
  1981 -1.080788364884
  1982 -1.080788364884
  1983 -1.080788364884
  1984 -1.080788364884
  1985 -1.080788364884
  1986 -1.080788364884
  1987 -1.080788364884
  1988 -1.080788364884
  1989 -1.080788364884
  1990 -1.080788364884
  1991 -1.080788364884
  1992 -1.080788364884
  1993 -1.080788364884
  1994 -1.080788364884
  1995 -1.080788364884
  1996 -1.080788364884
  1997 -1.080788364884
  1998 -1.080788364884
  1999 -1.080788364884
  2000 -1.080788364884
