     1 -1.037187143914
     2 -1.148358812041
     3 -1.145676156452
     4 -1.141407639910
     5 -1.144479855472
     6 -1.146263435974
     7 -1.147195998752
     8 -1.147695986879
     9 -1.147972110494
    10 -1.148128205815
    11 -1.148217925793
    12 -1.148270048742
    13 -1.148300477047
    14 -1.148318223078
    15 -1.148328462219
    16 -1.148334301317
    17 -1.148337505739
    18 -1.148339181496
    19 -1.148339964480
    20 -1.148340250288
    21 -1.148340240349
    22 -1.148340108608
    23 -1.148339904188
    24 -1.148339692167
    25 -1.148339489346
    26 -1.148339300382
    27 -1.148339127814
    28 -1.148339001161
    29 -1.148338870969
    30 -1.148338767053
    31 -1.148338690254
    32 -1.148338613933
    33 -1.148338574279
    34 -1.148338515332
    35 -1.148338490251
    36 -1.148338461184
    37 -1.148338433469
    38 -1.148338411341
    39 -1.148338398174
    40 -1.148338396662
    41 -1.148338386599
    42 -1.148338369683
    43 -1.148338369626
    44 -1.148338365166
    45 -1.148338357179
    46 -1.148338346355
    47 -1.148338355617
    48 -1.148338340695
    49 -1.148338346672
    50 -1.148338340291
    51 -1.230876000962
    52 -1.143493867453
    53 -1.140100714214
    54 -1.143978401574
    55 -1.146134583235
    56 -1.147173423277
    57 -1.147696452615
    58 -1.147969046490
    59 -1.148117794697
    60 -1.148202322625
    61 -1.148252135324
    62 -1.148282401655
    63 -1.148301272675
    64 -1.148313290363
    65 -1.148321096337
    66 -1.148326279212
    67 -1.148329754246
    68 -1.148332132412
    69 -1.148333802747
    70 -1.148334961002
    71 -1.148335801874
    72 -1.148336426891
    73 -1.148336858802
    74 -1.148337207795
    75 -1.148337448212
    76 -1.148337647087
    77 -1.148337806459
    78 -1.148337908942
    79 -1.148338007403
    80 -1.148338067308
    81 -1.148338123667
    82 -1.148338168420
    83 -1.148338195053
    84 -1.148338220705
    85 -1.148338241132
    86 -1.148338275317
    87 -1.148338275759
    88 -1.148338285025
    89 -1.148338301350
    90 -1.148338300954
    91 -1.148338305085
    92 -1.148338312838
    93 -1.148338323496
    94 -1.148338314111
    95 -1.148338328957
    96 -1.148338322926
    97 -1.148338318088
    98 -1.148338336572
    99 -1.148338333465
   100 -1.148338330976
   101 -1.227755155393
   102 -1.137919884804
   103 -1.139684394717
   104 -1.144238149619
   105 -1.146296697298
   106 -1.147285191585
   107 -1.147766924392
   108 -1.148014851659
   109 -1.148148129360
   110 -1.148222845946
   111 -1.148266210850
   112 -1.148292147644
   113 -1.148308075458
   114 -1.148318076408
   115 -1.148324504861
   116 -1.148328698851
   117 -1.148331495460
   118 -1.148333406250
   119 -1.148334722660
   120 -1.148335649971
   121 -1.148336319850
   122 -1.148336810597
   123 -1.148337158362
   124 -1.148337430910
   125 -1.148337617534
   126 -1.148337788528
   127 -1.148337904101
   128 -1.148337994629
   129 -1.148338070362
   130 -1.148338121253
   131 -1.148338161515
   132 -1.148338206876
   133 -1.148338229532
   134 -1.148338247524
   135 -1.148338257337
   136 -1.148338278536
   137 -1.148338286481
   138 -1.148338301740
   139 -1.148338300481
   140 -1.148338303909
   141 -1.148338311091
   142 -1.148338321285
   143 -1.148338322711
   144 -1.148338314885
   145 -1.148338330973
   146 -1.148338325937
   147 -1.148338321896
   148 -1.148338341020
   149 -1.148338338426
   150 -1.148338336349
   151 -1.222173939146
   152 -1.148708829946
   153 -1.140916763380
   154 -1.144458213892
   155 -1.146320628283
   156 -1.147261410682
   157 -1.147740763554
   158 -1.147994953379
   159 -1.148134622996
   160 -1.148214009088
   161 -1.148260441801
   162 -1.148288349936
   163 -1.148305506256
   164 -1.148316304376
   165 -1.148323254441
   166 -1.148327793647
   167 -1.148330848728
   168 -1.148332910465
   169 -1.148334355325
   170 -1.148335379070
   171 -1.148336108662
   172 -1.148336625232
   173 -1.148337022193
   174 -1.148337321329
   175 -1.148337544753
   176 -1.148337716445
   177 -1.148337840399
   178 -1.148337945785
   179 -1.148338030563
   180 -1.148338083777
   181 -1.148338152500
   182 -1.148338184549
   183 -1.148338218797
   184 -1.148338228017
   185 -1.148338253108
   186 -1.148338268552
   187 -1.148338294223
   188 -1.148338294531
   189 -1.148338312607
   190 -1.148338313583
   191 -1.148338318789
   192 -1.148338327384
   193 -1.148338316327
   194 -1.148338329817
   195 -1.148338322687
   196 -1.148338316958
   197 -1.148338334721
   198 -1.148338331028
   199 -1.148338328065
   200 -1.148338325681
   201 -1.203422540301
   202 -1.130476129906
   203 -1.139040656947
   204 -1.143859293789
   205 -1.146103887009
   206 -1.147179507796
   207 -1.147719295852
   208 -1.147998877827
   209 -1.148147839118
   210 -1.148229205782
   211 -1.148274617001
   212 -1.148300466966
   213 -1.148315435997
   214 -1.148324263084
   215 -1.148329544510
   216 -1.148332757881
   217 -1.148334734244
   218 -1.148335971934
   219 -1.148336761091
   220 -1.148337263549
   221 -1.148337590072
   222 -1.148337824690
   223 -1.148337971090
   224 -1.148338071057
   225 -1.148338141533
   226 -1.148338198833
   227 -1.148338237240
   228 -1.148338251693
   229 -1.148338282621
   230 -1.148338293013
   231 -1.148338302403
   232 -1.148338319731
   233 -1.148338320875
   234 -1.148338326806
   235 -1.148338314077
   236 -1.148338326573
   237 -1.148338318922
   238 -1.148338335356
   239 -1.148338330759
   240 -1.148338327192
   241 -1.148338324415
   242 -1.148338322249
   243 -1.148338342929
   244 -1.148338341626
   245 -1.148338340619
   246 -1.148338339834
   247 -1.148338339218
   248 -1.148338338735
   249 -1.148338338355
   250 -1.148338338056
   251 -1.248468510136
   252 -1.138360709137
   253 -1.140657951520
   254 -1.144248609470
   255 -1.146045994543
   256 -1.146997683272
   257 -1.147523048923
   258 -1.147828717603
   259 -1.148013339737
   260 -1.148127971400
   261 -1.148200481135
   262 -1.148246979454
   263 -1.148277111585
   264 -1.148296831098
   265 -1.148309832975
   266 -1.148318521709
   267 -1.148324362372
   268 -1.148328340477
   269 -1.148331100536
   270 -1.148333015929
   271 -1.148334388222
   272 -1.148335372837
   273 -1.148336097337
   274 -1.148336607366
   275 -1.148337011760
   276 -1.148337305201
   277 -1.148337529660
   278 -1.148337707264
   279 -1.148337840761
   280 -1.148337935978
   281 -1.148338023960
   282 -1.148338093250
   283 -1.148338134506
   284 -1.148338184950
   285 -1.148338215996
   286 -1.148338245067
   287 -1.148338245747
   288 -1.148338270768
   289 -1.148338272759
   290 -1.148338283211
   291 -1.148338300447
   292 -1.148338300754
   293 -1.148338305424
   294 -1.148338313592
   295 -1.148338324570
   296 -1.148338315431
   297 -1.148338330465
   298 -1.148338324578
   299 -1.148338319851
   300 -1.148338338420
   301 -1.240041748989
   302 -1.134229597072
   303 -1.140411990887
   304 -1.144686798083
   305 -1.146582749455
   306 -1.147463006085
   307 -1.147882848557
   308 -1.148091755416
   309 -1.148199682461
   310 -1.148257508357
   311 -1.148289589512
   312 -1.148307982882
   313 -1.148318846266
   314 -1.148325449700
   315 -1.148329603577
   316 -1.148332262384
   317 -1.148334037314
   318 -1.148335213823
   319 -1.148336050945
   320 -1.148336624305
   321 -1.148337056355
   322 -1.148337348010
   323 -1.148337588711
   324 -1.148337756378
   325 -1.148337876568
   326 -1.148337977633
   327 -1.148338068220
   328 -1.148338114621
   329 -1.148338152531
   330 -1.148338196972
   331 -1.148338219641
   332 -1.148338249418
   333 -1.148338260157
   334 -1.148338282446
   335 -1.148338291530
   336 -1.148338307905
   337 -1.148338307695
   338 -1.148338312085
   339 -1.148338320128
   340 -1.148338331084
   341 -1.148338321987
   342 -1.148338325914
   343 -1.148338320117
   344 -1.148338337856
   345 -1.148338334167
   346 -1.148338331223
   347 -1.148338328867
   348 -1.148338326979
   349 -1.148338325465
   350 -1.148338324250
   351 -1.148338323276
   352 -1.148338333680
   353 -1.148338333063
   354 -1.148338332573
   355 -1.148338332181
   356 -1.148338331866
   357 -1.148338331614
   358 -1.148338331411
   359 -1.148338331248
   360 -1.148338331116
   361 -1.148338331011
   362 -1.148338330926
   363 -1.148338330858
   364 -1.148338330803
   365 -1.148338330758
   366 -1.148338330723
   367 -1.148338330694
   368 -1.148338330671
   369 -1.148338330653
   370 -1.148338330638
   371 -1.148338330626
   372 -1.148338330616
   373 -1.148338330609
   374 -1.148338330602
   375 -1.148338330597
   376 -1.148338330593
   377 -1.148338330590
   378 -1.148338330587
   379 -1.148338330585
   380 -1.148338330584
   381 -1.148338330582
   382 -1.148338330581
   383 -1.148338330580
   384 -1.148338330579
   385 -1.148338330579
   386 -1.148338330578
   387 -1.148338330578
   388 -1.148338330578
   389 -1.148338330577
   390 -1.148338330577
   391 -1.148338330577
   392 -1.148338330577
   393 -1.148338330577
   394 -1.148338330577
   395 -1.148338330577
   396 -1.148338330577
   397 -1.148338330577
   398 -1.148338330577
   399 -1.148338330577
   400 -1.148338330577
   401 -1.148338330577
   402 -1.148338330577
   403 -1.148338330577
   404 -1.148338330577
   405 -1.148338330577
   406 -1.148338330577
   407 -1.148338330577
   408 -1.148338330576
   409 -1.148338330576
   410 -1.148338330576
   411 -1.148338330576
   412 -1.148338330576
   413 -1.148338330576
   414 -1.148338330576
   415 -1.148338330576
   416 -1.148338330576
   417 -1.148338330576
   418 -1.148338330576
   419 -1.148338330576
   420 -1.148338330576
   421 -1.148338330576
   422 -1.148338330576
   423 -1.148338330576
   424 -1.148338330576
   425 -1.148338330576
   426 -1.148338330576
   427 -1.148338330576
   428 -1.148338330576
   429 -1.148338330576
   430 -1.148338330576
   431 -1.148338330576
   432 -1.148338330576
   433 -1.148338330576
   434 -1.148338330576
   435 -1.148338330576
   436 -1.148338330576
   437 -1.148338330576
   438 -1.148338330576
   439 -1.148338330576
   440 -1.148338330576
   441 -1.148338330576
   442 -1.148338330576
   443 -1.148338330576
   444 -1.148338330576
   445 -1.148338330576
   446 -1.148338330576
   447 -1.148338330576
   448 -1.148338330576
   449 -1.148338330576
   450 -1.148338330576
   451 -1.148338330576
   452 -1.148338330576
   453 -1.148338330576
   454 -1.148338330576
   455 -1.148338330576
   456 -1.148338330576
   457 -1.148338330576
   458 -1.148338330576
   459 -1.148338330576
   460 -1.148338330576
   461 -1.148338330576
   462 -1.148338330576
   463 -1.148338330576
   464 -1.148338330576
   465 -1.148338330576
   466 -1.148338330576
   467 -1.148338330576
   468 -1.148338330576
   469 -1.148338330576
   470 -1.148338330576
   471 -1.148338330576
   472 -1.148338330576
   473 -1.148338330576
   474 -1.148338330576
   475 -1.148338330576
   476 -1.148338330576
   477 -1.148338330576
   478 -1.148338330576
   479 -1.148338330576
   480 -1.148338330576
   481 -1.148338330576
   482 -1.148338330576
   483 -1.148338330576
   484 -1.148338330576
   485 -1.148338330576
   486 -1.148338330576
   487 -1.148338330576
   488 -1.148338330576
   489 -1.148338330576
   490 -1.148338330576
   491 -1.148338330576
   492 -1.148338330576
   493 -1.148338330576
   494 -1.148338330576
   495 -1.148338330576
   496 -1.148338330576
   497 -1.148338330576
   498 -1.148338330576
   499 -1.148338330576
   500 -1.148338330576
   501 -1.148338330576
   502 -1.148338330576
   503 -1.148338330576
   504 -1.148338330576
   505 -1.148338330576
   506 -1.148338330576
   507 -1.148338330576
   508 -1.148338330576
   509 -1.148338330576
   510 -1.148338330576
   511 -1.148338330576
   512 -1.148338330576
   513 -1.148338330576
   514 -1.148338330576
   515 -1.148338330576
   516 -1.148338330576
   517 -1.148338330576
   518 -1.148338330576
   519 -1.148338330576
   520 -1.148338330576
   521 -1.148338330576
   522 -1.148338330576
   523 -1.148338330576
   524 -1.148338330576
   525 -1.148338330576
   526 -1.148338330576
   527 -1.148338330576
   528 -1.148338330576
   529 -1.148338330576
   530 -1.148338330576
   531 -1.148338330576
   532 -1.148338330576
   533 -1.148338330576
   534 -1.148338330576
   535 -1.148338330576
   536 -1.148338330576
   537 -1.148338330576
   538 -1.148338330576
   539 -1.148338330576
   540 -1.148338330576
   541 -1.148338330576
   542 -1.148338330576
   543 -1.148338330576
   544 -1.148338330576
   545 -1.148338330576
   546 -1.148338330576
   547 -1.148338330576
   548 -1.148338330576
   549 -1.148338330576
   550 -1.148338330576
   551 -1.148338330576
   552 -1.148338330576
   553 -1.148338330576
   554 -1.148338330576
   555 -1.148338330576
   556 -1.148338330576
   557 -1.148338330576
   558 -1.148338330576
   559 -1.148338330576
   560 -1.148338330576
   561 -1.148338330576
   562 -1.148338330576
   563 -1.148338330576
   564 -1.148338330576
   565 -1.148338330576
   566 -1.148338330576
   567 -1.148338330576
   568 -1.148338330576
   569 -1.148338330576
   570 -1.148338330576
   571 -1.148338330576
   572 -1.148338330576
   573 -1.148338330576
   574 -1.148338330576
   575 -1.148338330576
   576 -1.148338330576
   577 -1.148338330576
   578 -1.148338330576
   579 -1.148338330576
   580 -1.148338330576
   581 -1.148338330576
   582 -1.148338330576
   583 -1.148338330576
   584 -1.148338330576
   585 -1.148338330576
   586 -1.148338330576
   587 -1.148338330576
   588 -1.148338330576
   589 -1.148338330576
   590 -1.148338330576
   591 -1.148338330576
   592 -1.148338330576
   593 -1.148338330576
   594 -1.148338330576
   595 -1.148338330576
   596 -1.148338330576
   597 -1.148338330576
   598 -1.148338330576
   599 -1.148338330576
   600 -1.148338330576
   601 -1.148338330576
   602 -1.148338330576
   603 -1.148338330576
   604 -1.148338330576
   605 -1.148338330576
   606 -1.148338330576
   607 -1.148338330576
   608 -1.148338330576
   609 -1.148338330576
   610 -1.148338330576
   611 -1.148338330576
   612 -1.148338330576
   613 -1.148338330576
   614 -1.148338330576
   615 -1.148338330576
   616 -1.148338330576
   617 -1.148338330576
   618 -1.148338330576
   619 -1.148338330576
   620 -1.148338330576
   621 -1.148338330576
   622 -1.148338330576
   623 -1.148338330576
   624 -1.148338330576
   625 -1.148338330576
   626 -1.148338330576
   627 -1.148338330576
   628 -1.148338330576
   629 -1.148338330576
   630 -1.148338330576
   631 -1.148338330576
   632 -1.148338330576
   633 -1.148338330576
   634 -1.148338330576
   635 -1.148338330576
   636 -1.148338330576
   637 -1.148338330576
   638 -1.148338330576
   639 -1.148338330576
   640 -1.148338330576
   641 -1.148338330576
   642 -1.148338330576
   643 -1.148338330576
   644 -1.148338330576
   645 -1.148338330576
   646 -1.148338330576
   647 -1.148338330576
   648 -1.148338330576
   649 -1.148338330576
   650 -1.148338330576
   651 -1.148338330576
   652 -1.148338330576
   653 -1.148338330576
   654 -1.148338330576
   655 -1.148338330576
   656 -1.148338330576
   657 -1.148338330576
   658 -1.148338330576
   659 -1.148338330576
   660 -1.148338330576
   661 -1.148338330576
   662 -1.148338330576
   663 -1.148338330576
   664 -1.148338330576
   665 -1.148338330576
   666 -1.148338330576
   667 -1.148338330576
   668 -1.148338330576
   669 -1.148338330576
   670 -1.148338330576
   671 -1.148338330576
   672 -1.148338330576
   673 -1.148338330576
   674 -1.148338330576
   675 -1.148338330576
   676 -1.148338330576
   677 -1.148338330576
   678 -1.148338330576
   679 -1.148338330576
   680 -1.148338330576
   681 -1.148338330576
   682 -1.148338330576
   683 -1.148338330576
   684 -1.148338330576
   685 -1.148338330576
   686 -1.148338330576
   687 -1.148338330576
   688 -1.148338330576
   689 -1.148338330576
   690 -1.148338330576
   691 -1.148338330576
   692 -1.148338330576
   693 -1.148338330576
   694 -1.148338330576
   695 -1.148338330576
   696 -1.148338330576
   697 -1.148338330576
   698 -1.148338330576
   699 -1.148338330576
   700 -1.148338330576
   701 -1.148338330576
   702 -1.148338330576
   703 -1.148338330576
   704 -1.148338330576
   705 -1.148338330576
   706 -1.148338330576
   707 -1.148338330576
   708 -1.148338330576
   709 -1.148338330576
   710 -1.148338330576
   711 -1.148338330576
   712 -1.148338330576
   713 -1.148338330576
   714 -1.148338330576
   715 -1.148338330576
   716 -1.148338330576
   717 -1.148338330576
   718 -1.148338330576
   719 -1.148338330576
   720 -1.148338330576
   721 -1.148338330576
   722 -1.148338330576
   723 -1.148338330576
   724 -1.148338330576
   725 -1.148338330576
   726 -1.148338330576
   727 -1.148338330576
   728 -1.148338330576
   729 -1.148338330576
   730 -1.148338330576
   731 -1.148338330576
   732 -1.148338330576
   733 -1.148338330576
   734 -1.148338330576
   735 -1.148338330576
   736 -1.148338330576
   737 -1.148338330576
   738 -1.148338330576
   739 -1.148338330576
   740 -1.148338330576
   741 -1.148338330576
   742 -1.148338330576
   743 -1.148338330576
   744 -1.148338330576
   745 -1.148338330576
   746 -1.148338330576
   747 -1.148338330576
   748 -1.148338330576
   749 -1.148338330576
   750 -1.148338330576
   751 -1.148338330576
   752 -1.148338330576
   753 -1.148338330576
   754 -1.148338330576
   755 -1.148338330576
   756 -1.148338330576
   757 -1.148338330576
   758 -1.148338330576
   759 -1.148338330576
   760 -1.148338330576
   761 -1.148338330576
   762 -1.148338330576
   763 -1.148338330576
   764 -1.148338330576
   765 -1.148338330576
   766 -1.148338330576
   767 -1.148338330576
   768 -1.148338330576
   769 -1.148338330576
   770 -1.148338330576
   771 -1.148338330576
   772 -1.148338330576
   773 -1.148338330576
   774 -1.148338330576
   775 -1.148338330576
   776 -1.148338330576
   777 -1.148338330576
   778 -1.148338330576
   779 -1.148338330576
   780 -1.148338330576
   781 -1.148338330576
   782 -1.148338330576
   783 -1.148338330576
   784 -1.148338330576
   785 -1.148338330576
   786 -1.148338330576
   787 -1.148338330576
   788 -1.148338330576
   789 -1.148338330576
   790 -1.148338330576
   791 -1.148338330576
   792 -1.148338330576
   793 -1.148338330576
   794 -1.148338330576
   795 -1.148338330576
   796 -1.148338330576
   797 -1.148338330576
   798 -1.148338330576
   799 -1.148338330576
   800 -1.148338330576
   801 -1.148338330576
   802 -1.148338330576
   803 -1.148338330576
   804 -1.148338330576
   805 -1.148338330576
   806 -1.148338330576
   807 -1.148338330576
   808 -1.148338330576
   809 -1.148338330576
   810 -1.148338330576
   811 -1.148338330576
   812 -1.148338330576
   813 -1.148338330576
   814 -1.148338330576
   815 -1.148338330576
   816 -1.148338330576
   817 -1.148338330576
   818 -1.148338330576
   819 -1.148338330576
   820 -1.148338330576
   821 -1.148338330576
   822 -1.148338330576
   823 -1.148338330576
   824 -1.148338330576
   825 -1.148338330576
   826 -1.148338330576
   827 -1.148338330576
   828 -1.148338330576
   829 -1.148338330576
   830 -1.148338330576
   831 -1.148338330576
   832 -1.148338330576
   833 -1.148338330576
   834 -1.148338330576
   835 -1.148338330576
   836 -1.148338330576
   837 -1.148338330576
   838 -1.148338330576
   839 -1.148338330576
   840 -1.148338330576
   841 -1.148338330576
   842 -1.148338330576
   843 -1.148338330576
   844 -1.148338330576
   845 -1.148338330576
   846 -1.148338330576
   847 -1.148338330576
   848 -1.148338330576
   849 -1.148338330576
   850 -1.148338330576
   851 -1.148338330576
   852 -1.148338330576
   853 -1.148338330576
   854 -1.148338330576
   855 -1.148338330576
   856 -1.148338330576
   857 -1.148338330576
   858 -1.148338330576
   859 -1.148338330576
   860 -1.148338330576
   861 -1.148338330576
   862 -1.148338330576
   863 -1.148338330576
   864 -1.148338330576
   865 -1.148338330576
   866 -1.148338330576
   867 -1.148338330576
   868 -1.148338330576
   869 -1.148338330576
   870 -1.148338330576
   871 -1.148338330576
   872 -1.148338330576
   873 -1.148338330576
   874 -1.148338330576
   875 -1.148338330576
   876 -1.148338330576
   877 -1.148338330576
   878 -1.148338330576
   879 -1.148338330576
   880 -1.148338330576
   881 -1.148338330576
   882 -1.148338330576
   883 -1.148338330576
   884 -1.148338330576
   885 -1.148338330576
   886 -1.148338330576
   887 -1.148338330576
   888 -1.148338330576
   889 -1.148338330576
   890 -1.148338330576
   891 -1.148338330576
   892 -1.148338330576
   893 -1.148338330576
   894 -1.148338330576
   895 -1.148338330576
   896 -1.148338330576
   897 -1.148338330576
   898 -1.148338330576
   899 -1.148338330576
   900 -1.148338330576
   901 -1.148338330576
   902 -1.148338330576
   903 -1.148338330576
   904 -1.148338330576
   905 -1.148338330576
   906 -1.148338330576
   907 -1.148338330576
   908 -1.148338330576
   909 -1.148338330576
   910 -1.148338330576
   911 -1.148338330576
   912 -1.148338330576
   913 -1.148338330576
   914 -1.148338330576
   915 -1.148338330576
   916 -1.148338330576
   917 -1.148338330576
   918 -1.148338330576
   919 -1.148338330576
   920 -1.148338330576
   921 -1.148338330576
   922 -1.148338330576
   923 -1.148338330576
   924 -1.148338330576
   925 -1.148338330576
   926 -1.148338330576
   927 -1.148338330576
   928 -1.148338330576
   929 -1.148338330576
   930 -1.148338330576
   931 -1.148338330576
   932 -1.148338330576
   933 -1.148338330576
   934 -1.148338330576
   935 -1.148338330576
   936 -1.148338330576
   937 -1.148338330576
   938 -1.148338330576
   939 -1.148338330576
   940 -1.148338330576
   941 -1.148338330576
   942 -1.148338330576
   943 -1.148338330576
   944 -1.148338330576
   945 -1.148338330576
   946 -1.148338330576
   947 -1.148338330576
   948 -1.148338330576
   949 -1.148338330576
   950 -1.148338330576
   951 -1.148338330576
   952 -1.148338330576
   953 -1.148338330576
   954 -1.148338330576
   955 -1.148338330576
   956 -1.148338330576
   957 -1.148338330576
   958 -1.148338330576
   959 -1.148338330576
   960 -1.148338330576
   961 -1.148338330576
   962 -1.148338330576
   963 -1.148338330576
   964 -1.148338330576
   965 -1.148338330576
   966 -1.148338330576
   967 -1.148338330576
   968 -1.148338330576
   969 -1.148338330576
   970 -1.148338330576
   971 -1.148338330576
   972 -1.148338330576
   973 -1.148338330576
   974 -1.148338330576
   975 -1.148338330576
   976 -1.148338330576
   977 -1.148338330576
   978 -1.148338330576
   979 -1.148338330576
   980 -1.148338330576
   981 -1.148338330576
   982 -1.148338330576
   983 -1.148338330576
   984 -1.148338330576
   985 -1.148338330576
   986 -1.148338330576
   987 -1.148338330576
   988 -1.148338330576
   989 -1.148338330576
   990 -1.148338330576
   991 -1.148338330576
   992 -1.148338330576
   993 -1.148338330576
   994 -1.148338330576
   995 -1.148338330576
   996 -1.148338330576
   997 -1.148338330576
   998 -1.148338330576
   999 -1.148338330576
  1000 -1.148338330576
  1001 -1.148338330576
  1002 -1.148338330576
  1003 -1.148338330576
  1004 -1.148338330576
  1005 -1.148338330576
  1006 -1.148338330576
  1007 -1.148338330576
  1008 -1.148338330576
  1009 -1.148338330576
  1010 -1.148338330576
  1011 -1.148338330576
  1012 -1.148338330576
  1013 -1.148338330576
  1014 -1.148338330576
  1015 -1.148338330576
  1016 -1.148338330576
  1017 -1.148338330576
  1018 -1.148338330576
  1019 -1.148338330576
  1020 -1.148338330576
  1021 -1.148338330576
  1022 -1.148338330576
  1023 -1.148338330576
  1024 -1.148338330576
  1025 -1.148338330576
  1026 -1.148338330576
  1027 -1.148338330576
  1028 -1.148338330576
  1029 -1.148338330576
  1030 -1.148338330576
  1031 -1.148338330576
  1032 -1.148338330576
  1033 -1.148338330576
  1034 -1.148338330576
  1035 -1.148338330576
  1036 -1.148338330576
  1037 -1.148338330576
  1038 -1.148338330576
  1039 -1.148338330576
  1040 -1.148338330576
  1041 -1.148338330576
  1042 -1.148338330576
  1043 -1.148338330576
  1044 -1.148338330576
  1045 -1.148338330576
  1046 -1.148338330576
  1047 -1.148338330576
  1048 -1.148338330576
  1049 -1.148338330576
  1050 -1.148338330576
  1051 -1.148338330576
  1052 -1.148338330576
  1053 -1.148338330576
  1054 -1.148338330576
  1055 -1.148338330576
  1056 -1.148338330576
  1057 -1.148338330576
  1058 -1.148338330576
  1059 -1.148338330576
  1060 -1.148338330576
  1061 -1.148338330576
  1062 -1.148338330576
  1063 -1.148338330576
  1064 -1.148338330576
  1065 -1.148338330576
  1066 -1.148338330576
  1067 -1.148338330576
  1068 -1.148338330576
  1069 -1.148338330576
  1070 -1.148338330576
  1071 -1.148338330576
  1072 -1.148338330576
  1073 -1.148338330576
  1074 -1.148338330576
  1075 -1.148338330576
  1076 -1.148338330576
  1077 -1.148338330576
  1078 -1.148338330576
  1079 -1.148338330576
  1080 -1.148338330576
  1081 -1.148338330576
  1082 -1.148338330576
  1083 -1.148338330576
  1084 -1.148338330576
  1085 -1.148338330576
  1086 -1.148338330576
  1087 -1.148338330576
  1088 -1.148338330576
  1089 -1.148338330576
  1090 -1.148338330576
  1091 -1.148338330576
  1092 -1.148338330576
  1093 -1.148338330576
  1094 -1.148338330576
  1095 -1.148338330576
  1096 -1.148338330576
  1097 -1.148338330576
  1098 -1.148338330576
  1099 -1.148338330576
  1100 -1.148338330576
  1101 -1.148338330576
  1102 -1.148338330576
  1103 -1.148338330576
  1104 -1.148338330576
  1105 -1.148338330576
  1106 -1.148338330576
  1107 -1.148338330576
  1108 -1.148338330576
  1109 -1.148338330576
  1110 -1.148338330576
  1111 -1.148338330576
  1112 -1.148338330576
  1113 -1.148338330576
  1114 -1.148338330576
  1115 -1.148338330576
  1116 -1.148338330576
  1117 -1.148338330576
  1118 -1.148338330576
  1119 -1.148338330576
  1120 -1.148338330576
  1121 -1.148338330576
  1122 -1.148338330576
  1123 -1.148338330576
  1124 -1.148338330576
  1125 -1.148338330576
  1126 -1.148338330576
  1127 -1.148338330576
  1128 -1.148338330576
  1129 -1.148338330576
  1130 -1.148338330576
  1131 -1.148338330576
  1132 -1.148338330576
  1133 -1.148338330576
  1134 -1.148338330576
  1135 -1.148338330576
  1136 -1.148338330576
  1137 -1.148338330576
  1138 -1.148338330576
  1139 -1.148338330576
  1140 -1.148338330576
  1141 -1.148338330576
  1142 -1.148338330576
  1143 -1.148338330576
  1144 -1.148338330576
  1145 -1.148338330576
  1146 -1.148338330576
  1147 -1.148338330576
  1148 -1.148338330576
  1149 -1.148338330576
  1150 -1.148338330576
  1151 -1.148338330576
  1152 -1.148338330576
  1153 -1.148338330576
  1154 -1.148338330576
  1155 -1.148338330576
  1156 -1.148338330576
  1157 -1.148338330576
  1158 -1.148338330576
  1159 -1.148338330576
  1160 -1.148338330576
  1161 -1.148338330576
  1162 -1.148338330576
  1163 -1.148338330576
  1164 -1.148338330576
  1165 -1.148338330576
  1166 -1.148338330576
  1167 -1.148338330576
  1168 -1.148338330576
  1169 -1.148338330576
  1170 -1.148338330576
  1171 -1.148338330576
  1172 -1.148338330576
  1173 -1.148338330576
  1174 -1.148338330576
  1175 -1.148338330576
  1176 -1.148338330576
  1177 -1.148338330576
  1178 -1.148338330576
  1179 -1.148338330576
  1180 -1.148338330576
  1181 -1.148338330576
  1182 -1.148338330576
  1183 -1.148338330576
  1184 -1.148338330576
  1185 -1.148338330576
  1186 -1.148338330576
  1187 -1.148338330576
  1188 -1.148338330576
  1189 -1.148338330576
  1190 -1.148338330576
  1191 -1.148338330576
  1192 -1.148338330576
  1193 -1.148338330576
  1194 -1.148338330576
  1195 -1.148338330576
  1196 -1.148338330576
  1197 -1.148338330576
  1198 -1.148338330576
  1199 -1.148338330576
  1200 -1.148338330576
  1201 -1.148338330576
  1202 -1.148338330576
  1203 -1.148338330576
  1204 -1.148338330576
  1205 -1.148338330576
  1206 -1.148338330576
  1207 -1.148338330576
  1208 -1.148338330576
  1209 -1.148338330576
  1210 -1.148338330576
  1211 -1.148338330576
  1212 -1.148338330576
  1213 -1.148338330576
  1214 -1.148338330576
  1215 -1.148338330576
  1216 -1.148338330576
  1217 -1.148338330576
  1218 -1.148338330576
  1219 -1.148338330576
  1220 -1.148338330576
  1221 -1.148338330576
  1222 -1.148338330576
  1223 -1.148338330576
  1224 -1.148338330576
  1225 -1.148338330576
  1226 -1.148338330576
  1227 -1.148338330576
  1228 -1.148338330576
  1229 -1.148338330576
  1230 -1.148338330576
  1231 -1.148338330576
  1232 -1.148338330576
  1233 -1.148338330576
  1234 -1.148338330576
  1235 -1.148338330576
  1236 -1.148338330576
  1237 -1.148338330576
  1238 -1.148338330576
  1239 -1.148338330576
  1240 -1.148338330576
  1241 -1.148338330576
  1242 -1.148338330576
  1243 -1.148338330576
  1244 -1.148338330576
  1245 -1.148338330576
  1246 -1.148338330576
  1247 -1.148338330576
  1248 -1.148338330576
  1249 -1.148338330576
  1250 -1.148338330576
  1251 -1.148338330576
  1252 -1.148338330576
  1253 -1.148338330576
  1254 -1.148338330576
  1255 -1.148338330576
  1256 -1.148338330576
  1257 -1.148338330576
  1258 -1.148338330576
  1259 -1.148338330576
  1260 -1.148338330576
  1261 -1.148338330576
  1262 -1.148338330576
  1263 -1.148338330576
  1264 -1.148338330576
  1265 -1.148338330576
  1266 -1.148338330576
  1267 -1.148338330576
  1268 -1.148338330576
  1269 -1.148338330576
  1270 -1.148338330576
  1271 -1.148338330576
  1272 -1.148338330576
  1273 -1.148338330576
  1274 -1.148338330576
  1275 -1.148338330576
  1276 -1.148338330576
  1277 -1.148338330576
  1278 -1.148338330576
  1279 -1.148338330576
  1280 -1.148338330576
  1281 -1.148338330576
  1282 -1.148338330576
  1283 -1.148338330576
  1284 -1.148338330576
  1285 -1.148338330576
  1286 -1.148338330576
  1287 -1.148338330576
  1288 -1.148338330576
  1289 -1.148338330576
  1290 -1.148338330576
  1291 -1.148338330576
  1292 -1.148338330576
  1293 -1.148338330576
  1294 -1.148338330576
  1295 -1.148338330576
  1296 -1.148338330576
  1297 -1.148338330576
  1298 -1.148338330576
  1299 -1.148338330576
  1300 -1.148338330576
  1301 -1.148338330576
  1302 -1.148338330576
  1303 -1.148338330576
  1304 -1.148338330576
  1305 -1.148338330576
  1306 -1.148338330576
  1307 -1.148338330576
  1308 -1.148338330576
  1309 -1.148338330576
  1310 -1.148338330576
  1311 -1.148338330576
  1312 -1.148338330576
  1313 -1.148338330576
  1314 -1.148338330576
  1315 -1.148338330576
  1316 -1.148338330576
  1317 -1.148338330576
  1318 -1.148338330576
  1319 -1.148338330576
  1320 -1.148338330576
  1321 -1.148338330576
  1322 -1.148338330576
  1323 -1.148338330576
  1324 -1.148338330576
  1325 -1.148338330576
  1326 -1.148338330576
  1327 -1.148338330576
  1328 -1.148338330576
  1329 -1.148338330576
  1330 -1.148338330576
  1331 -1.148338330576
  1332 -1.148338330576
  1333 -1.148338330576
  1334 -1.148338330576
  1335 -1.148338330576
  1336 -1.148338330576
  1337 -1.148338330576
  1338 -1.148338330576
  1339 -1.148338330576
  1340 -1.148338330576
  1341 -1.148338330576
  1342 -1.148338330576
  1343 -1.148338330576
  1344 -1.148338330576
  1345 -1.148338330576
  1346 -1.148338330576
  1347 -1.148338330576
  1348 -1.148338330576
  1349 -1.148338330576
  1350 -1.148338330576
  1351 -1.148338330576
  1352 -1.148338330576
  1353 -1.148338330576
  1354 -1.148338330576
  1355 -1.148338330576
  1356 -1.148338330576
  1357 -1.148338330576
  1358 -1.148338330576
  1359 -1.148338330576
  1360 -1.148338330576
  1361 -1.148338330576
  1362 -1.148338330576
  1363 -1.148338330576
  1364 -1.148338330576
  1365 -1.148338330576
  1366 -1.148338330576
  1367 -1.148338330576
  1368 -1.148338330576
  1369 -1.148338330576
  1370 -1.148338330576
  1371 -1.148338330576
  1372 -1.148338330576
  1373 -1.148338330576
  1374 -1.148338330576
  1375 -1.148338330576
  1376 -1.148338330576
  1377 -1.148338330576
  1378 -1.148338330576
  1379 -1.148338330576
  1380 -1.148338330576
  1381 -1.148338330576
  1382 -1.148338330576
  1383 -1.148338330576
  1384 -1.148338330576
  1385 -1.148338330576
  1386 -1.148338330576
  1387 -1.148338330576
  1388 -1.148338330576
  1389 -1.148338330576
  1390 -1.148338330576
  1391 -1.148338330576
  1392 -1.148338330576
  1393 -1.148338330576
  1394 -1.148338330576
  1395 -1.148338330576
  1396 -1.148338330576
  1397 -1.148338330576
  1398 -1.148338330576
  1399 -1.148338330576
  1400 -1.148338330576
  1401 -1.148338330576
  1402 -1.148338330576
  1403 -1.148338330576
  1404 -1.148338330576
  1405 -1.148338330576
  1406 -1.148338330576
  1407 -1.148338330576
  1408 -1.148338330576
  1409 -1.148338330576
  1410 -1.148338330576
  1411 -1.148338330576
  1412 -1.148338330576
  1413 -1.148338330576
  1414 -1.148338330576
  1415 -1.148338330576
  1416 -1.148338330576
  1417 -1.148338330576
  1418 -1.148338330576
  1419 -1.148338330576
  1420 -1.148338330576
  1421 -1.148338330576
  1422 -1.148338330576
  1423 -1.148338330576
  1424 -1.148338330576
  1425 -1.148338330576
  1426 -1.148338330576
  1427 -1.148338330576
  1428 -1.148338330576
  1429 -1.148338330576
  1430 -1.148338330576
  1431 -1.148338330576
  1432 -1.148338330576
  1433 -1.148338330576
  1434 -1.148338330576
  1435 -1.148338330576
  1436 -1.148338330576
  1437 -1.148338330576
  1438 -1.148338330576
  1439 -1.148338330576
  1440 -1.148338330576
  1441 -1.148338330576
  1442 -1.148338330576
  1443 -1.148338330576
  1444 -1.148338330576
  1445 -1.148338330576
  1446 -1.148338330576
  1447 -1.148338330576
  1448 -1.148338330576
  1449 -1.148338330576
  1450 -1.148338330576
  1451 -1.148338330576
  1452 -1.148338330576
  1453 -1.148338330576
  1454 -1.148338330576
  1455 -1.148338330576
  1456 -1.148338330576
  1457 -1.148338330576
  1458 -1.148338330576
  1459 -1.148338330576
  1460 -1.148338330576
  1461 -1.148338330576
  1462 -1.148338330576
  1463 -1.148338330576
  1464 -1.148338330576
  1465 -1.148338330576
  1466 -1.148338330576
  1467 -1.148338330576
  1468 -1.148338330576
  1469 -1.148338330576
  1470 -1.148338330576
  1471 -1.148338330576
  1472 -1.148338330576
  1473 -1.148338330576
  1474 -1.148338330576
  1475 -1.148338330576
  1476 -1.148338330576
  1477 -1.148338330576
  1478 -1.148338330576
  1479 -1.148338330576
  1480 -1.148338330576
  1481 -1.148338330576
  1482 -1.148338330576
  1483 -1.148338330576
  1484 -1.148338330576
  1485 -1.148338330576
  1486 -1.148338330576
  1487 -1.148338330576
  1488 -1.148338330576
  1489 -1.148338330576
  1490 -1.148338330576
  1491 -1.148338330576
  1492 -1.148338330576
  1493 -1.148338330576
  1494 -1.148338330576
  1495 -1.148338330576
  1496 -1.148338330576
  1497 -1.148338330576
  1498 -1.148338330576
  1499 -1.148338330576
  1500 -1.148338330576
  1501 -1.148338330576
  1502 -1.148338330576
  1503 -1.148338330576
  1504 -1.148338330576
  1505 -1.148338330576
  1506 -1.148338330576
  1507 -1.148338330576
  1508 -1.148338330576
  1509 -1.148338330576
  1510 -1.148338330576
  1511 -1.148338330576
  1512 -1.148338330576
  1513 -1.148338330576
  1514 -1.148338330576
  1515 -1.148338330576
  1516 -1.148338330576
  1517 -1.148338330576
  1518 -1.148338330576
  1519 -1.148338330576
  1520 -1.148338330576
  1521 -1.148338330576
  1522 -1.148338330576
  1523 -1.148338330576
  1524 -1.148338330576
  1525 -1.148338330576
  1526 -1.148338330576
  1527 -1.148338330576
  1528 -1.148338330576
  1529 -1.148338330576
  1530 -1.148338330576
  1531 -1.148338330576
  1532 -1.148338330576
  1533 -1.148338330576
  1534 -1.148338330576
  1535 -1.148338330576
  1536 -1.148338330576
  1537 -1.148338330576
  1538 -1.148338330576
  1539 -1.148338330576
  1540 -1.148338330576
  1541 -1.148338330576
  1542 -1.148338330576
  1543 -1.148338330576
  1544 -1.148338330576
  1545 -1.148338330576
  1546 -1.148338330576
  1547 -1.148338330576
  1548 -1.148338330576
  1549 -1.148338330576
  1550 -1.148338330576
  1551 -1.148338330576
  1552 -1.148338330576
  1553 -1.148338330576
  1554 -1.148338330576
  1555 -1.148338330576
  1556 -1.148338330576
  1557 -1.148338330576
  1558 -1.148338330576
  1559 -1.148338330576
  1560 -1.148338330576
  1561 -1.148338330576
  1562 -1.148338330576
  1563 -1.148338330576
  1564 -1.148338330576
  1565 -1.148338330576
  1566 -1.148338330576
  1567 -1.148338330576
  1568 -1.148338330576
  1569 -1.148338330576
  1570 -1.148338330576
  1571 -1.148338330576
  1572 -1.148338330576
  1573 -1.148338330576
  1574 -1.148338330576
  1575 -1.148338330576
  1576 -1.148338330576
  1577 -1.148338330576
  1578 -1.148338330576
  1579 -1.148338330576
  1580 -1.148338330576
  1581 -1.148338330576
  1582 -1.148338330576
  1583 -1.148338330576
  1584 -1.148338330576
  1585 -1.148338330576
  1586 -1.148338330576
  1587 -1.148338330576
  1588 -1.148338330576
  1589 -1.148338330576
  1590 -1.148338330576
  1591 -1.148338330576
  1592 -1.148338330576
  1593 -1.148338330576
  1594 -1.148338330576
  1595 -1.148338330576
  1596 -1.148338330576
  1597 -1.148338330576
  1598 -1.148338330576
  1599 -1.148338330576
  1600 -1.148338330576
  1601 -1.148338330576
  1602 -1.148338330576
  1603 -1.148338330576
  1604 -1.148338330576
  1605 -1.148338330576
  1606 -1.148338330576
  1607 -1.148338330576
  1608 -1.148338330576
  1609 -1.148338330576
  1610 -1.148338330576
  1611 -1.148338330576
  1612 -1.148338330576
  1613 -1.148338330576
  1614 -1.148338330576
  1615 -1.148338330576
  1616 -1.148338330576
  1617 -1.148338330576
  1618 -1.148338330576
  1619 -1.148338330576
  1620 -1.148338330576
  1621 -1.148338330576
  1622 -1.148338330576
  1623 -1.148338330576
  1624 -1.148338330576
  1625 -1.148338330576
  1626 -1.148338330576
  1627 -1.148338330576
  1628 -1.148338330576
  1629 -1.148338330576
  1630 -1.148338330576
  1631 -1.148338330576
  1632 -1.148338330576
  1633 -1.148338330576
  1634 -1.148338330576
  1635 -1.148338330576
  1636 -1.148338330576
  1637 -1.148338330576
  1638 -1.148338330576
  1639 -1.148338330576
  1640 -1.148338330576
  1641 -1.148338330576
  1642 -1.148338330576
  1643 -1.148338330576
  1644 -1.148338330576
  1645 -1.148338330576
  1646 -1.148338330576
  1647 -1.148338330576
  1648 -1.148338330576
  1649 -1.148338330576
  1650 -1.148338330576
  1651 -1.148338330576
  1652 -1.148338330576
  1653 -1.148338330576
  1654 -1.148338330576
  1655 -1.148338330576
  1656 -1.148338330576
  1657 -1.148338330576
  1658 -1.148338330576
  1659 -1.148338330576
  1660 -1.148338330576
  1661 -1.148338330576
  1662 -1.148338330576
  1663 -1.148338330576
  1664 -1.148338330576
  1665 -1.148338330576
  1666 -1.148338330576
  1667 -1.148338330576
  1668 -1.148338330576
  1669 -1.148338330576
  1670 -1.148338330576
  1671 -1.148338330576
  1672 -1.148338330576
  1673 -1.148338330576
  1674 -1.148338330576
  1675 -1.148338330576
  1676 -1.148338330576
  1677 -1.148338330576
  1678 -1.148338330576
  1679 -1.148338330576
  1680 -1.148338330576
  1681 -1.148338330576
  1682 -1.148338330576
  1683 -1.148338330576
  1684 -1.148338330576
  1685 -1.148338330576
  1686 -1.148338330576
  1687 -1.148338330576
  1688 -1.148338330576
  1689 -1.148338330576
  1690 -1.148338330576
  1691 -1.148338330576
  1692 -1.148338330576
  1693 -1.148338330576
  1694 -1.148338330576
  1695 -1.148338330576
  1696 -1.148338330576
  1697 -1.148338330576
  1698 -1.148338330576
  1699 -1.148338330576
  1700 -1.148338330576
  1701 -1.148338330576
  1702 -1.148338330576
  1703 -1.148338330576
  1704 -1.148338330576
  1705 -1.148338330576
  1706 -1.148338330576
  1707 -1.148338330576
  1708 -1.148338330576
  1709 -1.148338330576
  1710 -1.148338330576
  1711 -1.148338330576
  1712 -1.148338330576
  1713 -1.148338330576
  1714 -1.148338330576
  1715 -1.148338330576
  1716 -1.148338330576
  1717 -1.148338330576
  1718 -1.148338330576
  1719 -1.148338330576
  1720 -1.148338330576
  1721 -1.148338330576
  1722 -1.148338330576
  1723 -1.148338330576
  1724 -1.148338330576
  1725 -1.148338330576
  1726 -1.148338330576
  1727 -1.148338330576
  1728 -1.148338330576
  1729 -1.148338330576
  1730 -1.148338330576
  1731 -1.148338330576
  1732 -1.148338330576
  1733 -1.148338330576
  1734 -1.148338330576
  1735 -1.148338330576
  1736 -1.148338330576
  1737 -1.148338330576
  1738 -1.148338330576
  1739 -1.148338330576
  1740 -1.148338330576
  1741 -1.148338330576
  1742 -1.148338330576
  1743 -1.148338330576
  1744 -1.148338330576
  1745 -1.148338330576
  1746 -1.148338330576
  1747 -1.148338330576
  1748 -1.148338330576
  1749 -1.148338330576
  1750 -1.148338330576
  1751 -1.148338330576
  1752 -1.148338330576
  1753 -1.148338330576
  1754 -1.148338330576
  1755 -1.148338330576
  1756 -1.148338330576
  1757 -1.148338330576
  1758 -1.148338330576
  1759 -1.148338330576
  1760 -1.148338330576
  1761 -1.148338330576
  1762 -1.148338330576
  1763 -1.148338330576
  1764 -1.148338330576
  1765 -1.148338330576
  1766 -1.148338330576
  1767 -1.148338330576
  1768 -1.148338330576
  1769 -1.148338330576
  1770 -1.148338330576
  1771 -1.148338330576
  1772 -1.148338330576
  1773 -1.148338330576
  1774 -1.148338330576
  1775 -1.148338330576
  1776 -1.148338330576
  1777 -1.148338330576
  1778 -1.148338330576
  1779 -1.148338330576
  1780 -1.148338330576
  1781 -1.148338330576
  1782 -1.148338330576
  1783 -1.148338330576
  1784 -1.148338330576
  1785 -1.148338330576
  1786 -1.148338330576
  1787 -1.148338330576
  1788 -1.148338330576
  1789 -1.148338330576
  1790 -1.148338330576
  1791 -1.148338330576
  1792 -1.148338330576
  1793 -1.148338330576
  1794 -1.148338330576
  1795 -1.148338330576
  1796 -1.148338330576
  1797 -1.148338330576
  1798 -1.148338330576
  1799 -1.148338330576
  1800 -1.148338330576
  1801 -1.148338330576
  1802 -1.148338330576
  1803 -1.148338330576
  1804 -1.148338330576
  1805 -1.148338330576
  1806 -1.148338330576
  1807 -1.148338330576
  1808 -1.148338330576
  1809 -1.148338330576
  1810 -1.148338330576
  1811 -1.148338330576
  1812 -1.148338330576
  1813 -1.148338330576
  1814 -1.148338330576
  1815 -1.148338330576
  1816 -1.148338330576
  1817 -1.148338330576
  1818 -1.148338330576
  1819 -1.148338330576
  1820 -1.148338330576
  1821 -1.148338330576
  1822 -1.148338330576
  1823 -1.148338330576
  1824 -1.148338330576
  1825 -1.148338330576
  1826 -1.148338330576
  1827 -1.148338330576
  1828 -1.148338330576
  1829 -1.148338330576
  1830 -1.148338330576
  1831 -1.148338330576
  1832 -1.148338330576
  1833 -1.148338330576
  1834 -1.148338330576
  1835 -1.148338330576
  1836 -1.148338330576
  1837 -1.148338330576
  1838 -1.148338330576
  1839 -1.148338330576
  1840 -1.148338330576
  1841 -1.148338330576
  1842 -1.148338330576
  1843 -1.148338330576
  1844 -1.148338330576
  1845 -1.148338330576
  1846 -1.148338330576
  1847 -1.148338330576
  1848 -1.148338330576
  1849 -1.148338330576
  1850 -1.148338330576
  1851 -1.148338330576
  1852 -1.148338330576
  1853 -1.148338330576
  1854 -1.148338330576
  1855 -1.148338330576
  1856 -1.148338330576
  1857 -1.148338330576
  1858 -1.148338330576
  1859 -1.148338330576
  1860 -1.148338330576
  1861 -1.148338330576
  1862 -1.148338330576
  1863 -1.148338330576
  1864 -1.148338330576
  1865 -1.148338330576
  1866 -1.148338330576
  1867 -1.148338330576
  1868 -1.148338330576
  1869 -1.148338330576
  1870 -1.148338330576
  1871 -1.148338330576
  1872 -1.148338330576
  1873 -1.148338330576
  1874 -1.148338330576
  1875 -1.148338330576
  1876 -1.148338330576
  1877 -1.148338330576
  1878 -1.148338330576
  1879 -1.148338330576
  1880 -1.148338330576
  1881 -1.148338330576
  1882 -1.148338330576
  1883 -1.148338330576
  1884 -1.148338330576
  1885 -1.148338330576
  1886 -1.148338330576
  1887 -1.148338330576
  1888 -1.148338330576
  1889 -1.148338330576
  1890 -1.148338330576
  1891 -1.148338330576
  1892 -1.148338330576
  1893 -1.148338330576
  1894 -1.148338330576
  1895 -1.148338330576
  1896 -1.148338330576
  1897 -1.148338330576
  1898 -1.148338330576
  1899 -1.148338330576
  1900 -1.148338330576
  1901 -1.148338330576
  1902 -1.148338330576
  1903 -1.148338330576
  1904 -1.148338330576
  1905 -1.148338330576
  1906 -1.148338330576
  1907 -1.148338330576
  1908 -1.148338330576
  1909 -1.148338330576
  1910 -1.148338330576
  1911 -1.148338330576
  1912 -1.148338330576
  1913 -1.148338330576
  1914 -1.148338330576
  1915 -1.148338330576
  1916 -1.148338330576
  1917 -1.148338330576
  1918 -1.148338330576
  1919 -1.148338330576
  1920 -1.148338330576
  1921 -1.148338330576
  1922 -1.148338330576
  1923 -1.148338330576
  1924 -1.148338330576
  1925 -1.148338330576
  1926 -1.148338330576
  1927 -1.148338330576
  1928 -1.148338330576
  1929 -1.148338330576
  1930 -1.148338330576
  1931 -1.148338330576
  1932 -1.148338330576
  1933 -1.148338330576
  1934 -1.148338330576
  1935 -1.148338330576
  1936 -1.148338330576
  1937 -1.148338330576
  1938 -1.148338330576
  1939 -1.148338330576
  1940 -1.148338330576
  1941 -1.148338330576
  1942 -1.148338330576
  1943 -1.148338330576
  1944 -1.148338330576
  1945 -1.148338330576
  1946 -1.148338330576
  1947 -1.148338330576
  1948 -1.148338330576
  1949 -1.148338330576
  1950 -1.148338330576
  1951 -1.148338330576
  1952 -1.148338330576
  1953 -1.148338330576
  1954 -1.148338330576
  1955 -1.148338330576
  1956 -1.148338330576
  1957 -1.148338330576
  1958 -1.148338330576
  1959 -1.148338330576
  1960 -1.148338330576
  1961 -1.148338330576
  1962 -1.148338330576
  1963 -1.148338330576
  1964 -1.148338330576
  1965 -1.148338330576
  1966 -1.148338330576
  1967 -1.148338330576
  1968 -1.148338330576
  1969 -1.148338330576
  1970 -1.148338330576
  1971 -1.148338330576
  1972 -1.148338330576
  1973 -1.148338330576
  1974 -1.148338330576
  1975 -1.148338330576
  1976 -1.148338330576
  1977 -1.148338330576
  1978 -1.148338330576
  1979 -1.148338330576
  1980 -1.148338330576
  1981 -1.148338330576
  1982 -1.148338330576
  1983 -1.148338330576
  1984 -1.148338330576
  1985 -1.148338330576
  1986 -1.148338330576
  1987 -1.148338330576
  1988 -1.148338330576
  1989 -1.148338330576
  1990 -1.148338330576
  1991 -1.148338330576
  1992 -1.148338330576
  1993 -1.148338330576
  1994 -1.148338330576
  1995 -1.148338330576
  1996 -1.148338330576
  1997 -1.148338330576
  1998 -1.148338330576
  1999 -1.148338330576
  2000 -1.148338330576
