     1 -0.897720128416
     2 -1.027906547419
     3 -1.082504359209
     4 -1.059180137863
     5 -1.042781261864
     6 -1.034377729169
     7 -1.027636373587
     8 -1.022358449039
     9 -1.018323129841
    10 -1.015416945555
    11 -1.014098860110
    12 -1.014572004744
    13 -1.016246240435
    14 -1.018222011338
    15 -1.020017795345
    16 -1.021492830533
    17 -1.022644617423
    18 -1.023525290922
    19 -1.024197286705
    20 -1.024714750964
    21 -1.025119302254
    22 -1.025441209347
    23 -1.025701993794
    24 -1.025916804273
    25 -1.026096418340
    26 -1.026248518449
    27 -1.026378748080
    28 -1.026491294695
    29 -1.026589336516
    30 -1.026675339936
    31 -1.026751213582
    32 -1.026818534159
    33 -1.026878521905
    34 -1.026932227480
    35 -1.026980471380
    36 -1.027023983064
    37 -1.027063343466
    38 -1.027099045440
    39 -1.027131536043
    40 -1.027161171629
    41 -1.027188251541
    42 -1.027213082001
    43 -1.027235883009
    44 -1.027256861586
    45 -1.027276199085
    46 -1.027294054952
    47 -1.027310569844
    48 -1.027325856322
    49 -1.027340049242
    50 -1.027353234498
    51 -1.148651507935
    52 -0.995944749454
    53 -1.011458745450
    54 -1.019324813954
    55 -1.023385686851
    56 -1.025436835202
    57 -1.026473429826
    58 -1.026997042860
    59 -1.027262240109
    60 -1.027397893905
    61 -1.027468541896
    62 -1.027506281413
    63 -1.027527122676
    64 -1.027539090516
    65 -1.027546268128
    66 -1.027550775584
    67 -1.027553742281
    68 -1.027555801322
    69 -1.027557278009
    70 -1.027558391602
    71 -1.027559266865
    72 -1.027559981529
    73 -1.027560585257
    74 -1.027561110462
    75 -1.027561578682
    76 -1.027562004445
    77 -1.027562397684
    78 -1.027562765276
    79 -1.027563112045
    80 -1.027563441424
    81 -1.027563755889
    82 -1.027564057266
    83 -1.027564346923
    84 -1.027564625916
    85 -1.027564895075
    86 -1.027565155074
    87 -1.027565406473
    88 -1.027565649753
    89 -1.027565885329
    90 -1.027566113574
    91 -1.027566334825
    92 -1.027566549389
    93 -1.027566757553
    94 -1.027566959584
    95 -1.027567155732
    96 -1.027567346235
    97 -1.027567531316
    98 -1.027567711189
    99 -1.027567886057
   100 -1.027568056113
   101 -1.178042495634
   102 -1.011687254331
   103 -1.019006097216
   104 -1.023676997101
   105 -1.025740315962
   106 -1.026683404255
   107 -1.027126101765
   108 -1.027338379320
   109 -1.027442373627
   110 -1.027494600323
   111 -1.027521592737
   112 -1.027536061153
   113 -1.027544170256
   114 -1.027548982048
   115 -1.027552005307
   116 -1.027554046789
   117 -1.027555525372
   118 -1.027556668403
   119 -1.027557602827
   120 -1.027558401652
   121 -1.027559108141
   122 -1.027559748711
   123 -1.027560339972
   124 -1.027560892680
   125 -1.027561413999
   126 -1.027561908846
   127 -1.027562380697
   128 -1.027562832089
   129 -1.027563264933
   130 -1.027563680717
   131 -1.027564080637
   132 -1.027564465686
   133 -1.027564836711
   134 -1.027565194451
   135 -1.027565539564
   136 -1.027565872647
   137 -1.027566194248
   138 -1.027566504875
   139 -1.027566805002
   140 -1.027567095075
   141 -1.027567375513
   142 -1.027567646715
   143 -1.027567909058
   144 -1.027568162901
   145 -1.027568408585
   146 -1.027568646435
   147 -1.027568876761
   148 -1.027569099859
   149 -1.027569316011
   150 -1.027569525487
   151 -1.108373867416
   152 -1.019315411298
   153 -1.017873172194
   154 -1.023206890319
   155 -1.025610092772
   156 -1.026645234050
   157 -1.027098953900
   158 -1.027304502043
   159 -1.027402253123
   160 -1.027451660577
   161 -1.027478490538
   162 -1.027494259109
   163 -1.027504272821
   164 -1.027511137604
   165 -1.027516173866
   166 -1.027520090343
   167 -1.027523287255
   168 -1.027526001424
   169 -1.027528378795
   170 -1.027530512410
   171 -1.027532463250
   172 -1.027534272220
   173 -1.027535967305
   174 -1.027537568016
   175 -1.027539088208
   176 -1.027540537922
   177 -1.027541924594
   178 -1.027543253868
   179 -1.027544530145
   180 -1.027545756949
   181 -1.027546937190
   182 -1.027548073330
   183 -1.027549167509
   184 -1.027550221626
   185 -1.027551237395
   186 -1.027552216392
   187 -1.027553160077
   188 -1.027554069818
   189 -1.027554946905
   190 -1.027555792562
   191 -1.027556607952
   192 -1.027557394186
   193 -1.027558152328
   194 -1.027558883397
   195 -1.027559588369
   196 -1.027560268183
   197 -1.027560923742
   198 -1.027561555914
   199 -1.027562165533
   200 -1.027562753403
   201 -1.142691475151
   202 -1.017580455268
   203 -1.021743651538
   204 -1.024897497646
   205 -1.026290295289
   206 -1.026913538885
   207 -1.027202700528
   208 -1.027343044328
   209 -1.027414907454
   210 -1.027454037126
   211 -1.027476885549
   212 -1.027491256696
   213 -1.027500991890
   214 -1.027508057494
   215 -1.027513503025
   216 -1.027517913280
   217 -1.027521628295
   218 -1.027524853983
   219 -1.027527719825
   220 -1.027530310100
   221 -1.027532681450
   222 -1.027534873099
   223 -1.027536913020
   224 -1.027538821744
   225 -1.027540614782
   226 -1.027542304194
   227 -1.027543899619
   228 -1.027545408971
   229 -1.027546838898
   230 -1.027548195113
   231 -1.027549482607
   232 -1.027550705813
   233 -1.027551868713
   234 -1.027552974921
   235 -1.027554027743
   236 -1.027555030222
   237 -1.027555985172
   238 -1.027556895206
   239 -1.027557762757
   240 -1.027558590096
   241 -1.027559379349
   242 -1.027560132506
   243 -1.027560851437
   244 -1.027561537896
   245 -1.027562193534
   246 -1.027562819906
   247 -1.027563418475
   248 -1.027563990621
   249 -1.027564537648
   250 -1.027565060784
   251 -1.133769198776
   252 -0.989584651525
   253 -1.013384434016
   254 -1.020507289667
   255 -1.024037869406
   256 -1.025756533414
   257 -1.026619857958
   258 -1.027055334872
   259 -1.027276758871
   260 -1.027390985927
   261 -1.027451250917
   262 -1.027483973186
   263 -1.027502393998
   264 -1.027513201945
   265 -1.027519838795
   266 -1.027524115970
   267 -1.027527026442
   268 -1.027529088962
   269 -1.027530630943
   270 -1.027531838683
   271 -1.027532826039
   272 -1.027533664444
   273 -1.027534399743
   274 -1.027535061926
   275 -1.027535670929
   276 -1.027536240184
   277 -1.027536778856
   278 -1.027537293266
   279 -1.027537787828
   280 -1.027538265663
   281 -1.027538729012
   282 -1.027539179509
   283 -1.027539618373
   284 -1.027540046534
   285 -1.027540464720
   286 -1.027540873516
   287 -1.027541273407
   288 -1.027541664808
   289 -1.027542048077
   290 -1.027542423537
   291 -1.027542791480
   292 -1.027543152174
   293 -1.027543505871
   294 -1.027543852806
   295 -1.027544193202
   296 -1.027544527273
   297 -1.027544855220
   298 -1.027545177237
   299 -1.027545493512
   300 -1.027545804224
   301 -1.159723696830
   302 -1.022725909918
   303 -1.017856887758
   304 -1.023340819265
   305 -1.025629981834
   306 -1.026575840509
   307 -1.026991951024
   308 -1.027189356688
   309 -1.027290771017
   310 -1.027347057301
   311 -1.027380612135
   312 -1.027401972592
   313 -1.027416412379
   314 -1.027426701529
   315 -1.027434409484
   316 -1.027440447784
   317 -1.027445370152
   318 -1.027449523689
   319 -1.027453131637
   320 -1.027456340672
   321 -1.027459248973
   322 -1.027461923396
   323 -1.027464410263
   324 -1.027466742269
   325 -1.027468942961
   326 -1.027471029692
   327 -1.027473015574
   328 -1.027474910785
   329 -1.027476723444
   330 -1.027478460206
   331 -1.027480126665
   332 -1.027481727630
   333 -1.027483267316
   334 -1.027484749475
   335 -1.027486177491
   336 -1.027487554449
   337 -1.027488883180
   338 -1.027490166299
   339 -1.027491406235
   340 -1.027492605247
   341 -1.027493765446
   342 -1.027494888809
   343 -1.027495977185
   344 -1.027497032314
   345 -1.027498055828
   346 -1.027499049263
   347 -1.027500014062
   348 -1.027500951589
   349 -1.027501863124
   350 -1.027502749877
   351 -1.027503612989
   352 -1.027504453537
   353 -1.027505272538
   354 -1.027506070951
   355 -1.027506849685
   356 -1.027507609597
   357 -1.027508351500
   358 -1.027509076162
   359 -1.027509784310
   360 -1.027510476633
   361 -1.027511153783
   362 -1.027511816378
   363 -1.027512465005
   364 -1.027513100221
   365 -1.027513722552
   366 -1.027514332499
   367 -1.027514930538
   368 -1.027515517122
   369 -1.027516092678
   370 -1.027516657616
   371 -1.027517212323
   372 -1.027517757169
   373 -1.027518292505
   374 -1.027518818665
   375 -1.027519335969
   376 -1.027519844719
   377 -1.027520345205
   378 -1.027520837702
   379 -1.027521322475
   380 -1.027521799772
   381 -1.027522269835
   382 -1.027522732891
   383 -1.027523189160
   384 -1.027523638849
   385 -1.027524082158
   386 -1.027524519279
   387 -1.027524950392
   388 -1.027525375674
   389 -1.027525795290
   390 -1.027526209402
   391 -1.027526618161
   392 -1.027527021716
   393 -1.027527420206
   394 -1.027527813766
   395 -1.027528202527
   396 -1.027528586612
   397 -1.027528966140
   398 -1.027529341227
   399 -1.027529711981
   400 -1.027530078510
   401 -1.027530440913
   402 -1.027530799290
   403 -1.027531153734
   404 -1.027531504335
   405 -1.027531851181
   406 -1.027532194356
   407 -1.027532533940
   408 -1.027532870011
   409 -1.027533202645
   410 -1.027533531914
   411 -1.027533857887
   412 -1.027534180632
   413 -1.027534500215
   414 -1.027534816697
   415 -1.027535130141
   416 -1.027535440604
   417 -1.027535748143
   418 -1.027536052814
   419 -1.027536354669
   420 -1.027536653760
   421 -1.027536950136
   422 -1.027537243846
   423 -1.027537534936
   424 -1.027537823452
   425 -1.027538109438
   426 -1.027538392936
   427 -1.027538673987
   428 -1.027538952632
   429 -1.027539228909
   430 -1.027539502856
   431 -1.027539774510
   432 -1.027540043906
   433 -1.027540311080
   434 -1.027540576064
   435 -1.027540838891
   436 -1.027541099594
   437 -1.027541358204
   438 -1.027541614749
   439 -1.027541869261
   440 -1.027542121768
   441 -1.027542372297
   442 -1.027542620875
   443 -1.027542867530
   444 -1.027543112286
   445 -1.027543355170
   446 -1.027543596206
   447 -1.027543835417
   448 -1.027544072828
   449 -1.027544308461
   450 -1.027544542338
   451 -1.027544774481
   452 -1.027545004912
   453 -1.027545233652
   454 -1.027545460720
   455 -1.027545686137
   456 -1.027545909922
   457 -1.027546132094
   458 -1.027546352672
   459 -1.027546571674
   460 -1.027546789118
   461 -1.027547005022
   462 -1.027547219403
   463 -1.027547432276
   464 -1.027547643660
   465 -1.027547853570
   466 -1.027548062021
   467 -1.027548269030
   468 -1.027548474611
   469 -1.027548678780
   470 -1.027548881551
   471 -1.027549082937
   472 -1.027549282954
   473 -1.027549481616
   474 -1.027549678935
   475 -1.027549874925
   476 -1.027550069598
   477 -1.027550262969
   478 -1.027550455049
   479 -1.027550645851
   480 -1.027550835387
   481 -1.027551023669
   482 -1.027551210708
   483 -1.027551396517
   484 -1.027551581106
   485 -1.027551764487
   486 -1.027551946670
   487 -1.027552127666
   488 -1.027552307487
   489 -1.027552486142
   490 -1.027552663641
   491 -1.027552839996
   492 -1.027553015215
   493 -1.027553189308
   494 -1.027553362286
   495 -1.027553534157
   496 -1.027553704931
   497 -1.027553874617
   498 -1.027554043224
   499 -1.027554210762
   500 -1.027554377238
   501 -1.027554542661
   502 -1.027554707040
   503 -1.027554870384
   504 -1.027555032700
   505 -1.027555193997
   506 -1.027555354283
   507 -1.027555513565
   508 -1.027555671852
   509 -1.027555829151
   510 -1.027555985470
   511 -1.027556140816
   512 -1.027556295197
   513 -1.027556448619
   514 -1.027556601090
   515 -1.027556752618
   516 -1.027556903208
   517 -1.027557052868
   518 -1.027557201605
   519 -1.027557349426
   520 -1.027557496336
   521 -1.027557642343
   522 -1.027557787453
   523 -1.027557931672
   524 -1.027558075007
   525 -1.027558217463
   526 -1.027558359048
   527 -1.027558499766
   528 -1.027558639624
   529 -1.027558778628
   530 -1.027558916783
   531 -1.027559054096
   532 -1.027559190571
   533 -1.027559326215
   534 -1.027559461033
   535 -1.027559595030
   536 -1.027559728213
   537 -1.027559860586
   538 -1.027559992154
   539 -1.027560122922
   540 -1.027560252897
   541 -1.027560382083
   542 -1.027560510484
   543 -1.027560638106
   544 -1.027560764954
   545 -1.027560891033
   546 -1.027561016347
   547 -1.027561140902
   548 -1.027561264701
   549 -1.027561387750
   550 -1.027561510053
   551 -1.027561631614
   552 -1.027561752439
   553 -1.027561872531
   554 -1.027561991895
   555 -1.027562110536
   556 -1.027562228457
   557 -1.027562345663
   558 -1.027562462158
   559 -1.027562577946
   560 -1.027562693031
   561 -1.027562807418
   562 -1.027562921110
   563 -1.027563034112
   564 -1.027563146427
   565 -1.027563258059
   566 -1.027563369013
   567 -1.027563479292
   568 -1.027563588899
   569 -1.027563697839
   570 -1.027563806116
   571 -1.027563913732
   572 -1.027564020692
   573 -1.027564126999
   574 -1.027564232658
   575 -1.027564337670
   576 -1.027564442041
   577 -1.027564545773
   578 -1.027564648870
   579 -1.027564751336
   580 -1.027564853173
   581 -1.027564954385
   582 -1.027565054976
   583 -1.027565154949
   584 -1.027565254307
   585 -1.027565353053
   586 -1.027565451190
   587 -1.027565548723
   588 -1.027565645653
   589 -1.027565741984
   590 -1.027565837720
   591 -1.027565932863
   592 -1.027566027416
   593 -1.027566121383
   594 -1.027566214766
   595 -1.027566307569
   596 -1.027566399794
   597 -1.027566491445
   598 -1.027566582524
   599 -1.027566673034
   600 -1.027566762979
   601 -1.027566852360
   602 -1.027566941182
   603 -1.027567029446
   604 -1.027567117155
   605 -1.027567204313
   606 -1.027567290922
   607 -1.027567376985
   608 -1.027567462505
   609 -1.027567547484
   610 -1.027567631925
   611 -1.027567715830
   612 -1.027567799203
   613 -1.027567882046
   614 -1.027567964362
   615 -1.027568046153
   616 -1.027568127422
   617 -1.027568208171
   618 -1.027568288403
   619 -1.027568368121
   620 -1.027568447327
   621 -1.027568526023
   622 -1.027568604213
   623 -1.027568681899
   624 -1.027568759082
   625 -1.027568835766
   626 -1.027568911953
   627 -1.027568987646
   628 -1.027569062847
   629 -1.027569137558
   630 -1.027569211781
   631 -1.027569285520
   632 -1.027569358776
   633 -1.027569431553
   634 -1.027569503851
   635 -1.027569575674
   636 -1.027569647024
   637 -1.027569717903
   638 -1.027569788314
   639 -1.027569858259
   640 -1.027569927740
   641 -1.027569996759
   642 -1.027570065319
   643 -1.027570133422
   644 -1.027570201070
   645 -1.027570268265
   646 -1.027570335010
   647 -1.027570401307
   648 -1.027570467159
   649 -1.027570532566
   650 -1.027570597532
   651 -1.027570662059
   652 -1.027570726148
   653 -1.027570789803
   654 -1.027570853025
   655 -1.027570915816
   656 -1.027570978179
   657 -1.027571040115
   658 -1.027571101627
   659 -1.027571162717
   660 -1.027571223387
   661 -1.027571283639
   662 -1.027571343476
   663 -1.027571402898
   664 -1.027571461909
   665 -1.027571520511
   666 -1.027571578705
   667 -1.027571636493
   668 -1.027571693878
   669 -1.027571750862
   670 -1.027571807447
   671 -1.027571863634
   672 -1.027571919427
   673 -1.027571974826
   674 -1.027572029834
   675 -1.027572084452
   676 -1.027572138684
   677 -1.027572192530
   678 -1.027572245994
   679 -1.027572299076
   680 -1.027572351779
   681 -1.027572404105
   682 -1.027572456055
   683 -1.027572507632
   684 -1.027572558838
   685 -1.027572609675
   686 -1.027572660144
   687 -1.027572710248
   688 -1.027572759988
   689 -1.027572809367
   690 -1.027572858386
   691 -1.027572907047
   692 -1.027572955352
   693 -1.027573003303
   694 -1.027573050902
   695 -1.027573098152
   696 -1.027573145052
   697 -1.027573191607
   698 -1.027573237817
   699 -1.027573283684
   700 -1.027573329211
   701 -1.027573374399
   702 -1.027573419250
   703 -1.027573463765
   704 -1.027573507947
   705 -1.027573551798
   706 -1.027573595320
   707 -1.027573638513
   708 -1.027573681381
   709 -1.027573723924
   710 -1.027573766145
   711 -1.027573808046
   712 -1.027573849628
   713 -1.027573890893
   714 -1.027573931843
   715 -1.027573972480
   716 -1.027574012805
   717 -1.027574052821
   718 -1.027574092529
   719 -1.027574131930
   720 -1.027574171027
   721 -1.027574209822
   722 -1.027574248316
   723 -1.027574286511
   724 -1.027574324408
   725 -1.027574362010
   726 -1.027574399318
   727 -1.027574436334
   728 -1.027574473060
   729 -1.027574509497
   730 -1.027574545647
   731 -1.027574581512
   732 -1.027574617093
   733 -1.027574652393
   734 -1.027574687412
   735 -1.027574722153
   736 -1.027574756618
   737 -1.027574790808
   738 -1.027574824724
   739 -1.027574858368
   740 -1.027574891743
   741 -1.027574924849
   742 -1.027574957689
   743 -1.027574990263
   744 -1.027575022575
   745 -1.027575054624
   746 -1.027575086414
   747 -1.027575117945
   748 -1.027575149220
   749 -1.027575180239
   750 -1.027575211005
   751 -1.027575241518
   752 -1.027575271782
   753 -1.027575301797
   754 -1.027575331564
   755 -1.027575361086
   756 -1.027575390364
   757 -1.027575419400
   758 -1.027575448195
   759 -1.027575476751
   760 -1.027575505069
   761 -1.027575533151
   762 -1.027575560999
   763 -1.027575588613
   764 -1.027575615997
   765 -1.027575643150
   766 -1.027575670075
   767 -1.027575696773
   768 -1.027575723245
   769 -1.027575749494
   770 -1.027575775521
   771 -1.027575801326
   772 -1.027575826913
   773 -1.027575852282
   774 -1.027575877434
   775 -1.027575902371
   776 -1.027575927095
   777 -1.027575951607
   778 -1.027575975909
   779 -1.027576000002
   780 -1.027576023887
   781 -1.027576047566
   782 -1.027576071041
   783 -1.027576094312
   784 -1.027576117381
   785 -1.027576140250
   786 -1.027576162920
   787 -1.027576185393
   788 -1.027576207669
   789 -1.027576229751
   790 -1.027576251639
   791 -1.027576273336
   792 -1.027576294841
   793 -1.027576316158
   794 -1.027576337286
   795 -1.027576358229
   796 -1.027576378986
   797 -1.027576399559
   798 -1.027576419950
   799 -1.027576440159
   800 -1.027576460189
   801 -1.027576480040
   802 -1.027576499715
   803 -1.027576519213
   804 -1.027576538537
   805 -1.027576557687
   806 -1.027576576666
   807 -1.027576595474
   808 -1.027576614113
   809 -1.027576632583
   810 -1.027576650887
   811 -1.027576669025
   812 -1.027576686999
   813 -1.027576704810
   814 -1.027576722459
   815 -1.027576739947
   816 -1.027576757276
   817 -1.027576774447
   818 -1.027576791460
   819 -1.027576808319
   820 -1.027576825022
   821 -1.027576841572
   822 -1.027576857971
   823 -1.027576874218
   824 -1.027576890315
   825 -1.027576906264
   826 -1.027576922066
   827 -1.027576937721
   828 -1.027576953231
   829 -1.027576968597
   830 -1.027576983820
   831 -1.027576998902
   832 -1.027577013843
   833 -1.027577028644
   834 -1.027577043308
   835 -1.027577057834
   836 -1.027577072224
   837 -1.027577086479
   838 -1.027577100600
   839 -1.027577114588
   840 -1.027577128444
   841 -1.027577142170
   842 -1.027577155766
   843 -1.027577169233
   844 -1.027577182573
   845 -1.027577195786
   846 -1.027577208874
   847 -1.027577221838
   848 -1.027577234678
   849 -1.027577247396
   850 -1.027577259992
   851 -1.027577272469
   852 -1.027577284825
   853 -1.027577297064
   854 -1.027577309185
   855 -1.027577321190
   856 -1.027577333079
   857 -1.027577344854
   858 -1.027577356515
   859 -1.027577368064
   860 -1.027577379501
   861 -1.027577390828
   862 -1.027577402045
   863 -1.027577413154
   864 -1.027577424154
   865 -1.027577435048
   866 -1.027577445836
   867 -1.027577456518
   868 -1.027577467097
   869 -1.027577477572
   870 -1.027577487945
   871 -1.027577498216
   872 -1.027577508387
   873 -1.027577518458
   874 -1.027577528431
   875 -1.027577538305
   876 -1.027577548082
   877 -1.027577557763
   878 -1.027577567348
   879 -1.027577576839
   880 -1.027577586236
   881 -1.027577595540
   882 -1.027577604752
   883 -1.027577613872
   884 -1.027577622902
   885 -1.027577631843
   886 -1.027577640694
   887 -1.027577649457
   888 -1.027577658133
   889 -1.027577666723
   890 -1.027577675227
   891 -1.027577683645
   892 -1.027577691980
   893 -1.027577700231
   894 -1.027577708399
   895 -1.027577716485
   896 -1.027577724490
   897 -1.027577732415
   898 -1.027577740259
   899 -1.027577748025
   900 -1.027577755713
   901 -1.027577763322
   902 -1.027577770855
   903 -1.027577778312
   904 -1.027577785693
   905 -1.027577792999
   906 -1.027577800232
   907 -1.027577807391
   908 -1.027577814477
   909 -1.027577821491
   910 -1.027577828433
   911 -1.027577835305
   912 -1.027577842107
   913 -1.027577848839
   914 -1.027577855502
   915 -1.027577862098
   916 -1.027577868625
   917 -1.027577875086
   918 -1.027577881481
   919 -1.027577887810
   920 -1.027577894074
   921 -1.027577900273
   922 -1.027577906409
   923 -1.027577912481
   924 -1.027577918491
   925 -1.027577924439
   926 -1.027577930326
   927 -1.027577936151
   928 -1.027577941917
   929 -1.027577947622
   930 -1.027577953269
   931 -1.027577958857
   932 -1.027577964387
   933 -1.027577969859
   934 -1.027577975275
   935 -1.027577980634
   936 -1.027577985938
   937 -1.027577991186
   938 -1.027577996379
   939 -1.027578001518
   940 -1.027578006604
   941 -1.027578011636
   942 -1.027578016616
   943 -1.027578021544
   944 -1.027578026419
   945 -1.027578031244
   946 -1.027578036018
   947 -1.027578040742
   948 -1.027578045417
   949 -1.027578050042
   950 -1.027578054618
   951 -1.027578059147
   952 -1.027578063627
   953 -1.027578068061
   954 -1.027578072447
   955 -1.027578076787
   956 -1.027578081081
   957 -1.027578085330
   958 -1.027578089534
   959 -1.027578093693
   960 -1.027578097808
   961 -1.027578101880
   962 -1.027578105908
   963 -1.027578109893
   964 -1.027578113837
   965 -1.027578117738
   966 -1.027578121597
   967 -1.027578125416
   968 -1.027578129193
   969 -1.027578132931
   970 -1.027578136628
   971 -1.027578140286
   972 -1.027578143905
   973 -1.027578147485
   974 -1.027578151027
   975 -1.027578154531
   976 -1.027578157998
   977 -1.027578161427
   978 -1.027578164819
   979 -1.027578168175
   980 -1.027578171495
   981 -1.027578174779
   982 -1.027578178028
   983 -1.027578181242
   984 -1.027578184421
   985 -1.027578187566
   986 -1.027578190677
   987 -1.027578193755
   988 -1.027578196799
   989 -1.027578199810
   990 -1.027578202789
   991 -1.027578205736
   992 -1.027578208650
   993 -1.027578211533
   994 -1.027578214385
   995 -1.027578217206
   996 -1.027578219997
   997 -1.027578222757
   998 -1.027578225487
   999 -1.027578228187
  1000 -1.027578230858
