     1 -0.941347031872
     2 -0.983576656258
     3 -1.025229059365
     4 -1.034375780697
     5 -1.037169264652
     6 -1.038461495374
     7 -1.039074412543
     8 -1.039374808933
     9 -1.039529565643
    10 -1.039614918627
    11 -1.039666466391
    12 -1.039701180300
    13 -1.039727307334
    14 -1.039748898743
    15 -1.039767977794
    16 -1.039785538447
    17 -1.039802092263
    18 -1.039817887167
    19 -1.039833032695
    20 -1.039847589154
    21 -1.039861573114
    22 -1.039874975496
    23 -1.039887800884
    24 -1.039900028484
    25 -1.039911656438
    26 -1.039922678632
    27 -1.039933090551
    28 -1.039942898351
    29 -1.039952105700
    30 -1.039960725746
    31 -1.039968776683
    32 -1.039976267320
    33 -1.039983222227
    34 -1.039989671188
    35 -1.039995630039
    36 -1.040001129198
    37 -1.040006198728
    38 -1.040010859270
    39 -1.040015140028
    40 -1.040019064963
    41 -1.040022669911
    42 -1.040025964082
    43 -1.040028981001
    44 -1.040031740295
    45 -1.040034260534
    46 -1.040036567003
    47 -1.040038671934
    48 -1.040040594313
    49 -1.040042351894
    50 -1.040043957584
    51 -1.143273026072
    52 -1.025138959040
    53 -1.028922125351
    54 -1.033839487831
    55 -1.036251539505
    56 -1.037873008420
    57 -1.038752090240
    58 -1.039262270262
    59 -1.039558026418
    60 -1.039734442866
    61 -1.039842215230
    62 -1.039909838428
    63 -1.039953424313
    64 -1.039982282502
    65 -1.040001883462
    66 -1.040015529016
    67 -1.040025264291
    68 -1.040032363309
    69 -1.040037657048
    70 -1.040041681065
    71 -1.040044803551
    72 -1.040047265099
    73 -1.040049240808
    74 -1.040050853847
    75 -1.040052189610
    76 -1.040053302713
    77 -1.040054247532
    78 -1.040055058159
    79 -1.040055753878
    80 -1.040056359738
    81 -1.040056894573
    82 -1.040057362331
    83 -1.040057777848
    84 -1.040058148235
    85 -1.040058476403
    86 -1.040058773660
    87 -1.040059041264
    88 -1.040059282973
    89 -1.040059502031
    90 -1.040059701256
    91 -1.040059880073
    92 -1.040060046707
    93 -1.040060200019
    94 -1.040060335673
    95 -1.040060464197
    96 -1.040060580905
    97 -1.040060689992
    98 -1.040060789539
    99 -1.040060880517
   100 -1.040060966771
   101 -1.148243486124
   102 -1.020475733206
   103 -1.028449313186
   104 -1.033267396823
   105 -1.036369480106
   106 -1.037886880320
   107 -1.038769899821
   108 -1.039269784774
   109 -1.039562883940
   110 -1.039737705460
   111 -1.039844462618
   112 -1.039911281116
   113 -1.039954249811
   114 -1.039982664922
   115 -1.040002008258
   116 -1.040015546636
   117 -1.040025276599
   118 -1.040032436056
   119 -1.040037821528
   120 -1.040041955031
   121 -1.040045184770
   122 -1.040047736899
   123 -1.040049792356
   124 -1.040051460220
   125 -1.040052828978
   126 -1.040053967712
   127 -1.040054925013
   128 -1.040055729578
   129 -1.040056418004
   130 -1.040057005090
   131 -1.040057513479
   132 -1.040057955858
   133 -1.040058342025
   134 -1.040058682547
   135 -1.040058979989
   136 -1.040059250732
   137 -1.040059488541
   138 -1.040059698453
   139 -1.040059890727
   140 -1.040060065860
   141 -1.040060220828
   142 -1.040060367219
   143 -1.040060495199
   144 -1.040060612657
   145 -1.040060721207
   146 -1.040060822256
   147 -1.040060911084
   148 -1.040060997693
   149 -1.040061077088
   150 -1.040061147161
   151 -1.148771582079
   152 -1.031774354134
   153 -1.031099449458
   154 -1.032604203463
   155 -1.034749575314
   156 -1.036197712615
   157 -1.037403291975
   158 -1.038222464075
   159 -1.038799165508
   160 -1.039186506377
   161 -1.039449238229
   162 -1.039626927105
   163 -1.039748578966
   164 -1.039832928425
   165 -1.039892308392
   166 -1.039934713368
   167 -1.039965386035
   168 -1.039987821552
   169 -1.040004398294
   170 -1.040016765354
   171 -1.040026077413
   172 -1.040033158339
   173 -1.040038595308
   174 -1.040042807039
   175 -1.040046102726
   176 -1.040048702788
   177 -1.040050780078
   178 -1.040052454593
   179 -1.040053814574
   180 -1.040054928643
   181 -1.040055849982
   182 -1.040056616320
   183 -1.040057264694
   184 -1.040057814440
   185 -1.040058280961
   186 -1.040058679665
   187 -1.040059026599
   188 -1.040059326770
   189 -1.040059592864
   190 -1.040059824257
   191 -1.040060025489
   192 -1.040060206357
   193 -1.040060370013
   194 -1.040060513151
   195 -1.040060644041
   196 -1.040060761644
   197 -1.040060867643
   198 -1.040060966463
   199 -1.040061053432
   200 -1.040061129665
   201 -1.121085581509
   202 -1.017632091009
   203 -1.030828825503
   204 -1.033966811938
   205 -1.036000056487
   206 -1.037299605942
   207 -1.038109983938
   208 -1.038759299433
   209 -1.039208607376
   210 -1.039507536836
   211 -1.039694234207
   212 -1.039811384559
   213 -1.039886892064
   214 -1.039937141695
   215 -1.039971528224
   216 -1.039995614286
   217 -1.040012825033
   218 -1.040025329444
   219 -1.040034529714
   220 -1.040041384405
   221 -1.040046528616
   222 -1.040050425704
   223 -1.040053390985
   224 -1.040055655435
   225 -1.040057394747
   226 -1.040058728722
   227 -1.040059753891
   228 -1.040060545587
   229 -1.040061152322
   230 -1.040061621575
   231 -1.040061975166
   232 -1.040062244350
   233 -1.040062449440
   234 -1.040062595416
   235 -1.040062706069
   236 -1.040062785971
   237 -1.040062837601
   238 -1.040062867337
   239 -1.040062885862
   240 -1.040062891663
   241 -1.040062893601
   242 -1.040062883049
   243 -1.040062867664
   244 -1.040062849069
   245 -1.040062828559
   246 -1.040062807158
   247 -1.040062780007
   248 -1.040062759035
   249 -1.040062733403
   250 -1.040062709134
   251 -1.159751038994
   252 -1.025417983546
   253 -1.025589332698
   254 -1.032249524637
   255 -1.034992932599
   256 -1.037250354322
   257 -1.038385509603
   258 -1.039039354308
   259 -1.039416299081
   260 -1.039642493676
   261 -1.039780756525
   262 -1.039866924068
   263 -1.039921730481
   264 -1.039957412920
   265 -1.039981289698
   266 -1.039997750510
   267 -1.040009465043
   268 -1.040018076570
   269 -1.040024599246
   270 -1.040029689484
   271 -1.040033759411
   272 -1.040037094032
   273 -1.040039870362
   274 -1.040042222758
   275 -1.040044239294
   276 -1.040045990672
   277 -1.040047518156
   278 -1.040048866872
   279 -1.040050063170
   280 -1.040051127552
   281 -1.040052082827
   282 -1.040052934452
   283 -1.040053705428
   284 -1.040054396093
   285 -1.040055024946
   286 -1.040055595511
   287 -1.040056110107
   288 -1.040056582910
   289 -1.040057007732
   290 -1.040057400098
   291 -1.040057758781
   292 -1.040058085220
   293 -1.040058383497
   294 -1.040058657225
   295 -1.040058909618
   296 -1.040059143541
   297 -1.040059355411
   298 -1.040059553708
   299 -1.040059734383
   300 -1.040059905429
   301 -1.154549724918
   302 -1.024089774574
   303 -1.028740794824
   304 -1.034528204083
   305 -1.037096157202
   306 -1.038390025213
   307 -1.039094859495
   308 -1.039487375765
   309 -1.039711022797
   310 -1.039841526725
   311 -1.039919618535
   312 -1.039967622952
   313 -1.039997977861
   314 -1.040017710084
   315 -1.040030885629
   316 -1.040039906558
   317 -1.040046216054
   318 -1.040050707662
   319 -1.040053962541
   320 -1.040056341219
   321 -1.040058102510
   322 -1.040059411101
   323 -1.040060383994
   324 -1.040061112954
   325 -1.040061660748
   326 -1.040062065295
   327 -1.040062364062
   328 -1.040062579514
   329 -1.040062736671
   330 -1.040062841943
   331 -1.040062916674
   332 -1.040062958943
   333 -1.040062985293
   334 -1.040062992173
   335 -1.040062989392
   336 -1.040062978017
   337 -1.040062958790
   338 -1.040062937823
   339 -1.040062909827
   340 -1.040062880596
   341 -1.040062850211
   342 -1.040062824327
   343 -1.040062791598
   344 -1.040062763225
   345 -1.040062733420
   346 -1.040062702025
   347 -1.040062674548
   348 -1.040062650832
   349 -1.040062625027
   350 -1.040062596946
   351 -1.040062572099
   352 -1.040062550323
   353 -1.040062531467
   354 -1.040062509668
   355 -1.040062490478
   356 -1.040062473752
   357 -1.040062453632
   358 -1.040062441426
   359 -1.040062425569
   360 -1.040062411666
   361 -1.040062393864
   362 -1.040062383518
   363 -1.040062369062
   364 -1.040062356136
   365 -1.040062344648
   366 -1.040062334517
   367 -1.040062325667
   368 -1.040062318026
   369 -1.040062311528
   370 -1.040062300353
   371 -1.040062295929
   372 -1.040062286700
   373 -1.040062278355
   374 -1.040062270838
   375 -1.040062264100
   376 -1.040062260978
   377 -1.040062255681
   378 -1.040062251044
   379 -1.040062247026
   380 -1.040062243590
   381 -1.040062234939
   382 -1.040062232553
   383 -1.040062230646
   384 -1.040062223435
   385 -1.040062222410
   386 -1.040062221789
   387 -1.040062215790
   388 -1.040062215909
   389 -1.040062210598
   390 -1.040062211365
   391 -1.040062206666
   392 -1.040062202241
   393 -1.040062203837
   394 -1.040062199918
   395 -1.040062196230
   396 -1.040062198522
   397 -1.040062195259
   398 -1.040062192191
   399 -1.040062192184
   400 -1.040062189463
   401 -1.040062189787
   402 -1.040062187380
   403 -1.040062185114
   404 -1.040062188750
   405 -1.040062186751
   406 -1.040062184876
   407 -1.040062183108
   408 -1.040062181439
   409 -1.040062179864
   410 -1.040062181264
   411 -1.040062179871
   412 -1.040062178563
   413 -1.040062177330
   414 -1.040062176167
   415 -1.040062180843
   416 -1.040062179825
   417 -1.040062178875
   418 -1.040062177980
   419 -1.040062177134
   420 -1.040062176334
   421 -1.040062175578
   422 -1.040062174866
   423 -1.040062174193
   424 -1.040062173559
   425 -1.040062172962
   426 -1.040062172398
   427 -1.040062171868
   428 -1.040062171368
   429 -1.040062170898
   430 -1.040062170455
   431 -1.040062172924
   432 -1.040062172540
   433 -1.040062172182
   434 -1.040062171845
   435 -1.040062171527
   436 -1.040062171226
   437 -1.040062170941
   438 -1.040062170673
   439 -1.040062170419
   440 -1.040062170180
   441 -1.040062169955
   442 -1.040062169743
   443 -1.040062169543
   444 -1.040062169354
   445 -1.040062169177
   446 -1.040062169010
   447 -1.040062168852
   448 -1.040062168704
   449 -1.040062168565
   450 -1.040062168433
   451 -1.040062168310
   452 -1.040062168193
   453 -1.040062168084
   454 -1.040062167981
   455 -1.040062167884
   456 -1.040062167792
   457 -1.040062167706
   458 -1.040062167625
   459 -1.040062167549
   460 -1.040062170364
   461 -1.040062170305
   462 -1.040062170254
   463 -1.040062170205
   464 -1.040062170158
   465 -1.040062170113
   466 -1.040062170069
   467 -1.040062170027
   468 -1.040062169986
   469 -1.040062169948
   470 -1.040062169911
   471 -1.040062169877
   472 -1.040062169844
   473 -1.040062169813
   474 -1.040062169783
   475 -1.040062169756
   476 -1.040062169729
   477 -1.040062169705
   478 -1.040062169682
   479 -1.040062169660
   480 -1.040062169639
   481 -1.040062169619
   482 -1.040062169601
   483 -1.040062169584
   484 -1.040062169568
   485 -1.040062169552
   486 -1.040062169538
   487 -1.040062169524
   488 -1.040062169511
   489 -1.040062169499
   490 -1.040062169488
   491 -1.040062169477
   492 -1.040062169467
   493 -1.040062169458
   494 -1.040062169449
   495 -1.040062169441
   496 -1.040062169433
   497 -1.040062169425
   498 -1.040062169418
   499 -1.040062169412
   500 -1.040062169406
   501 -1.040062169400
   502 -1.040062169394
   503 -1.040062169389
   504 -1.040062169384
   505 -1.040062169380
   506 -1.040062169375
   507 -1.040062169371
   508 -1.040062169368
   509 -1.040062169364
   510 -1.040062169361
   511 -1.040062169357
   512 -1.040062169354
   513 -1.040062169352
   514 -1.040062169349
   515 -1.040062169346
   516 -1.040062169344
   517 -1.040062169342
   518 -1.040062169340
   519 -1.040062169338
   520 -1.040062169336
   521 -1.040062169334
   522 -1.040062169333
   523 -1.040062169331
   524 -1.040062169330
   525 -1.040062169328
   526 -1.040062169327
   527 -1.040062169326
   528 -1.040062169325
   529 -1.040062169324
   530 -1.040062169323
   531 -1.040062169322
   532 -1.040062169321
   533 -1.040062169320
   534 -1.040062169319
   535 -1.040062169318
   536 -1.040062169318
   537 -1.040062169317
   538 -1.040062169316
   539 -1.040062169316
   540 -1.040062169315
   541 -1.040062169315
   542 -1.040062169314
   543 -1.040062169314
   544 -1.040062169313
   545 -1.040062169313
   546 -1.040062169313
   547 -1.040062169312
   548 -1.040062169312
   549 -1.040062169312
   550 -1.040062169311
   551 -1.040062169311
   552 -1.040062169311
   553 -1.040062169311
   554 -1.040062169310
   555 -1.040062169310
   556 -1.040062169310
   557 -1.040062169310
   558 -1.040062169310
   559 -1.040062169309
   560 -1.040062169309
   561 -1.040062169309
   562 -1.040062169309
   563 -1.040062169309
   564 -1.040062169309
   565 -1.040062169309
   566 -1.040062169308
   567 -1.040062169308
   568 -1.040062169308
   569 -1.040062169308
   570 -1.040062169308
   571 -1.040062169308
   572 -1.040062169308
   573 -1.040062169308
   574 -1.040062169308
   575 -1.040062169308
   576 -1.040062169308
   577 -1.040062169308
   578 -1.040062169307
   579 -1.040062169307
   580 -1.040062169307
   581 -1.040062169307
   582 -1.040062169307
   583 -1.040062169307
   584 -1.040062169307
   585 -1.040062169307
   586 -1.040062169307
   587 -1.040062169307
   588 -1.040062169307
   589 -1.040062169307
   590 -1.040062169307
   591 -1.040062169307
   592 -1.040062169307
   593 -1.040062169307
   594 -1.040062169307
   595 -1.040062169307
   596 -1.040062169307
   597 -1.040062169307
   598 -1.040062169307
   599 -1.040062169307
   600 -1.040062169307
   601 -1.040062169307
   602 -1.040062169307
   603 -1.040062169307
   604 -1.040062169307
   605 -1.040062169307
   606 -1.040062169307
   607 -1.040062169307
   608 -1.040062169307
   609 -1.040062169307
   610 -1.040062169307
   611 -1.040062169307
   612 -1.040062169307
   613 -1.040062169307
   614 -1.040062169307
   615 -1.040062169307
   616 -1.040062169307
   617 -1.040062169307
   618 -1.040062169307
   619 -1.040062169307
   620 -1.040062169307
   621 -1.040062169307
   622 -1.040062169307
   623 -1.040062169307
   624 -1.040062169307
   625 -1.040062169307
   626 -1.040062169307
   627 -1.040062169307
   628 -1.040062169307
   629 -1.040062169307
   630 -1.040062169307
   631 -1.040062169307
   632 -1.040062169307
   633 -1.040062169307
   634 -1.040062169307
   635 -1.040062169307
   636 -1.040062169307
   637 -1.040062169307
   638 -1.040062169307
   639 -1.040062169307
   640 -1.040062169307
   641 -1.040062169307
   642 -1.040062169307
   643 -1.040062169307
   644 -1.040062169307
   645 -1.040062169307
   646 -1.040062169307
   647 -1.040062169307
   648 -1.040062169307
   649 -1.040062169307
   650 -1.040062169307
   651 -1.040062169307
   652 -1.040062169307
   653 -1.040062169307
   654 -1.040062169307
   655 -1.040062169307
   656 -1.040062169307
   657 -1.040062169307
   658 -1.040062169307
   659 -1.040062169307
   660 -1.040062169307
   661 -1.040062169307
   662 -1.040062169307
   663 -1.040062169307
   664 -1.040062169307
   665 -1.040062169307
   666 -1.040062169307
   667 -1.040062169307
   668 -1.040062169307
   669 -1.040062169307
   670 -1.040062169307
   671 -1.040062169307
   672 -1.040062169307
   673 -1.040062169307
   674 -1.040062169307
   675 -1.040062169307
   676 -1.040062169307
   677 -1.040062169307
   678 -1.040062169307
   679 -1.040062169307
   680 -1.040062169307
   681 -1.040062169307
   682 -1.040062169307
   683 -1.040062169307
   684 -1.040062169307
   685 -1.040062169307
   686 -1.040062169307
   687 -1.040062169307
   688 -1.040062169307
   689 -1.040062169307
   690 -1.040062169307
   691 -1.040062169307
   692 -1.040062169307
   693 -1.040062169307
   694 -1.040062169307
   695 -1.040062169307
   696 -1.040062169307
   697 -1.040062169307
   698 -1.040062169307
   699 -1.040062169307
   700 -1.040062169307
   701 -1.040062169307
   702 -1.040062169307
   703 -1.040062169307
   704 -1.040062169307
   705 -1.040062169307
   706 -1.040062169307
   707 -1.040062169307
   708 -1.040062169307
   709 -1.040062169307
   710 -1.040062169307
   711 -1.040062169307
   712 -1.040062169307
   713 -1.040062169307
   714 -1.040062169307
   715 -1.040062169307
   716 -1.040062169307
   717 -1.040062169307
   718 -1.040062169307
   719 -1.040062169307
   720 -1.040062169307
   721 -1.040062169307
   722 -1.040062169307
   723 -1.040062169307
   724 -1.040062169307
   725 -1.040062169307
   726 -1.040062169307
   727 -1.040062169307
   728 -1.040062169307
   729 -1.040062169307
   730 -1.040062169307
   731 -1.040062169307
   732 -1.040062169307
   733 -1.040062169307
   734 -1.040062169307
   735 -1.040062169307
   736 -1.040062169307
   737 -1.040062169307
   738 -1.040062169307
   739 -1.040062169307
   740 -1.040062169307
   741 -1.040062169307
   742 -1.040062169307
   743 -1.040062169307
   744 -1.040062169307
   745 -1.040062169307
   746 -1.040062169307
   747 -1.040062169307
   748 -1.040062169307
   749 -1.040062169307
   750 -1.040062169307
   751 -1.040062169307
   752 -1.040062169307
   753 -1.040062169307
   754 -1.040062169307
   755 -1.040062169307
   756 -1.040062169307
   757 -1.040062169307
   758 -1.040062169307
   759 -1.040062169307
   760 -1.040062169307
   761 -1.040062169307
   762 -1.040062169307
   763 -1.040062169307
   764 -1.040062169307
   765 -1.040062169307
   766 -1.040062169307
   767 -1.040062169307
   768 -1.040062169307
   769 -1.040062169307
   770 -1.040062169307
   771 -1.040062169307
   772 -1.040062169307
   773 -1.040062169307
   774 -1.040062169307
   775 -1.040062169307
   776 -1.040062169307
   777 -1.040062169307
   778 -1.040062169307
   779 -1.040062169307
   780 -1.040062169307
   781 -1.040062169307
   782 -1.040062169307
   783 -1.040062169307
   784 -1.040062169307
   785 -1.040062169307
   786 -1.040062169307
   787 -1.040062169307
   788 -1.040062169307
   789 -1.040062169307
   790 -1.040062169307
   791 -1.040062169307
   792 -1.040062169307
   793 -1.040062169307
   794 -1.040062169307
   795 -1.040062169307
   796 -1.040062169307
   797 -1.040062169307
   798 -1.040062169307
   799 -1.040062169307
   800 -1.040062169307
   801 -1.040062169307
   802 -1.040062169307
   803 -1.040062169307
   804 -1.040062169307
   805 -1.040062169307
   806 -1.040062169307
   807 -1.040062169307
   808 -1.040062169307
   809 -1.040062169307
   810 -1.040062169307
   811 -1.040062169307
   812 -1.040062169307
   813 -1.040062169307
   814 -1.040062169307
   815 -1.040062169307
   816 -1.040062169307
   817 -1.040062169307
   818 -1.040062169307
   819 -1.040062169307
   820 -1.040062169307
   821 -1.040062169307
   822 -1.040062169307
   823 -1.040062169307
   824 -1.040062169307
   825 -1.040062169307
   826 -1.040062169307
   827 -1.040062169307
   828 -1.040062169307
   829 -1.040062169307
   830 -1.040062169307
   831 -1.040062169307
   832 -1.040062169307
   833 -1.040062169307
   834 -1.040062169307
   835 -1.040062169307
   836 -1.040062169307
   837 -1.040062169307
   838 -1.040062169307
   839 -1.040062169307
   840 -1.040062169307
   841 -1.040062169307
   842 -1.040062169307
   843 -1.040062169307
   844 -1.040062169307
   845 -1.040062169307
   846 -1.040062169307
   847 -1.040062169307
   848 -1.040062169307
   849 -1.040062169307
   850 -1.040062169307
   851 -1.040062169307
   852 -1.040062169307
   853 -1.040062169307
   854 -1.040062169307
   855 -1.040062169307
   856 -1.040062169307
   857 -1.040062169307
   858 -1.040062169307
   859 -1.040062169307
   860 -1.040062169307
   861 -1.040062169307
   862 -1.040062169307
   863 -1.040062169307
   864 -1.040062169307
   865 -1.040062169307
   866 -1.040062169307
   867 -1.040062169307
   868 -1.040062169307
   869 -1.040062169307
   870 -1.040062169307
   871 -1.040062169307
   872 -1.040062169307
   873 -1.040062169307
   874 -1.040062169307
   875 -1.040062169307
   876 -1.040062169307
   877 -1.040062169307
   878 -1.040062169307
   879 -1.040062169307
   880 -1.040062169307
   881 -1.040062169307
   882 -1.040062169307
   883 -1.040062169307
   884 -1.040062169307
   885 -1.040062169307
   886 -1.040062169307
   887 -1.040062169307
   888 -1.040062169307
   889 -1.040062169307
   890 -1.040062169307
   891 -1.040062169307
   892 -1.040062169307
   893 -1.040062169307
   894 -1.040062169307
   895 -1.040062169307
   896 -1.040062169307
   897 -1.040062169307
   898 -1.040062169307
   899 -1.040062169307
   900 -1.040062169307
   901 -1.040062169307
   902 -1.040062169307
   903 -1.040062169307
   904 -1.040062169307
   905 -1.040062169307
   906 -1.040062169307
   907 -1.040062169307
   908 -1.040062169307
   909 -1.040062169307
   910 -1.040062169307
   911 -1.040062169307
   912 -1.040062169307
   913 -1.040062169307
   914 -1.040062169307
   915 -1.040062169307
   916 -1.040062169307
   917 -1.040062169307
   918 -1.040062169307
   919 -1.040062169307
   920 -1.040062169307
   921 -1.040062169307
   922 -1.040062169307
   923 -1.040062169307
   924 -1.040062169307
   925 -1.040062169307
   926 -1.040062169307
   927 -1.040062169307
   928 -1.040062169307
   929 -1.040062169307
   930 -1.040062169307
   931 -1.040062169307
   932 -1.040062169307
   933 -1.040062169307
   934 -1.040062169307
   935 -1.040062169307
   936 -1.040062169307
   937 -1.040062169307
   938 -1.040062169307
   939 -1.040062169307
   940 -1.040062169307
   941 -1.040062169307
   942 -1.040062169307
   943 -1.040062169307
   944 -1.040062169307
   945 -1.040062169307
   946 -1.040062169307
   947 -1.040062169307
   948 -1.040062169307
   949 -1.040062169307
   950 -1.040062169307
   951 -1.040062169307
   952 -1.040062169307
   953 -1.040062169307
   954 -1.040062169307
   955 -1.040062169307
   956 -1.040062169307
   957 -1.040062169307
   958 -1.040062169307
   959 -1.040062169307
   960 -1.040062169307
   961 -1.040062169307
   962 -1.040062169307
   963 -1.040062169307
   964 -1.040062169307
   965 -1.040062169307
   966 -1.040062169307
   967 -1.040062169307
   968 -1.040062169307
   969 -1.040062169307
   970 -1.040062169307
   971 -1.040062169307
   972 -1.040062169307
   973 -1.040062169307
   974 -1.040062169307
   975 -1.040062169307
   976 -1.040062169307
   977 -1.040062169307
   978 -1.040062169307
   979 -1.040062169307
   980 -1.040062169307
   981 -1.040062169307
   982 -1.040062169307
   983 -1.040062169307
   984 -1.040062169307
   985 -1.040062169307
   986 -1.040062169307
   987 -1.040062169307
   988 -1.040062169307
   989 -1.040062169307
   990 -1.040062169307
   991 -1.040062169307
   992 -1.040062169307
   993 -1.040062169307
   994 -1.040062169307
   995 -1.040062169307
   996 -1.040062169307
   997 -1.040062169307
   998 -1.040062169307
   999 -1.040062169307
  1000 -1.040062169307
  1001 -1.040062169307
  1002 -1.040062169307
  1003 -1.040062169307
  1004 -1.040062169307
  1005 -1.040062169307
  1006 -1.040062169307
  1007 -1.040062169307
  1008 -1.040062169307
  1009 -1.040062169307
  1010 -1.040062169307
  1011 -1.040062169307
  1012 -1.040062169307
  1013 -1.040062169307
  1014 -1.040062169307
  1015 -1.040062169307
  1016 -1.040062169307
  1017 -1.040062169307
  1018 -1.040062169307
  1019 -1.040062169307
  1020 -1.040062169307
  1021 -1.040062169307
  1022 -1.040062169307
  1023 -1.040062169307
  1024 -1.040062169307
  1025 -1.040062169307
  1026 -1.040062169307
  1027 -1.040062169307
  1028 -1.040062169307
  1029 -1.040062169307
  1030 -1.040062169307
  1031 -1.040062169307
  1032 -1.040062169307
  1033 -1.040062169307
  1034 -1.040062169307
  1035 -1.040062169307
  1036 -1.040062169307
  1037 -1.040062169307
  1038 -1.040062169307
  1039 -1.040062169307
  1040 -1.040062169307
  1041 -1.040062169307
  1042 -1.040062169307
  1043 -1.040062169307
  1044 -1.040062169307
  1045 -1.040062169307
  1046 -1.040062169307
  1047 -1.040062169307
  1048 -1.040062169307
  1049 -1.040062169307
  1050 -1.040062169307
  1051 -1.040062169307
  1052 -1.040062169307
  1053 -1.040062169307
  1054 -1.040062169307
  1055 -1.040062169307
  1056 -1.040062169307
  1057 -1.040062169307
  1058 -1.040062169307
  1059 -1.040062169307
  1060 -1.040062169307
  1061 -1.040062169307
  1062 -1.040062169307
  1063 -1.040062169307
  1064 -1.040062169307
  1065 -1.040062169307
  1066 -1.040062169307
  1067 -1.040062169307
  1068 -1.040062169307
  1069 -1.040062169307
  1070 -1.040062169307
  1071 -1.040062169307
  1072 -1.040062169307
  1073 -1.040062169307
  1074 -1.040062169307
  1075 -1.040062169307
  1076 -1.040062169307
  1077 -1.040062169307
  1078 -1.040062169307
  1079 -1.040062169307
  1080 -1.040062169307
  1081 -1.040062169307
  1082 -1.040062169307
  1083 -1.040062169307
  1084 -1.040062169307
  1085 -1.040062169307
  1086 -1.040062169307
  1087 -1.040062169307
  1088 -1.040062169307
  1089 -1.040062169307
  1090 -1.040062169307
  1091 -1.040062169307
  1092 -1.040062169307
  1093 -1.040062169307
  1094 -1.040062169307
  1095 -1.040062169307
  1096 -1.040062169307
  1097 -1.040062169307
  1098 -1.040062169307
  1099 -1.040062169307
  1100 -1.040062169307
  1101 -1.040062169307
  1102 -1.040062169307
  1103 -1.040062169307
  1104 -1.040062169307
  1105 -1.040062169307
  1106 -1.040062169307
  1107 -1.040062169307
  1108 -1.040062169307
  1109 -1.040062169307
  1110 -1.040062169307
  1111 -1.040062169307
  1112 -1.040062169307
  1113 -1.040062169307
  1114 -1.040062169307
  1115 -1.040062169307
  1116 -1.040062169307
  1117 -1.040062169307
  1118 -1.040062169307
  1119 -1.040062169307
  1120 -1.040062169307
  1121 -1.040062169307
  1122 -1.040062169307
  1123 -1.040062169307
  1124 -1.040062169307
  1125 -1.040062169307
  1126 -1.040062169307
  1127 -1.040062169307
  1128 -1.040062169307
  1129 -1.040062169307
  1130 -1.040062169307
  1131 -1.040062169307
  1132 -1.040062169307
  1133 -1.040062169307
  1134 -1.040062169307
  1135 -1.040062169307
  1136 -1.040062169307
  1137 -1.040062169307
  1138 -1.040062169307
  1139 -1.040062169307
  1140 -1.040062169307
  1141 -1.040062169307
  1142 -1.040062169307
  1143 -1.040062169307
  1144 -1.040062169307
  1145 -1.040062169307
  1146 -1.040062169307
  1147 -1.040062169307
  1148 -1.040062169307
  1149 -1.040062169307
  1150 -1.040062169307
  1151 -1.040062169307
  1152 -1.040062169307
  1153 -1.040062169307
  1154 -1.040062169307
  1155 -1.040062169307
  1156 -1.040062169307
  1157 -1.040062169307
  1158 -1.040062169307
  1159 -1.040062169307
  1160 -1.040062169307
  1161 -1.040062169307
  1162 -1.040062169307
  1163 -1.040062169307
  1164 -1.040062169307
  1165 -1.040062169307
  1166 -1.040062169307
  1167 -1.040062169307
  1168 -1.040062169307
  1169 -1.040062169307
  1170 -1.040062169307
  1171 -1.040062169307
  1172 -1.040062169307
  1173 -1.040062169307
  1174 -1.040062169307
  1175 -1.040062169307
  1176 -1.040062169307
  1177 -1.040062169307
  1178 -1.040062169307
  1179 -1.040062169307
  1180 -1.040062169307
  1181 -1.040062169307
  1182 -1.040062169307
  1183 -1.040062169307
  1184 -1.040062169307
  1185 -1.040062169307
  1186 -1.040062169307
  1187 -1.040062169307
  1188 -1.040062169307
  1189 -1.040062169307
  1190 -1.040062169307
  1191 -1.040062169307
  1192 -1.040062169307
  1193 -1.040062169307
  1194 -1.040062169307
  1195 -1.040062169307
  1196 -1.040062169307
  1197 -1.040062169307
  1198 -1.040062169307
  1199 -1.040062169307
  1200 -1.040062169307
  1201 -1.040062169307
  1202 -1.040062169307
  1203 -1.040062169307
  1204 -1.040062169307
  1205 -1.040062169307
  1206 -1.040062169307
  1207 -1.040062169307
  1208 -1.040062169307
  1209 -1.040062169307
  1210 -1.040062169307
  1211 -1.040062169307
  1212 -1.040062169307
  1213 -1.040062169307
  1214 -1.040062169307
  1215 -1.040062169307
  1216 -1.040062169307
  1217 -1.040062169307
  1218 -1.040062169307
  1219 -1.040062169307
  1220 -1.040062169307
  1221 -1.040062169307
  1222 -1.040062169307
  1223 -1.040062169307
  1224 -1.040062169307
  1225 -1.040062169307
  1226 -1.040062169307
  1227 -1.040062169307
  1228 -1.040062169307
  1229 -1.040062169307
  1230 -1.040062169307
  1231 -1.040062169307
  1232 -1.040062169307
  1233 -1.040062169307
  1234 -1.040062169307
  1235 -1.040062169307
  1236 -1.040062169307
  1237 -1.040062169307
  1238 -1.040062169307
  1239 -1.040062169307
  1240 -1.040062169307
  1241 -1.040062169307
  1242 -1.040062169307
  1243 -1.040062169307
  1244 -1.040062169307
  1245 -1.040062169307
  1246 -1.040062169307
  1247 -1.040062169307
  1248 -1.040062169307
  1249 -1.040062169307
  1250 -1.040062169307
  1251 -1.040062169307
  1252 -1.040062169307
  1253 -1.040062169307
  1254 -1.040062169307
  1255 -1.040062169307
  1256 -1.040062169307
  1257 -1.040062169307
  1258 -1.040062169307
  1259 -1.040062169307
  1260 -1.040062169307
  1261 -1.040062169307
  1262 -1.040062169307
  1263 -1.040062169307
  1264 -1.040062169307
  1265 -1.040062169307
  1266 -1.040062169307
  1267 -1.040062169307
  1268 -1.040062169307
  1269 -1.040062169307
  1270 -1.040062169307
  1271 -1.040062169307
  1272 -1.040062169307
  1273 -1.040062169307
  1274 -1.040062169307
  1275 -1.040062169307
  1276 -1.040062169307
  1277 -1.040062169307
  1278 -1.040062169307
  1279 -1.040062169307
  1280 -1.040062169307
  1281 -1.040062169307
  1282 -1.040062169307
  1283 -1.040062169307
  1284 -1.040062169307
  1285 -1.040062169307
  1286 -1.040062169307
  1287 -1.040062169307
  1288 -1.040062169307
  1289 -1.040062169307
  1290 -1.040062169307
  1291 -1.040062169307
  1292 -1.040062169307
  1293 -1.040062169307
  1294 -1.040062169307
  1295 -1.040062169307
  1296 -1.040062169307
  1297 -1.040062169307
  1298 -1.040062169307
  1299 -1.040062169307
  1300 -1.040062169307
  1301 -1.040062169307
  1302 -1.040062169307
  1303 -1.040062169307
  1304 -1.040062169307
  1305 -1.040062169307
  1306 -1.040062169307
  1307 -1.040062169307
  1308 -1.040062169307
  1309 -1.040062169307
  1310 -1.040062169307
  1311 -1.040062169307
  1312 -1.040062169307
  1313 -1.040062169307
  1314 -1.040062169307
  1315 -1.040062169307
  1316 -1.040062169307
  1317 -1.040062169307
  1318 -1.040062169307
  1319 -1.040062169307
  1320 -1.040062169307
  1321 -1.040062169307
  1322 -1.040062169307
  1323 -1.040062169307
  1324 -1.040062169307
  1325 -1.040062169307
  1326 -1.040062169307
  1327 -1.040062169307
  1328 -1.040062169307
  1329 -1.040062169307
  1330 -1.040062169307
  1331 -1.040062169307
  1332 -1.040062169307
  1333 -1.040062169307
  1334 -1.040062169307
  1335 -1.040062169307
  1336 -1.040062169307
  1337 -1.040062169307
  1338 -1.040062169307
  1339 -1.040062169307
  1340 -1.040062169307
  1341 -1.040062169307
  1342 -1.040062169307
  1343 -1.040062169307
  1344 -1.040062169307
  1345 -1.040062169307
  1346 -1.040062169307
  1347 -1.040062169307
  1348 -1.040062169307
  1349 -1.040062169307
  1350 -1.040062169307
  1351 -1.040062169307
  1352 -1.040062169307
  1353 -1.040062169307
  1354 -1.040062169307
  1355 -1.040062169307
  1356 -1.040062169307
  1357 -1.040062169307
  1358 -1.040062169307
  1359 -1.040062169307
  1360 -1.040062169307
  1361 -1.040062169307
  1362 -1.040062169307
  1363 -1.040062169307
  1364 -1.040062169307
  1365 -1.040062169307
  1366 -1.040062169307
  1367 -1.040062169307
  1368 -1.040062169307
  1369 -1.040062169307
  1370 -1.040062169307
  1371 -1.040062169307
  1372 -1.040062169307
  1373 -1.040062169307
  1374 -1.040062169307
  1375 -1.040062169307
  1376 -1.040062169307
  1377 -1.040062169307
  1378 -1.040062169307
  1379 -1.040062169307
  1380 -1.040062169307
  1381 -1.040062169307
  1382 -1.040062169307
  1383 -1.040062169307
  1384 -1.040062169307
  1385 -1.040062169307
  1386 -1.040062169307
  1387 -1.040062169307
  1388 -1.040062169307
  1389 -1.040062169307
  1390 -1.040062169307
  1391 -1.040062169307
  1392 -1.040062169307
  1393 -1.040062169307
  1394 -1.040062169307
  1395 -1.040062169307
  1396 -1.040062169307
  1397 -1.040062169307
  1398 -1.040062169307
  1399 -1.040062169307
  1400 -1.040062169307
  1401 -1.040062169307
  1402 -1.040062169307
  1403 -1.040062169307
  1404 -1.040062169307
  1405 -1.040062169307
  1406 -1.040062169307
  1407 -1.040062169307
  1408 -1.040062169307
  1409 -1.040062169307
  1410 -1.040062169307
  1411 -1.040062169307
  1412 -1.040062169307
  1413 -1.040062169307
  1414 -1.040062169307
  1415 -1.040062169307
  1416 -1.040062169307
  1417 -1.040062169307
  1418 -1.040062169307
  1419 -1.040062169307
  1420 -1.040062169307
  1421 -1.040062169307
  1422 -1.040062169307
  1423 -1.040062169307
  1424 -1.040062169307
  1425 -1.040062169307
  1426 -1.040062169307
  1427 -1.040062169307
  1428 -1.040062169307
  1429 -1.040062169307
  1430 -1.040062169307
  1431 -1.040062169307
  1432 -1.040062169307
  1433 -1.040062169307
  1434 -1.040062169307
  1435 -1.040062169307
  1436 -1.040062169307
  1437 -1.040062169307
  1438 -1.040062169307
  1439 -1.040062169307
  1440 -1.040062169307
  1441 -1.040062169307
  1442 -1.040062169307
  1443 -1.040062169307
  1444 -1.040062169307
  1445 -1.040062169307
  1446 -1.040062169307
  1447 -1.040062169307
  1448 -1.040062169307
  1449 -1.040062169307
  1450 -1.040062169307
  1451 -1.040062169307
  1452 -1.040062169307
  1453 -1.040062169307
  1454 -1.040062169307
  1455 -1.040062169307
  1456 -1.040062169307
  1457 -1.040062169307
  1458 -1.040062169307
  1459 -1.040062169307
  1460 -1.040062169307
  1461 -1.040062169307
  1462 -1.040062169307
  1463 -1.040062169307
  1464 -1.040062169307
  1465 -1.040062169307
  1466 -1.040062169307
  1467 -1.040062169307
  1468 -1.040062169307
  1469 -1.040062169307
  1470 -1.040062169307
  1471 -1.040062169307
  1472 -1.040062169307
  1473 -1.040062169307
  1474 -1.040062169307
  1475 -1.040062169307
  1476 -1.040062169307
  1477 -1.040062169307
  1478 -1.040062169307
  1479 -1.040062169307
  1480 -1.040062169307
  1481 -1.040062169307
  1482 -1.040062169307
  1483 -1.040062169307
  1484 -1.040062169307
  1485 -1.040062169307
  1486 -1.040062169307
  1487 -1.040062169307
  1488 -1.040062169307
  1489 -1.040062169307
  1490 -1.040062169307
  1491 -1.040062169307
  1492 -1.040062169307
  1493 -1.040062169307
  1494 -1.040062169307
  1495 -1.040062169307
  1496 -1.040062169307
  1497 -1.040062169307
  1498 -1.040062169307
  1499 -1.040062169307
  1500 -1.040062169307
  1501 -1.040062169307
  1502 -1.040062169307
  1503 -1.040062169307
  1504 -1.040062169307
  1505 -1.040062169307
  1506 -1.040062169307
  1507 -1.040062169307
  1508 -1.040062169307
  1509 -1.040062169307
  1510 -1.040062169307
  1511 -1.040062169307
  1512 -1.040062169307
  1513 -1.040062169307
  1514 -1.040062169307
  1515 -1.040062169307
  1516 -1.040062169307
  1517 -1.040062169307
  1518 -1.040062169307
  1519 -1.040062169307
  1520 -1.040062169307
  1521 -1.040062169307
  1522 -1.040062169307
  1523 -1.040062169307
  1524 -1.040062169307
  1525 -1.040062169307
  1526 -1.040062169307
  1527 -1.040062169307
  1528 -1.040062169307
  1529 -1.040062169307
  1530 -1.040062169307
  1531 -1.040062169307
  1532 -1.040062169307
  1533 -1.040062169307
  1534 -1.040062169307
  1535 -1.040062169307
  1536 -1.040062169307
  1537 -1.040062169307
  1538 -1.040062169307
  1539 -1.040062169307
  1540 -1.040062169307
  1541 -1.040062169307
  1542 -1.040062169307
  1543 -1.040062169307
  1544 -1.040062169307
  1545 -1.040062169307
  1546 -1.040062169307
  1547 -1.040062169307
  1548 -1.040062169307
  1549 -1.040062169307
  1550 -1.040062169307
  1551 -1.040062169307
  1552 -1.040062169307
  1553 -1.040062169307
  1554 -1.040062169307
  1555 -1.040062169307
  1556 -1.040062169307
  1557 -1.040062169307
  1558 -1.040062169307
  1559 -1.040062169307
  1560 -1.040062169307
  1561 -1.040062169307
  1562 -1.040062169307
  1563 -1.040062169307
  1564 -1.040062169307
  1565 -1.040062169307
  1566 -1.040062169307
  1567 -1.040062169307
  1568 -1.040062169307
  1569 -1.040062169307
  1570 -1.040062169307
  1571 -1.040062169307
  1572 -1.040062169307
  1573 -1.040062169307
  1574 -1.040062169307
  1575 -1.040062169307
  1576 -1.040062169307
  1577 -1.040062169307
  1578 -1.040062169307
  1579 -1.040062169307
  1580 -1.040062169307
  1581 -1.040062169307
  1582 -1.040062169307
  1583 -1.040062169307
  1584 -1.040062169307
  1585 -1.040062169307
  1586 -1.040062169307
  1587 -1.040062169307
  1588 -1.040062169307
  1589 -1.040062169307
  1590 -1.040062169307
  1591 -1.040062169307
  1592 -1.040062169307
  1593 -1.040062169307
  1594 -1.040062169307
  1595 -1.040062169307
  1596 -1.040062169307
  1597 -1.040062169307
  1598 -1.040062169307
  1599 -1.040062169307
  1600 -1.040062169307
  1601 -1.040062169307
  1602 -1.040062169307
  1603 -1.040062169307
  1604 -1.040062169307
  1605 -1.040062169307
  1606 -1.040062169307
  1607 -1.040062169307
  1608 -1.040062169307
  1609 -1.040062169307
  1610 -1.040062169307
  1611 -1.040062169307
  1612 -1.040062169307
  1613 -1.040062169307
  1614 -1.040062169307
  1615 -1.040062169307
  1616 -1.040062169307
  1617 -1.040062169307
  1618 -1.040062169307
  1619 -1.040062169307
  1620 -1.040062169307
  1621 -1.040062169307
  1622 -1.040062169307
  1623 -1.040062169307
  1624 -1.040062169307
  1625 -1.040062169307
  1626 -1.040062169307
  1627 -1.040062169307
  1628 -1.040062169307
  1629 -1.040062169307
  1630 -1.040062169307
  1631 -1.040062169307
  1632 -1.040062169307
  1633 -1.040062169307
  1634 -1.040062169307
  1635 -1.040062169307
  1636 -1.040062169307
  1637 -1.040062169307
  1638 -1.040062169307
  1639 -1.040062169307
  1640 -1.040062169307
  1641 -1.040062169307
  1642 -1.040062169307
  1643 -1.040062169307
  1644 -1.040062169307
  1645 -1.040062169307
  1646 -1.040062169307
  1647 -1.040062169307
  1648 -1.040062169307
  1649 -1.040062169307
  1650 -1.040062169307
  1651 -1.040062169307
  1652 -1.040062169307
  1653 -1.040062169307
  1654 -1.040062169307
  1655 -1.040062169307
  1656 -1.040062169307
  1657 -1.040062169307
  1658 -1.040062169307
  1659 -1.040062169307
  1660 -1.040062169307
  1661 -1.040062169307
  1662 -1.040062169307
  1663 -1.040062169307
  1664 -1.040062169307
  1665 -1.040062169307
  1666 -1.040062169307
  1667 -1.040062169307
  1668 -1.040062169307
  1669 -1.040062169307
  1670 -1.040062169307
  1671 -1.040062169307
  1672 -1.040062169307
  1673 -1.040062169307
  1674 -1.040062169307
  1675 -1.040062169307
  1676 -1.040062169307
  1677 -1.040062169307
  1678 -1.040062169307
  1679 -1.040062169307
  1680 -1.040062169307
  1681 -1.040062169307
  1682 -1.040062169307
  1683 -1.040062169307
  1684 -1.040062169307
  1685 -1.040062169307
  1686 -1.040062169307
  1687 -1.040062169307
  1688 -1.040062169307
  1689 -1.040062169307
  1690 -1.040062169307
  1691 -1.040062169307
  1692 -1.040062169307
  1693 -1.040062169307
  1694 -1.040062169307
  1695 -1.040062169307
  1696 -1.040062169307
  1697 -1.040062169307
  1698 -1.040062169307
  1699 -1.040062169307
  1700 -1.040062169307
  1701 -1.040062169307
  1702 -1.040062169307
  1703 -1.040062169307
  1704 -1.040062169307
  1705 -1.040062169307
  1706 -1.040062169307
  1707 -1.040062169307
  1708 -1.040062169307
  1709 -1.040062169307
  1710 -1.040062169307
  1711 -1.040062169307
  1712 -1.040062169307
  1713 -1.040062169307
  1714 -1.040062169307
  1715 -1.040062169307
  1716 -1.040062169307
  1717 -1.040062169307
  1718 -1.040062169307
  1719 -1.040062169307
  1720 -1.040062169307
  1721 -1.040062169307
  1722 -1.040062169307
  1723 -1.040062169307
  1724 -1.040062169307
  1725 -1.040062169307
  1726 -1.040062169307
  1727 -1.040062169307
  1728 -1.040062169307
  1729 -1.040062169307
  1730 -1.040062169307
  1731 -1.040062169307
  1732 -1.040062169307
  1733 -1.040062169307
  1734 -1.040062169307
  1735 -1.040062169307
  1736 -1.040062169307
  1737 -1.040062169307
  1738 -1.040062169307
  1739 -1.040062169307
  1740 -1.040062169307
  1741 -1.040062169307
  1742 -1.040062169307
  1743 -1.040062169307
  1744 -1.040062169307
  1745 -1.040062169307
  1746 -1.040062169307
  1747 -1.040062169307
  1748 -1.040062169307
  1749 -1.040062169307
  1750 -1.040062169307
  1751 -1.040062169307
  1752 -1.040062169307
  1753 -1.040062169307
  1754 -1.040062169307
  1755 -1.040062169307
  1756 -1.040062169307
  1757 -1.040062169307
  1758 -1.040062169307
  1759 -1.040062169307
  1760 -1.040062169307
  1761 -1.040062169307
  1762 -1.040062169307
  1763 -1.040062169307
  1764 -1.040062169307
  1765 -1.040062169307
  1766 -1.040062169307
  1767 -1.040062169307
  1768 -1.040062169307
  1769 -1.040062169307
  1770 -1.040062169307
  1771 -1.040062169307
  1772 -1.040062169307
  1773 -1.040062169307
  1774 -1.040062169307
  1775 -1.040062169307
  1776 -1.040062169307
  1777 -1.040062169307
  1778 -1.040062169307
  1779 -1.040062169307
  1780 -1.040062169307
  1781 -1.040062169307
  1782 -1.040062169307
  1783 -1.040062169307
  1784 -1.040062169307
  1785 -1.040062169307
  1786 -1.040062169307
  1787 -1.040062169307
  1788 -1.040062169307
  1789 -1.040062169307
  1790 -1.040062169307
  1791 -1.040062169307
  1792 -1.040062169307
  1793 -1.040062169307
  1794 -1.040062169307
  1795 -1.040062169307
  1796 -1.040062169307
  1797 -1.040062169307
  1798 -1.040062169307
  1799 -1.040062169307
  1800 -1.040062169307
  1801 -1.040062169307
  1802 -1.040062169307
  1803 -1.040062169307
  1804 -1.040062169307
  1805 -1.040062169307
  1806 -1.040062169307
  1807 -1.040062169307
  1808 -1.040062169307
  1809 -1.040062169307
  1810 -1.040062169307
  1811 -1.040062169307
  1812 -1.040062169307
  1813 -1.040062169307
  1814 -1.040062169307
  1815 -1.040062169307
  1816 -1.040062169307
  1817 -1.040062169307
  1818 -1.040062169307
  1819 -1.040062169307
  1820 -1.040062169307
  1821 -1.040062169307
  1822 -1.040062169307
  1823 -1.040062169307
  1824 -1.040062169307
  1825 -1.040062169307
  1826 -1.040062169307
  1827 -1.040062169307
  1828 -1.040062169307
  1829 -1.040062169307
  1830 -1.040062169307
  1831 -1.040062169307
  1832 -1.040062169307
  1833 -1.040062169307
  1834 -1.040062169307
  1835 -1.040062169307
  1836 -1.040062169307
  1837 -1.040062169307
  1838 -1.040062169307
  1839 -1.040062169307
  1840 -1.040062169307
  1841 -1.040062169307
  1842 -1.040062169307
  1843 -1.040062169307
  1844 -1.040062169307
  1845 -1.040062169307
  1846 -1.040062169307
  1847 -1.040062169307
  1848 -1.040062169307
  1849 -1.040062169307
  1850 -1.040062169307
  1851 -1.040062169307
  1852 -1.040062169307
  1853 -1.040062169307
  1854 -1.040062169307
  1855 -1.040062169307
  1856 -1.040062169307
  1857 -1.040062169307
  1858 -1.040062169307
  1859 -1.040062169307
  1860 -1.040062169307
  1861 -1.040062169307
  1862 -1.040062169307
  1863 -1.040062169307
  1864 -1.040062169307
  1865 -1.040062169307
  1866 -1.040062169307
  1867 -1.040062169307
  1868 -1.040062169307
  1869 -1.040062169307
  1870 -1.040062169307
  1871 -1.040062169307
  1872 -1.040062169307
  1873 -1.040062169307
  1874 -1.040062169307
  1875 -1.040062169307
  1876 -1.040062169307
  1877 -1.040062169307
  1878 -1.040062169307
  1879 -1.040062169307
  1880 -1.040062169307
  1881 -1.040062169307
  1882 -1.040062169307
  1883 -1.040062169307
  1884 -1.040062169307
  1885 -1.040062169307
  1886 -1.040062169307
  1887 -1.040062169307
  1888 -1.040062169307
  1889 -1.040062169307
  1890 -1.040062169307
  1891 -1.040062169307
  1892 -1.040062169307
  1893 -1.040062169307
  1894 -1.040062169307
  1895 -1.040062169307
  1896 -1.040062169307
  1897 -1.040062169307
  1898 -1.040062169307
  1899 -1.040062169307
  1900 -1.040062169307
  1901 -1.040062169307
  1902 -1.040062169307
  1903 -1.040062169307
  1904 -1.040062169307
  1905 -1.040062169307
  1906 -1.040062169307
  1907 -1.040062169307
  1908 -1.040062169307
  1909 -1.040062169307
  1910 -1.040062169307
  1911 -1.040062169307
  1912 -1.040062169307
  1913 -1.040062169307
  1914 -1.040062169307
  1915 -1.040062169307
  1916 -1.040062169307
  1917 -1.040062169307
  1918 -1.040062169307
  1919 -1.040062169307
  1920 -1.040062169307
  1921 -1.040062169307
  1922 -1.040062169307
  1923 -1.040062169307
  1924 -1.040062169307
  1925 -1.040062169307
  1926 -1.040062169307
  1927 -1.040062169307
  1928 -1.040062169307
  1929 -1.040062169307
  1930 -1.040062169307
  1931 -1.040062169307
  1932 -1.040062169307
  1933 -1.040062169307
  1934 -1.040062169307
  1935 -1.040062169307
  1936 -1.040062169307
  1937 -1.040062169307
  1938 -1.040062169307
  1939 -1.040062169307
  1940 -1.040062169307
  1941 -1.040062169307
  1942 -1.040062169307
  1943 -1.040062169307
  1944 -1.040062169307
  1945 -1.040062169307
  1946 -1.040062169307
  1947 -1.040062169307
  1948 -1.040062169307
  1949 -1.040062169307
  1950 -1.040062169307
  1951 -1.040062169307
  1952 -1.040062169307
  1953 -1.040062169307
  1954 -1.040062169307
  1955 -1.040062169307
  1956 -1.040062169307
  1957 -1.040062169307
  1958 -1.040062169307
  1959 -1.040062169307
  1960 -1.040062169307
  1961 -1.040062169307
  1962 -1.040062169307
  1963 -1.040062169307
  1964 -1.040062169307
  1965 -1.040062169307
  1966 -1.040062169307
  1967 -1.040062169307
  1968 -1.040062169307
  1969 -1.040062169307
  1970 -1.040062169307
  1971 -1.040062169307
  1972 -1.040062169307
  1973 -1.040062169307
  1974 -1.040062169307
  1975 -1.040062169307
  1976 -1.040062169307
  1977 -1.040062169307
  1978 -1.040062169307
  1979 -1.040062169307
  1980 -1.040062169307
  1981 -1.040062169307
  1982 -1.040062169307
  1983 -1.040062169307
  1984 -1.040062169307
  1985 -1.040062169307
  1986 -1.040062169307
  1987 -1.040062169307
  1988 -1.040062169307
  1989 -1.040062169307
  1990 -1.040062169307
  1991 -1.040062169307
  1992 -1.040062169307
  1993 -1.040062169307
  1994 -1.040062169307
  1995 -1.040062169307
  1996 -1.040062169307
  1997 -1.040062169307
  1998 -1.040062169307
  1999 -1.040062169307
  2000 -1.040062169307
