     1 -1.009052948841
     2 -1.118419332121
     3 -1.115218877768
     4 -1.108306383055
     5 -1.110565177446
     6 -1.112144018554
     7 -1.112978436151
     8 -1.113421665111
     9 -1.113662760091
    10 -1.113796728364
    11 -1.113872340566
    12 -1.113915454105
    13 -1.113940191252
    14 -1.113954373037
    15 -1.113962440437
    16 -1.113967000875
    17 -1.113969493839
    18 -1.113970794176
    19 -1.113971421636
    20 -1.113971685714
    21 -1.113971730621
    22 -1.113971674830
    23 -1.113971591965
    24 -1.113971474922
    25 -1.113971358985
    26 -1.113971256512
    27 -1.113971163803
    28 -1.113971096694
    29 -1.113971032059
    30 -1.113970987296
    31 -1.113970929086
    32 -1.113970898428
    33 -1.113970871996
    34 -1.113970855698
    35 -1.113970838575
    36 -1.113970824163
    37 -1.113970815218
    38 -1.113970798351
    39 -1.113970790785
    40 -1.113970778296
    41 -1.113970793021
    42 -1.113970773593
    43 -1.113970782838
    44 -1.113970774619
    45 -1.113970780434
    46 -1.113970769498
    47 -1.113970773159
    48 -1.113970776065
    49 -1.113970778377
    50 -1.113970764662
    51 -1.216900025258
    52 -1.103127504595
    53 -1.105632354956
    54 -1.109822151248
    55 -1.111801316323
    56 -1.112804007712
    57 -1.113323208181
    58 -1.113602004943
    59 -1.113756030435
    60 -1.113843248570
    61 -1.113893671945
    62 -1.113923362387
    63 -1.113941143443
    64 -1.113951935678
    65 -1.113958594441
    66 -1.113962769480
    67 -1.113965414984
    68 -1.113967125032
    69 -1.113968252529
    70 -1.113968994748
    71 -1.113969504663
    72 -1.113969855019
    73 -1.113970101107
    74 -1.113970273647
    75 -1.113970399247
    76 -1.113970487346
    77 -1.113970562799
    78 -1.113970604107
    79 -1.113970637276
    80 -1.113970657900
    81 -1.113970693472
    82 -1.113970709855
    83 -1.113970720197
    84 -1.113970722539
    85 -1.113970730878
    86 -1.113970743970
    87 -1.113970745269
    88 -1.113970749547
    89 -1.113970756179
    90 -1.113970749118
    91 -1.113970759082
    92 -1.113970754655
    93 -1.113970766705
    94 -1.113970763932
    95 -1.113970761736
    96 -1.113970759993
    97 -1.113970758608
    98 -1.113970757508
    99 -1.113970756632
   100 -1.113970755936
   101 -1.213014556943
   102 -1.093336368387
   103 -1.102542432672
   104 -1.107994866424
   105 -1.110646444062
   106 -1.112036862296
   107 -1.112817138934
   108 -1.113271763814
   109 -1.113542746563
   110 -1.113706540368
   111 -1.113806418848
   112 -1.113867740080
   113 -1.113905620673
   114 -1.113929187501
   115 -1.113943919449
   116 -1.113953240282
   117 -1.113959183088
   118 -1.113962987006
   119 -1.113965487105
   120 -1.113967112723
   121 -1.113968215322
   122 -1.113968954248
   123 -1.113969459672
   124 -1.113969821464
   125 -1.113970069859
   126 -1.113970244973
   127 -1.113970369055
   128 -1.113970479689
   129 -1.113970537088
   130 -1.113970596142
   131 -1.113970634886
   132 -1.113970663636
   133 -1.113970693660
   134 -1.113970705912
   135 -1.113970728740
   136 -1.113970728795
   137 -1.113970735437
   138 -1.113970747268
   139 -1.113970747631
   140 -1.113970751214
   141 -1.113970757332
   142 -1.113970749890
   143 -1.113970759574
   144 -1.113970754941
   145 -1.113970751283
   146 -1.113970763946
   147 -1.113970761667
   148 -1.113970759867
   149 -1.113970758443
   150 -1.113970757315
   151 -1.206260803863
   152 -1.109063239245
   153 -1.105379195957
   154 -1.109358298654
   155 -1.111483192542
   156 -1.112586414870
   157 -1.113179490151
   158 -1.113510133998
   159 -1.113698890692
   160 -1.113808447478
   161 -1.113872816475
   162 -1.113911017579
   163 -1.113933894099
   164 -1.113947737382
   165 -1.113956179194
   166 -1.113961405298
   167 -1.113964670959
   168 -1.113966738653
   169 -1.113968074513
   170 -1.113968928758
   171 -1.113969491638
   172 -1.113969882385
   173 -1.113970137740
   174 -1.113970331377
   175 -1.113970455383
   176 -1.113970531928
   177 -1.113970599171
   178 -1.113970649676
   179 -1.113970677187
   180 -1.113970707683
   181 -1.113970721511
   182 -1.113970730970
   183 -1.113970733508
   184 -1.113970742692
   185 -1.113970756990
   186 -1.113970744111
   187 -1.113970765344
   188 -1.113970757783
   189 -1.113970751987
   190 -1.113970763093
   191 -1.113970759685
   192 -1.113970757072
   193 -1.113970755064
   194 -1.113970769075
   195 -1.113970767897
   196 -1.113970766997
   197 -1.113970766305
   198 -1.113970765772
   199 -1.113970765362
   200 -1.113970765045
   201 -1.203159490333
   202 -1.113010271324
   203 -1.102082987465
   204 -1.107661405750
   205 -1.110558510106
   206 -1.112067243940
   207 -1.112877113566
   208 -1.113326703449
   209 -1.113583685908
   210 -1.113734194915
   211 -1.113824078063
   212 -1.113878601213
   213 -1.113912095299
   214 -1.113932948408
   215 -1.113946054835
   216 -1.113954389320
   217 -1.113959766676
   218 -1.113963270376
   219 -1.113965574368
   220 -1.113967122677
   221 -1.113968183253
   222 -1.113968898580
   223 -1.113969409446
   224 -1.113969760542
   225 -1.113970004538
   226 -1.113970206769
   227 -1.113970338295
   228 -1.113970449487
   229 -1.113970514033
   230 -1.113970569721
   231 -1.113970609033
   232 -1.113970641426
   233 -1.113970677515
   234 -1.113970697745
   235 -1.113970714510
   236 -1.113970725274
   237 -1.113970728031
   238 -1.113970736749
   239 -1.113970750174
   240 -1.113970751759
   241 -1.113970756278
   242 -1.113970747552
   243 -1.113970756204
   244 -1.113970750743
   245 -1.113970761976
   246 -1.113970758558
   247 -1.113970755852
   248 -1.113970753705
   249 -1.113970767558
   250 -1.113970766216
   251 -1.233873988164
   252 -1.103829214363
   253 -1.106450564037
   254 -1.109746381471
   255 -1.111600646981
   256 -1.112603956585
   257 -1.113162893835
   258 -1.113483607771
   259 -1.113672108953
   260 -1.113785045209
   261 -1.113853780597
   262 -1.113896146592
   263 -1.113922571131
   264 -1.113939226775
   265 -1.113949856773
   266 -1.113956707841
   267 -1.113961164164
   268 -1.113964122586
   269 -1.113966086015
   270 -1.113967438670
   271 -1.113968366514
   272 -1.113969008694
   273 -1.113969463353
   274 -1.113969800379
   275 -1.113970021556
   276 -1.113970205830
   277 -1.113970338548
   278 -1.113970437954
   279 -1.113970508420
   280 -1.113970571706
   281 -1.113970604407
   282 -1.113970646921
   283 -1.113970662929
   284 -1.113970695018
   285 -1.113970708729
   286 -1.113970716993
   287 -1.113970733267
   288 -1.113970740324
   289 -1.113970752401
   290 -1.113970752891
   291 -1.113970756522
   292 -1.113970747078
   293 -1.113970755149
   294 -1.113970749218
   295 -1.113970760073
   296 -1.113970756351
   297 -1.113970753401
   298 -1.113970766615
   299 -1.113970764766
   300 -1.113970763301
   301 -1.245124414077
   302 -1.095134497489
   303 -1.105978138204
   304 -1.110156955836
   305 -1.112052207354
   306 -1.112944305876
   307 -1.113394176133
   308 -1.113635006672
   309 -1.113769898704
   310 -1.113848058509
   311 -1.113894507116
   312 -1.113922650357
   313 -1.113939982673
   314 -1.113950784052
   315 -1.113957600324
   316 -1.113961975345
   317 -1.113964791656
   318 -1.113966644597
   319 -1.113967891667
   320 -1.113968728722
   321 -1.113969296988
   322 -1.113969691993
   323 -1.113969977921
   324 -1.113970180104
   325 -1.113970320872
   326 -1.113970437472
   327 -1.113970505150
   328 -1.113970578216
   329 -1.113970618525
   330 -1.113970651464
   331 -1.113970672265
   332 -1.113970692634
   333 -1.113970709456
   334 -1.113970720241
   335 -1.113970723001
   336 -1.113970731719
   337 -1.113970745143
   338 -1.113970746731
   339 -1.113970751255
   340 -1.113970758095
   341 -1.113970751208
   342 -1.113970761318
   343 -1.113970757013
   344 -1.113970753606
   345 -1.113970766463
   346 -1.113970764333
   347 -1.113970762649
   348 -1.113970761314
   349 -1.113970760254
   350 -1.113970759412
   351 -1.113970758744
   352 -1.113970758212
   353 -1.113970757790
   354 -1.113970757455
   355 -1.113970757188
   356 -1.113970756976
   357 -1.113970756807
   358 -1.113970756673
   359 -1.113970756566
   360 -1.113970756481
   361 -1.113970756413
   362 -1.113970756359
   363 -1.113970756317
   364 -1.113970756283
   365 -1.113970756255
   366 -1.113970756234
   367 -1.113970756217
   368 -1.113970756203
   369 -1.113970756192
   370 -1.113970756183
   371 -1.113970756176
   372 -1.113970756171
   373 -1.113970756166
   374 -1.113970756163
   375 -1.113970756160
   376 -1.113970756158
   377 -1.113970756156
   378 -1.113970756155
   379 -1.113970756153
   380 -1.113970756153
   381 -1.113970756152
   382 -1.113970756151
   383 -1.113970756151
   384 -1.113970756150
   385 -1.113970756150
   386 -1.113970756150
   387 -1.113970756150
   388 -1.113970756150
   389 -1.113970756149
   390 -1.113970756149
   391 -1.113970756149
   392 -1.113970756149
   393 -1.113970756149
   394 -1.113970756149
   395 -1.113970756149
   396 -1.113970756149
   397 -1.113970756149
   398 -1.113970756149
   399 -1.113970756149
   400 -1.113970756149
   401 -1.113970756149
   402 -1.113970756149
   403 -1.113970756149
   404 -1.113970756149
   405 -1.113970756149
   406 -1.113970756149
   407 -1.113970756149
   408 -1.113970756149
   409 -1.113970756149
   410 -1.113970756149
   411 -1.113970756149
   412 -1.113970756149
   413 -1.113970756149
   414 -1.113970756149
   415 -1.113970756149
   416 -1.113970756149
   417 -1.113970756149
   418 -1.113970756149
   419 -1.113970756149
   420 -1.113970756149
   421 -1.113970756149
   422 -1.113970756149
   423 -1.113970756149
   424 -1.113970756149
   425 -1.113970756149
   426 -1.113970756149
   427 -1.113970756149
   428 -1.113970756149
   429 -1.113970756149
   430 -1.113970756149
   431 -1.113970756149
   432 -1.113970756149
   433 -1.113970756149
   434 -1.113970756149
   435 -1.113970756149
   436 -1.113970756149
   437 -1.113970756149
   438 -1.113970756149
   439 -1.113970756149
   440 -1.113970756149
   441 -1.113970756149
   442 -1.113970756149
   443 -1.113970756149
   444 -1.113970756149
   445 -1.113970756149
   446 -1.113970756149
   447 -1.113970756149
   448 -1.113970756149
   449 -1.113970756149
   450 -1.113970756149
   451 -1.113970756149
   452 -1.113970756149
   453 -1.113970756149
   454 -1.113970756149
   455 -1.113970756149
   456 -1.113970756149
   457 -1.113970756149
   458 -1.113970756149
   459 -1.113970756149
   460 -1.113970756149
   461 -1.113970756149
   462 -1.113970756149
   463 -1.113970756149
   464 -1.113970756149
   465 -1.113970756149
   466 -1.113970756149
   467 -1.113970756149
   468 -1.113970756149
   469 -1.113970756149
   470 -1.113970756149
   471 -1.113970756149
   472 -1.113970756149
   473 -1.113970756149
   474 -1.113970756149
   475 -1.113970756149
   476 -1.113970756149
   477 -1.113970756149
   478 -1.113970756149
   479 -1.113970756149
   480 -1.113970756149
   481 -1.113970756149
   482 -1.113970756149
   483 -1.113970756149
   484 -1.113970756149
   485 -1.113970756149
   486 -1.113970756149
   487 -1.113970756149
   488 -1.113970756149
   489 -1.113970756149
   490 -1.113970756149
   491 -1.113970756149
   492 -1.113970756149
   493 -1.113970756149
   494 -1.113970756149
   495 -1.113970756149
   496 -1.113970756149
   497 -1.113970756149
   498 -1.113970756149
   499 -1.113970756149
   500 -1.113970756149
   501 -1.113970756149
   502 -1.113970756149
   503 -1.113970756149
   504 -1.113970756149
   505 -1.113970756149
   506 -1.113970756149
   507 -1.113970756149
   508 -1.113970756149
   509 -1.113970756149
   510 -1.113970756149
   511 -1.113970756149
   512 -1.113970756149
   513 -1.113970756149
   514 -1.113970756149
   515 -1.113970756149
   516 -1.113970756149
   517 -1.113970756149
   518 -1.113970756149
   519 -1.113970756149
   520 -1.113970756149
   521 -1.113970756149
   522 -1.113970756149
   523 -1.113970756149
   524 -1.113970756149
   525 -1.113970756149
   526 -1.113970756149
   527 -1.113970756149
   528 -1.113970756149
   529 -1.113970756149
   530 -1.113970756149
   531 -1.113970756149
   532 -1.113970756149
   533 -1.113970756149
   534 -1.113970756149
   535 -1.113970756149
   536 -1.113970756149
   537 -1.113970756149
   538 -1.113970756149
   539 -1.113970756149
   540 -1.113970756149
   541 -1.113970756149
   542 -1.113970756149
   543 -1.113970756149
   544 -1.113970756149
   545 -1.113970756149
   546 -1.113970756149
   547 -1.113970756149
   548 -1.113970756149
   549 -1.113970756149
   550 -1.113970756149
   551 -1.113970756149
   552 -1.113970756149
   553 -1.113970756149
   554 -1.113970756149
   555 -1.113970756149
   556 -1.113970756149
   557 -1.113970756149
   558 -1.113970756149
   559 -1.113970756149
   560 -1.113970756149
   561 -1.113970756149
   562 -1.113970756149
   563 -1.113970756149
   564 -1.113970756149
   565 -1.113970756149
   566 -1.113970756149
   567 -1.113970756149
   568 -1.113970756149
   569 -1.113970756149
   570 -1.113970756149
   571 -1.113970756149
   572 -1.113970756149
   573 -1.113970756149
   574 -1.113970756149
   575 -1.113970756149
   576 -1.113970756149
   577 -1.113970756149
   578 -1.113970756149
   579 -1.113970756149
   580 -1.113970756149
   581 -1.113970756149
   582 -1.113970756149
   583 -1.113970756149
   584 -1.113970756149
   585 -1.113970756149
   586 -1.113970756149
   587 -1.113970756149
   588 -1.113970756149
   589 -1.113970756149
   590 -1.113970756149
   591 -1.113970756149
   592 -1.113970756149
   593 -1.113970756149
   594 -1.113970756149
   595 -1.113970756149
   596 -1.113970756149
   597 -1.113970756149
   598 -1.113970756149
   599 -1.113970756149
   600 -1.113970756149
   601 -1.113970756149
   602 -1.113970756149
   603 -1.113970756149
   604 -1.113970756149
   605 -1.113970756149
   606 -1.113970756149
   607 -1.113970756149
   608 -1.113970756149
   609 -1.113970756149
   610 -1.113970756149
   611 -1.113970756149
   612 -1.113970756149
   613 -1.113970756149
   614 -1.113970756149
   615 -1.113970756149
   616 -1.113970756149
   617 -1.113970756149
   618 -1.113970756149
   619 -1.113970756149
   620 -1.113970756149
   621 -1.113970756149
   622 -1.113970756149
   623 -1.113970756149
   624 -1.113970756149
   625 -1.113970756149
   626 -1.113970756149
   627 -1.113970756149
   628 -1.113970756149
   629 -1.113970756149
   630 -1.113970756149
   631 -1.113970756149
   632 -1.113970756149
   633 -1.113970756149
   634 -1.113970756149
   635 -1.113970756149
   636 -1.113970756149
   637 -1.113970756149
   638 -1.113970756149
   639 -1.113970756149
   640 -1.113970756149
   641 -1.113970756149
   642 -1.113970756149
   643 -1.113970756149
   644 -1.113970756149
   645 -1.113970756149
   646 -1.113970756149
   647 -1.113970756149
   648 -1.113970756149
   649 -1.113970756149
   650 -1.113970756149
   651 -1.113970756149
   652 -1.113970756149
   653 -1.113970756149
   654 -1.113970756149
   655 -1.113970756149
   656 -1.113970756149
   657 -1.113970756149
   658 -1.113970756149
   659 -1.113970756149
   660 -1.113970756149
   661 -1.113970756149
   662 -1.113970756149
   663 -1.113970756149
   664 -1.113970756149
   665 -1.113970756149
   666 -1.113970756149
   667 -1.113970756149
   668 -1.113970756149
   669 -1.113970756149
   670 -1.113970756149
   671 -1.113970756149
   672 -1.113970756149
   673 -1.113970756149
   674 -1.113970756149
   675 -1.113970756149
   676 -1.113970756149
   677 -1.113970756149
   678 -1.113970756149
   679 -1.113970756149
   680 -1.113970756149
   681 -1.113970756149
   682 -1.113970756149
   683 -1.113970756149
   684 -1.113970756149
   685 -1.113970756149
   686 -1.113970756149
   687 -1.113970756149
   688 -1.113970756149
   689 -1.113970756149
   690 -1.113970756149
   691 -1.113970756149
   692 -1.113970756149
   693 -1.113970756149
   694 -1.113970756149
   695 -1.113970756149
   696 -1.113970756149
   697 -1.113970756149
   698 -1.113970756149
   699 -1.113970756149
   700 -1.113970756149
   701 -1.113970756149
   702 -1.113970756149
   703 -1.113970756149
   704 -1.113970756149
   705 -1.113970756149
   706 -1.113970756149
   707 -1.113970756149
   708 -1.113970756149
   709 -1.113970756149
   710 -1.113970756149
   711 -1.113970756149
   712 -1.113970756149
   713 -1.113970756149
   714 -1.113970756149
   715 -1.113970756149
   716 -1.113970756149
   717 -1.113970756149
   718 -1.113970756149
   719 -1.113970756149
   720 -1.113970756149
   721 -1.113970756149
   722 -1.113970756149
   723 -1.113970756149
   724 -1.113970756149
   725 -1.113970756149
   726 -1.113970756149
   727 -1.113970756149
   728 -1.113970756149
   729 -1.113970756149
   730 -1.113970756149
   731 -1.113970756149
   732 -1.113970756149
   733 -1.113970756149
   734 -1.113970756149
   735 -1.113970756149
   736 -1.113970756149
   737 -1.113970756149
   738 -1.113970756149
   739 -1.113970756149
   740 -1.113970756149
   741 -1.113970756149
   742 -1.113970756149
   743 -1.113970756149
   744 -1.113970756149
   745 -1.113970756149
   746 -1.113970756149
   747 -1.113970756149
   748 -1.113970756149
   749 -1.113970756149
   750 -1.113970756149
   751 -1.113970756149
   752 -1.113970756149
   753 -1.113970756149
   754 -1.113970756149
   755 -1.113970756149
   756 -1.113970756149
   757 -1.113970756149
   758 -1.113970756149
   759 -1.113970756149
   760 -1.113970756149
   761 -1.113970756149
   762 -1.113970756149
   763 -1.113970756149
   764 -1.113970756149
   765 -1.113970756149
   766 -1.113970756149
   767 -1.113970756149
   768 -1.113970756149
   769 -1.113970756149
   770 -1.113970756149
   771 -1.113970756149
   772 -1.113970756149
   773 -1.113970756149
   774 -1.113970756149
   775 -1.113970756149
   776 -1.113970756149
   777 -1.113970756149
   778 -1.113970756149
   779 -1.113970756149
   780 -1.113970756149
   781 -1.113970756149
   782 -1.113970756149
   783 -1.113970756149
   784 -1.113970756149
   785 -1.113970756149
   786 -1.113970756149
   787 -1.113970756149
   788 -1.113970756149
   789 -1.113970756149
   790 -1.113970756149
   791 -1.113970756149
   792 -1.113970756149
   793 -1.113970756149
   794 -1.113970756149
   795 -1.113970756149
   796 -1.113970756149
   797 -1.113970756149
   798 -1.113970756149
   799 -1.113970756149
   800 -1.113970756149
   801 -1.113970756149
   802 -1.113970756149
   803 -1.113970756149
   804 -1.113970756149
   805 -1.113970756149
   806 -1.113970756149
   807 -1.113970756149
   808 -1.113970756149
   809 -1.113970756149
   810 -1.113970756149
   811 -1.113970756149
   812 -1.113970756149
   813 -1.113970756149
   814 -1.113970756149
   815 -1.113970756149
   816 -1.113970756149
   817 -1.113970756149
   818 -1.113970756149
   819 -1.113970756149
   820 -1.113970756149
   821 -1.113970756149
   822 -1.113970756149
   823 -1.113970756149
   824 -1.113970756149
   825 -1.113970756149
   826 -1.113970756149
   827 -1.113970756149
   828 -1.113970756149
   829 -1.113970756149
   830 -1.113970756149
   831 -1.113970756149
   832 -1.113970756149
   833 -1.113970756149
   834 -1.113970756149
   835 -1.113970756149
   836 -1.113970756149
   837 -1.113970756149
   838 -1.113970756149
   839 -1.113970756149
   840 -1.113970756149
   841 -1.113970756149
   842 -1.113970756149
   843 -1.113970756149
   844 -1.113970756149
   845 -1.113970756149
   846 -1.113970756149
   847 -1.113970756149
   848 -1.113970756149
   849 -1.113970756149
   850 -1.113970756149
   851 -1.113970756149
   852 -1.113970756149
   853 -1.113970756149
   854 -1.113970756149
   855 -1.113970756149
   856 -1.113970756149
   857 -1.113970756149
   858 -1.113970756149
   859 -1.113970756149
   860 -1.113970756149
   861 -1.113970756149
   862 -1.113970756149
   863 -1.113970756149
   864 -1.113970756149
   865 -1.113970756149
   866 -1.113970756149
   867 -1.113970756149
   868 -1.113970756149
   869 -1.113970756149
   870 -1.113970756149
   871 -1.113970756149
   872 -1.113970756149
   873 -1.113970756149
   874 -1.113970756149
   875 -1.113970756149
   876 -1.113970756149
   877 -1.113970756149
   878 -1.113970756149
   879 -1.113970756149
   880 -1.113970756149
   881 -1.113970756149
   882 -1.113970756149
   883 -1.113970756149
   884 -1.113970756149
   885 -1.113970756149
   886 -1.113970756149
   887 -1.113970756149
   888 -1.113970756149
   889 -1.113970756149
   890 -1.113970756149
   891 -1.113970756149
   892 -1.113970756149
   893 -1.113970756149
   894 -1.113970756149
   895 -1.113970756149
   896 -1.113970756149
   897 -1.113970756149
   898 -1.113970756149
   899 -1.113970756149
   900 -1.113970756149
   901 -1.113970756149
   902 -1.113970756149
   903 -1.113970756149
   904 -1.113970756149
   905 -1.113970756149
   906 -1.113970756149
   907 -1.113970756149
   908 -1.113970756149
   909 -1.113970756149
   910 -1.113970756149
   911 -1.113970756149
   912 -1.113970756149
   913 -1.113970756149
   914 -1.113970756149
   915 -1.113970756149
   916 -1.113970756149
   917 -1.113970756149
   918 -1.113970756149
   919 -1.113970756149
   920 -1.113970756149
   921 -1.113970756149
   922 -1.113970756149
   923 -1.113970756149
   924 -1.113970756149
   925 -1.113970756149
   926 -1.113970756149
   927 -1.113970756149
   928 -1.113970756149
   929 -1.113970756149
   930 -1.113970756149
   931 -1.113970756149
   932 -1.113970756149
   933 -1.113970756149
   934 -1.113970756149
   935 -1.113970756149
   936 -1.113970756149
   937 -1.113970756149
   938 -1.113970756149
   939 -1.113970756149
   940 -1.113970756149
   941 -1.113970756149
   942 -1.113970756149
   943 -1.113970756149
   944 -1.113970756149
   945 -1.113970756149
   946 -1.113970756149
   947 -1.113970756149
   948 -1.113970756149
   949 -1.113970756149
   950 -1.113970756149
   951 -1.113970756149
   952 -1.113970756149
   953 -1.113970756149
   954 -1.113970756149
   955 -1.113970756149
   956 -1.113970756149
   957 -1.113970756149
   958 -1.113970756149
   959 -1.113970756149
   960 -1.113970756149
   961 -1.113970756149
   962 -1.113970756149
   963 -1.113970756149
   964 -1.113970756149
   965 -1.113970756149
   966 -1.113970756149
   967 -1.113970756149
   968 -1.113970756149
   969 -1.113970756149
   970 -1.113970756149
   971 -1.113970756149
   972 -1.113970756149
   973 -1.113970756149
   974 -1.113970756149
   975 -1.113970756149
   976 -1.113970756149
   977 -1.113970756149
   978 -1.113970756149
   979 -1.113970756149
   980 -1.113970756149
   981 -1.113970756149
   982 -1.113970756149
   983 -1.113970756149
   984 -1.113970756149
   985 -1.113970756149
   986 -1.113970756149
   987 -1.113970756149
   988 -1.113970756149
   989 -1.113970756149
   990 -1.113970756149
   991 -1.113970756149
   992 -1.113970756149
   993 -1.113970756149
   994 -1.113970756149
   995 -1.113970756149
   996 -1.113970756149
   997 -1.113970756149
   998 -1.113970756149
   999 -1.113970756149
  1000 -1.113970756149
  1001 -1.113970756149
  1002 -1.113970756149
  1003 -1.113970756149
  1004 -1.113970756149
  1005 -1.113970756149
  1006 -1.113970756149
  1007 -1.113970756149
  1008 -1.113970756149
  1009 -1.113970756149
  1010 -1.113970756149
  1011 -1.113970756149
  1012 -1.113970756149
  1013 -1.113970756149
  1014 -1.113970756149
  1015 -1.113970756149
  1016 -1.113970756149
  1017 -1.113970756149
  1018 -1.113970756149
  1019 -1.113970756149
  1020 -1.113970756149
  1021 -1.113970756149
  1022 -1.113970756149
  1023 -1.113970756149
  1024 -1.113970756149
  1025 -1.113970756149
  1026 -1.113970756149
  1027 -1.113970756149
  1028 -1.113970756149
  1029 -1.113970756149
  1030 -1.113970756149
  1031 -1.113970756149
  1032 -1.113970756149
  1033 -1.113970756149
  1034 -1.113970756149
  1035 -1.113970756149
  1036 -1.113970756149
  1037 -1.113970756149
  1038 -1.113970756149
  1039 -1.113970756149
  1040 -1.113970756149
  1041 -1.113970756149
  1042 -1.113970756149
  1043 -1.113970756149
  1044 -1.113970756149
  1045 -1.113970756149
  1046 -1.113970756149
  1047 -1.113970756149
  1048 -1.113970756149
  1049 -1.113970756149
  1050 -1.113970756149
  1051 -1.113970756149
  1052 -1.113970756149
  1053 -1.113970756149
  1054 -1.113970756149
  1055 -1.113970756149
  1056 -1.113970756149
  1057 -1.113970756149
  1058 -1.113970756149
  1059 -1.113970756149
  1060 -1.113970756149
  1061 -1.113970756149
  1062 -1.113970756149
  1063 -1.113970756149
  1064 -1.113970756149
  1065 -1.113970756149
  1066 -1.113970756149
  1067 -1.113970756149
  1068 -1.113970756149
  1069 -1.113970756149
  1070 -1.113970756149
  1071 -1.113970756149
  1072 -1.113970756149
  1073 -1.113970756149
  1074 -1.113970756149
  1075 -1.113970756149
  1076 -1.113970756149
  1077 -1.113970756149
  1078 -1.113970756149
  1079 -1.113970756149
  1080 -1.113970756149
  1081 -1.113970756149
  1082 -1.113970756149
  1083 -1.113970756149
  1084 -1.113970756149
  1085 -1.113970756149
  1086 -1.113970756149
  1087 -1.113970756149
  1088 -1.113970756149
  1089 -1.113970756149
  1090 -1.113970756149
  1091 -1.113970756149
  1092 -1.113970756149
  1093 -1.113970756149
  1094 -1.113970756149
  1095 -1.113970756149
  1096 -1.113970756149
  1097 -1.113970756149
  1098 -1.113970756149
  1099 -1.113970756149
  1100 -1.113970756149
  1101 -1.113970756149
  1102 -1.113970756149
  1103 -1.113970756149
  1104 -1.113970756149
  1105 -1.113970756149
  1106 -1.113970756149
  1107 -1.113970756149
  1108 -1.113970756149
  1109 -1.113970756149
  1110 -1.113970756149
  1111 -1.113970756149
  1112 -1.113970756149
  1113 -1.113970756149
  1114 -1.113970756149
  1115 -1.113970756149
  1116 -1.113970756149
  1117 -1.113970756149
  1118 -1.113970756149
  1119 -1.113970756149
  1120 -1.113970756149
  1121 -1.113970756149
  1122 -1.113970756149
  1123 -1.113970756149
  1124 -1.113970756149
  1125 -1.113970756149
  1126 -1.113970756149
  1127 -1.113970756149
  1128 -1.113970756149
  1129 -1.113970756149
  1130 -1.113970756149
  1131 -1.113970756149
  1132 -1.113970756149
  1133 -1.113970756149
  1134 -1.113970756149
  1135 -1.113970756149
  1136 -1.113970756149
  1137 -1.113970756149
  1138 -1.113970756149
  1139 -1.113970756149
  1140 -1.113970756149
  1141 -1.113970756149
  1142 -1.113970756149
  1143 -1.113970756149
  1144 -1.113970756149
  1145 -1.113970756149
  1146 -1.113970756149
  1147 -1.113970756149
  1148 -1.113970756149
  1149 -1.113970756149
  1150 -1.113970756149
  1151 -1.113970756149
  1152 -1.113970756149
  1153 -1.113970756149
  1154 -1.113970756149
  1155 -1.113970756149
  1156 -1.113970756149
  1157 -1.113970756149
  1158 -1.113970756149
  1159 -1.113970756149
  1160 -1.113970756149
  1161 -1.113970756149
  1162 -1.113970756149
  1163 -1.113970756149
  1164 -1.113970756149
  1165 -1.113970756149
  1166 -1.113970756149
  1167 -1.113970756149
  1168 -1.113970756149
  1169 -1.113970756149
  1170 -1.113970756149
  1171 -1.113970756149
  1172 -1.113970756149
  1173 -1.113970756149
  1174 -1.113970756149
  1175 -1.113970756149
  1176 -1.113970756149
  1177 -1.113970756149
  1178 -1.113970756149
  1179 -1.113970756149
  1180 -1.113970756149
  1181 -1.113970756149
  1182 -1.113970756149
  1183 -1.113970756149
  1184 -1.113970756149
  1185 -1.113970756149
  1186 -1.113970756149
  1187 -1.113970756149
  1188 -1.113970756149
  1189 -1.113970756149
  1190 -1.113970756149
  1191 -1.113970756149
  1192 -1.113970756149
  1193 -1.113970756149
  1194 -1.113970756149
  1195 -1.113970756149
  1196 -1.113970756149
  1197 -1.113970756149
  1198 -1.113970756149
  1199 -1.113970756149
  1200 -1.113970756149
  1201 -1.113970756149
  1202 -1.113970756149
  1203 -1.113970756149
  1204 -1.113970756149
  1205 -1.113970756149
  1206 -1.113970756149
  1207 -1.113970756149
  1208 -1.113970756149
  1209 -1.113970756149
  1210 -1.113970756149
  1211 -1.113970756149
  1212 -1.113970756149
  1213 -1.113970756149
  1214 -1.113970756149
  1215 -1.113970756149
  1216 -1.113970756149
  1217 -1.113970756149
  1218 -1.113970756149
  1219 -1.113970756149
  1220 -1.113970756149
  1221 -1.113970756149
  1222 -1.113970756149
  1223 -1.113970756149
  1224 -1.113970756149
  1225 -1.113970756149
  1226 -1.113970756149
  1227 -1.113970756149
  1228 -1.113970756149
  1229 -1.113970756149
  1230 -1.113970756149
  1231 -1.113970756149
  1232 -1.113970756149
  1233 -1.113970756149
  1234 -1.113970756149
  1235 -1.113970756149
  1236 -1.113970756149
  1237 -1.113970756149
  1238 -1.113970756149
  1239 -1.113970756149
  1240 -1.113970756149
  1241 -1.113970756149
  1242 -1.113970756149
  1243 -1.113970756149
  1244 -1.113970756149
  1245 -1.113970756149
  1246 -1.113970756149
  1247 -1.113970756149
  1248 -1.113970756149
  1249 -1.113970756149
  1250 -1.113970756149
  1251 -1.113970756149
  1252 -1.113970756149
  1253 -1.113970756149
  1254 -1.113970756149
  1255 -1.113970756149
  1256 -1.113970756149
  1257 -1.113970756149
  1258 -1.113970756149
  1259 -1.113970756149
  1260 -1.113970756149
  1261 -1.113970756149
  1262 -1.113970756149
  1263 -1.113970756149
  1264 -1.113970756149
  1265 -1.113970756149
  1266 -1.113970756149
  1267 -1.113970756149
  1268 -1.113970756149
  1269 -1.113970756149
  1270 -1.113970756149
  1271 -1.113970756149
  1272 -1.113970756149
  1273 -1.113970756149
  1274 -1.113970756149
  1275 -1.113970756149
  1276 -1.113970756149
  1277 -1.113970756149
  1278 -1.113970756149
  1279 -1.113970756149
  1280 -1.113970756149
  1281 -1.113970756149
  1282 -1.113970756149
  1283 -1.113970756149
  1284 -1.113970756149
  1285 -1.113970756149
  1286 -1.113970756149
  1287 -1.113970756149
  1288 -1.113970756149
  1289 -1.113970756149
  1290 -1.113970756149
  1291 -1.113970756149
  1292 -1.113970756149
  1293 -1.113970756149
  1294 -1.113970756149
  1295 -1.113970756149
  1296 -1.113970756149
  1297 -1.113970756149
  1298 -1.113970756149
  1299 -1.113970756149
  1300 -1.113970756149
  1301 -1.113970756149
  1302 -1.113970756149
  1303 -1.113970756149
  1304 -1.113970756149
  1305 -1.113970756149
  1306 -1.113970756149
  1307 -1.113970756149
  1308 -1.113970756149
  1309 -1.113970756149
  1310 -1.113970756149
  1311 -1.113970756149
  1312 -1.113970756149
  1313 -1.113970756149
  1314 -1.113970756149
  1315 -1.113970756149
  1316 -1.113970756149
  1317 -1.113970756149
  1318 -1.113970756149
  1319 -1.113970756149
  1320 -1.113970756149
  1321 -1.113970756149
  1322 -1.113970756149
  1323 -1.113970756149
  1324 -1.113970756149
  1325 -1.113970756149
  1326 -1.113970756149
  1327 -1.113970756149
  1328 -1.113970756149
  1329 -1.113970756149
  1330 -1.113970756149
  1331 -1.113970756149
  1332 -1.113970756149
  1333 -1.113970756149
  1334 -1.113970756149
  1335 -1.113970756149
  1336 -1.113970756149
  1337 -1.113970756149
  1338 -1.113970756149
  1339 -1.113970756149
  1340 -1.113970756149
  1341 -1.113970756149
  1342 -1.113970756149
  1343 -1.113970756149
  1344 -1.113970756149
  1345 -1.113970756149
  1346 -1.113970756149
  1347 -1.113970756149
  1348 -1.113970756149
  1349 -1.113970756149
  1350 -1.113970756149
  1351 -1.113970756149
  1352 -1.113970756149
  1353 -1.113970756149
  1354 -1.113970756149
  1355 -1.113970756149
  1356 -1.113970756149
  1357 -1.113970756149
  1358 -1.113970756149
  1359 -1.113970756149
  1360 -1.113970756149
  1361 -1.113970756149
  1362 -1.113970756149
  1363 -1.113970756149
  1364 -1.113970756149
  1365 -1.113970756149
  1366 -1.113970756149
  1367 -1.113970756149
  1368 -1.113970756149
  1369 -1.113970756149
  1370 -1.113970756149
  1371 -1.113970756149
  1372 -1.113970756149
  1373 -1.113970756149
  1374 -1.113970756149
  1375 -1.113970756149
  1376 -1.113970756149
  1377 -1.113970756149
  1378 -1.113970756149
  1379 -1.113970756149
  1380 -1.113970756149
  1381 -1.113970756149
  1382 -1.113970756149
  1383 -1.113970756149
  1384 -1.113970756149
  1385 -1.113970756149
  1386 -1.113970756149
  1387 -1.113970756149
  1388 -1.113970756149
  1389 -1.113970756149
  1390 -1.113970756149
  1391 -1.113970756149
  1392 -1.113970756149
  1393 -1.113970756149
  1394 -1.113970756149
  1395 -1.113970756149
  1396 -1.113970756149
  1397 -1.113970756149
  1398 -1.113970756149
  1399 -1.113970756149
  1400 -1.113970756149
  1401 -1.113970756149
  1402 -1.113970756149
  1403 -1.113970756149
  1404 -1.113970756149
  1405 -1.113970756149
  1406 -1.113970756149
  1407 -1.113970756149
  1408 -1.113970756149
  1409 -1.113970756149
  1410 -1.113970756149
  1411 -1.113970756149
  1412 -1.113970756149
  1413 -1.113970756149
  1414 -1.113970756149
  1415 -1.113970756149
  1416 -1.113970756149
  1417 -1.113970756149
  1418 -1.113970756149
  1419 -1.113970756149
  1420 -1.113970756149
  1421 -1.113970756149
  1422 -1.113970756149
  1423 -1.113970756149
  1424 -1.113970756149
  1425 -1.113970756149
  1426 -1.113970756149
  1427 -1.113970756149
  1428 -1.113970756149
  1429 -1.113970756149
  1430 -1.113970756149
  1431 -1.113970756149
  1432 -1.113970756149
  1433 -1.113970756149
  1434 -1.113970756149
  1435 -1.113970756149
  1436 -1.113970756149
  1437 -1.113970756149
  1438 -1.113970756149
  1439 -1.113970756149
  1440 -1.113970756149
  1441 -1.113970756149
  1442 -1.113970756149
  1443 -1.113970756149
  1444 -1.113970756149
  1445 -1.113970756149
  1446 -1.113970756149
  1447 -1.113970756149
  1448 -1.113970756149
  1449 -1.113970756149
  1450 -1.113970756149
  1451 -1.113970756149
  1452 -1.113970756149
  1453 -1.113970756149
  1454 -1.113970756149
  1455 -1.113970756149
  1456 -1.113970756149
  1457 -1.113970756149
  1458 -1.113970756149
  1459 -1.113970756149
  1460 -1.113970756149
  1461 -1.113970756149
  1462 -1.113970756149
  1463 -1.113970756149
  1464 -1.113970756149
  1465 -1.113970756149
  1466 -1.113970756149
  1467 -1.113970756149
  1468 -1.113970756149
  1469 -1.113970756149
  1470 -1.113970756149
  1471 -1.113970756149
  1472 -1.113970756149
  1473 -1.113970756149
  1474 -1.113970756149
  1475 -1.113970756149
  1476 -1.113970756149
  1477 -1.113970756149
  1478 -1.113970756149
  1479 -1.113970756149
  1480 -1.113970756149
  1481 -1.113970756149
  1482 -1.113970756149
  1483 -1.113970756149
  1484 -1.113970756149
  1485 -1.113970756149
  1486 -1.113970756149
  1487 -1.113970756149
  1488 -1.113970756149
  1489 -1.113970756149
  1490 -1.113970756149
  1491 -1.113970756149
  1492 -1.113970756149
  1493 -1.113970756149
  1494 -1.113970756149
  1495 -1.113970756149
  1496 -1.113970756149
  1497 -1.113970756149
  1498 -1.113970756149
  1499 -1.113970756149
  1500 -1.113970756149
  1501 -1.113970756149
  1502 -1.113970756149
  1503 -1.113970756149
  1504 -1.113970756149
  1505 -1.113970756149
  1506 -1.113970756149
  1507 -1.113970756149
  1508 -1.113970756149
  1509 -1.113970756149
  1510 -1.113970756149
  1511 -1.113970756149
  1512 -1.113970756149
  1513 -1.113970756149
  1514 -1.113970756149
  1515 -1.113970756149
  1516 -1.113970756149
  1517 -1.113970756149
  1518 -1.113970756149
  1519 -1.113970756149
  1520 -1.113970756149
  1521 -1.113970756149
  1522 -1.113970756149
  1523 -1.113970756149
  1524 -1.113970756149
  1525 -1.113970756149
  1526 -1.113970756149
  1527 -1.113970756149
  1528 -1.113970756149
  1529 -1.113970756149
  1530 -1.113970756149
  1531 -1.113970756149
  1532 -1.113970756149
  1533 -1.113970756149
  1534 -1.113970756149
  1535 -1.113970756149
  1536 -1.113970756149
  1537 -1.113970756149
  1538 -1.113970756149
  1539 -1.113970756149
  1540 -1.113970756149
  1541 -1.113970756149
  1542 -1.113970756149
  1543 -1.113970756149
  1544 -1.113970756149
  1545 -1.113970756149
  1546 -1.113970756149
  1547 -1.113970756149
  1548 -1.113970756149
  1549 -1.113970756149
  1550 -1.113970756149
  1551 -1.113970756149
  1552 -1.113970756149
  1553 -1.113970756149
  1554 -1.113970756149
  1555 -1.113970756149
  1556 -1.113970756149
  1557 -1.113970756149
  1558 -1.113970756149
  1559 -1.113970756149
  1560 -1.113970756149
  1561 -1.113970756149
  1562 -1.113970756149
  1563 -1.113970756149
  1564 -1.113970756149
  1565 -1.113970756149
  1566 -1.113970756149
  1567 -1.113970756149
  1568 -1.113970756149
  1569 -1.113970756149
  1570 -1.113970756149
  1571 -1.113970756149
  1572 -1.113970756149
  1573 -1.113970756149
  1574 -1.113970756149
  1575 -1.113970756149
  1576 -1.113970756149
  1577 -1.113970756149
  1578 -1.113970756149
  1579 -1.113970756149
  1580 -1.113970756149
  1581 -1.113970756149
  1582 -1.113970756149
  1583 -1.113970756149
  1584 -1.113970756149
  1585 -1.113970756149
  1586 -1.113970756149
  1587 -1.113970756149
  1588 -1.113970756149
  1589 -1.113970756149
  1590 -1.113970756149
  1591 -1.113970756149
  1592 -1.113970756149
  1593 -1.113970756149
  1594 -1.113970756149
  1595 -1.113970756149
  1596 -1.113970756149
  1597 -1.113970756149
  1598 -1.113970756149
  1599 -1.113970756149
  1600 -1.113970756149
  1601 -1.113970756149
  1602 -1.113970756149
  1603 -1.113970756149
  1604 -1.113970756149
  1605 -1.113970756149
  1606 -1.113970756149
  1607 -1.113970756149
  1608 -1.113970756149
  1609 -1.113970756149
  1610 -1.113970756149
  1611 -1.113970756149
  1612 -1.113970756149
  1613 -1.113970756149
  1614 -1.113970756149
  1615 -1.113970756149
  1616 -1.113970756149
  1617 -1.113970756149
  1618 -1.113970756149
  1619 -1.113970756149
  1620 -1.113970756149
  1621 -1.113970756149
  1622 -1.113970756149
  1623 -1.113970756149
  1624 -1.113970756149
  1625 -1.113970756149
  1626 -1.113970756149
  1627 -1.113970756149
  1628 -1.113970756149
  1629 -1.113970756149
  1630 -1.113970756149
  1631 -1.113970756149
  1632 -1.113970756149
  1633 -1.113970756149
  1634 -1.113970756149
  1635 -1.113970756149
  1636 -1.113970756149
  1637 -1.113970756149
  1638 -1.113970756149
  1639 -1.113970756149
  1640 -1.113970756149
  1641 -1.113970756149
  1642 -1.113970756149
  1643 -1.113970756149
  1644 -1.113970756149
  1645 -1.113970756149
  1646 -1.113970756149
  1647 -1.113970756149
  1648 -1.113970756149
  1649 -1.113970756149
  1650 -1.113970756149
  1651 -1.113970756149
  1652 -1.113970756149
  1653 -1.113970756149
  1654 -1.113970756149
  1655 -1.113970756149
  1656 -1.113970756149
  1657 -1.113970756149
  1658 -1.113970756149
  1659 -1.113970756149
  1660 -1.113970756149
  1661 -1.113970756149
  1662 -1.113970756149
  1663 -1.113970756149
  1664 -1.113970756149
  1665 -1.113970756149
  1666 -1.113970756149
  1667 -1.113970756149
  1668 -1.113970756149
  1669 -1.113970756149
  1670 -1.113970756149
  1671 -1.113970756149
  1672 -1.113970756149
  1673 -1.113970756149
  1674 -1.113970756149
  1675 -1.113970756149
  1676 -1.113970756149
  1677 -1.113970756149
  1678 -1.113970756149
  1679 -1.113970756149
  1680 -1.113970756149
  1681 -1.113970756149
  1682 -1.113970756149
  1683 -1.113970756149
  1684 -1.113970756149
  1685 -1.113970756149
  1686 -1.113970756149
  1687 -1.113970756149
  1688 -1.113970756149
  1689 -1.113970756149
  1690 -1.113970756149
  1691 -1.113970756149
  1692 -1.113970756149
  1693 -1.113970756149
  1694 -1.113970756149
  1695 -1.113970756149
  1696 -1.113970756149
  1697 -1.113970756149
  1698 -1.113970756149
  1699 -1.113970756149
  1700 -1.113970756149
  1701 -1.113970756149
  1702 -1.113970756149
  1703 -1.113970756149
  1704 -1.113970756149
  1705 -1.113970756149
  1706 -1.113970756149
  1707 -1.113970756149
  1708 -1.113970756149
  1709 -1.113970756149
  1710 -1.113970756149
  1711 -1.113970756149
  1712 -1.113970756149
  1713 -1.113970756149
  1714 -1.113970756149
  1715 -1.113970756149
  1716 -1.113970756149
  1717 -1.113970756149
  1718 -1.113970756149
  1719 -1.113970756149
  1720 -1.113970756149
  1721 -1.113970756149
  1722 -1.113970756149
  1723 -1.113970756149
  1724 -1.113970756149
  1725 -1.113970756149
  1726 -1.113970756149
  1727 -1.113970756149
  1728 -1.113970756149
  1729 -1.113970756149
  1730 -1.113970756149
  1731 -1.113970756149
  1732 -1.113970756149
  1733 -1.113970756149
  1734 -1.113970756149
  1735 -1.113970756149
  1736 -1.113970756149
  1737 -1.113970756149
  1738 -1.113970756149
  1739 -1.113970756149
  1740 -1.113970756149
  1741 -1.113970756149
  1742 -1.113970756149
  1743 -1.113970756149
  1744 -1.113970756149
  1745 -1.113970756149
  1746 -1.113970756149
  1747 -1.113970756149
  1748 -1.113970756149
  1749 -1.113970756149
  1750 -1.113970756149
  1751 -1.113970756149
  1752 -1.113970756149
  1753 -1.113970756149
  1754 -1.113970756149
  1755 -1.113970756149
  1756 -1.113970756149
  1757 -1.113970756149
  1758 -1.113970756149
  1759 -1.113970756149
  1760 -1.113970756149
  1761 -1.113970756149
  1762 -1.113970756149
  1763 -1.113970756149
  1764 -1.113970756149
  1765 -1.113970756149
  1766 -1.113970756149
  1767 -1.113970756149
  1768 -1.113970756149
  1769 -1.113970756149
  1770 -1.113970756149
  1771 -1.113970756149
  1772 -1.113970756149
  1773 -1.113970756149
  1774 -1.113970756149
  1775 -1.113970756149
  1776 -1.113970756149
  1777 -1.113970756149
  1778 -1.113970756149
  1779 -1.113970756149
  1780 -1.113970756149
  1781 -1.113970756149
  1782 -1.113970756149
  1783 -1.113970756149
  1784 -1.113970756149
  1785 -1.113970756149
  1786 -1.113970756149
  1787 -1.113970756149
  1788 -1.113970756149
  1789 -1.113970756149
  1790 -1.113970756149
  1791 -1.113970756149
  1792 -1.113970756149
  1793 -1.113970756149
  1794 -1.113970756149
  1795 -1.113970756149
  1796 -1.113970756149
  1797 -1.113970756149
  1798 -1.113970756149
  1799 -1.113970756149
  1800 -1.113970756149
  1801 -1.113970756149
  1802 -1.113970756149
  1803 -1.113970756149
  1804 -1.113970756149
  1805 -1.113970756149
  1806 -1.113970756149
  1807 -1.113970756149
  1808 -1.113970756149
  1809 -1.113970756149
  1810 -1.113970756149
  1811 -1.113970756149
  1812 -1.113970756149
  1813 -1.113970756149
  1814 -1.113970756149
  1815 -1.113970756149
  1816 -1.113970756149
  1817 -1.113970756149
  1818 -1.113970756149
  1819 -1.113970756149
  1820 -1.113970756149
  1821 -1.113970756149
  1822 -1.113970756149
  1823 -1.113970756149
  1824 -1.113970756149
  1825 -1.113970756149
  1826 -1.113970756149
  1827 -1.113970756149
  1828 -1.113970756149
  1829 -1.113970756149
  1830 -1.113970756149
  1831 -1.113970756149
  1832 -1.113970756149
  1833 -1.113970756149
  1834 -1.113970756149
  1835 -1.113970756149
  1836 -1.113970756149
  1837 -1.113970756149
  1838 -1.113970756149
  1839 -1.113970756149
  1840 -1.113970756149
  1841 -1.113970756149
  1842 -1.113970756149
  1843 -1.113970756149
  1844 -1.113970756149
  1845 -1.113970756149
  1846 -1.113970756149
  1847 -1.113970756149
  1848 -1.113970756149
  1849 -1.113970756149
  1850 -1.113970756149
  1851 -1.113970756149
  1852 -1.113970756149
  1853 -1.113970756149
  1854 -1.113970756149
  1855 -1.113970756149
  1856 -1.113970756149
  1857 -1.113970756149
  1858 -1.113970756149
  1859 -1.113970756149
  1860 -1.113970756149
  1861 -1.113970756149
  1862 -1.113970756149
  1863 -1.113970756149
  1864 -1.113970756149
  1865 -1.113970756149
  1866 -1.113970756149
  1867 -1.113970756149
  1868 -1.113970756149
  1869 -1.113970756149
  1870 -1.113970756149
  1871 -1.113970756149
  1872 -1.113970756149
  1873 -1.113970756149
  1874 -1.113970756149
  1875 -1.113970756149
  1876 -1.113970756149
  1877 -1.113970756149
  1878 -1.113970756149
  1879 -1.113970756149
  1880 -1.113970756149
  1881 -1.113970756149
  1882 -1.113970756149
  1883 -1.113970756149
  1884 -1.113970756149
  1885 -1.113970756149
  1886 -1.113970756149
  1887 -1.113970756149
  1888 -1.113970756149
  1889 -1.113970756149
  1890 -1.113970756149
  1891 -1.113970756149
  1892 -1.113970756149
  1893 -1.113970756149
  1894 -1.113970756149
  1895 -1.113970756149
  1896 -1.113970756149
  1897 -1.113970756149
  1898 -1.113970756149
  1899 -1.113970756149
  1900 -1.113970756149
  1901 -1.113970756149
  1902 -1.113970756149
  1903 -1.113970756149
  1904 -1.113970756149
  1905 -1.113970756149
  1906 -1.113970756149
  1907 -1.113970756149
  1908 -1.113970756149
  1909 -1.113970756149
  1910 -1.113970756149
  1911 -1.113970756149
  1912 -1.113970756149
  1913 -1.113970756149
  1914 -1.113970756149
  1915 -1.113970756149
  1916 -1.113970756149
  1917 -1.113970756149
  1918 -1.113970756149
  1919 -1.113970756149
  1920 -1.113970756149
  1921 -1.113970756149
  1922 -1.113970756149
  1923 -1.113970756149
  1924 -1.113970756149
  1925 -1.113970756149
  1926 -1.113970756149
  1927 -1.113970756149
  1928 -1.113970756149
  1929 -1.113970756149
  1930 -1.113970756149
  1931 -1.113970756149
  1932 -1.113970756149
  1933 -1.113970756149
  1934 -1.113970756149
  1935 -1.113970756149
  1936 -1.113970756149
  1937 -1.113970756149
  1938 -1.113970756149
  1939 -1.113970756149
  1940 -1.113970756149
  1941 -1.113970756149
  1942 -1.113970756149
  1943 -1.113970756149
  1944 -1.113970756149
  1945 -1.113970756149
  1946 -1.113970756149
  1947 -1.113970756149
  1948 -1.113970756149
  1949 -1.113970756149
  1950 -1.113970756149
  1951 -1.113970756149
  1952 -1.113970756149
  1953 -1.113970756149
  1954 -1.113970756149
  1955 -1.113970756149
  1956 -1.113970756149
  1957 -1.113970756149
  1958 -1.113970756149
  1959 -1.113970756149
  1960 -1.113970756149
  1961 -1.113970756149
  1962 -1.113970756149
  1963 -1.113970756149
  1964 -1.113970756149
  1965 -1.113970756149
  1966 -1.113970756149
  1967 -1.113970756149
  1968 -1.113970756149
  1969 -1.113970756149
  1970 -1.113970756149
  1971 -1.113970756149
  1972 -1.113970756149
  1973 -1.113970756149
  1974 -1.113970756149
  1975 -1.113970756149
  1976 -1.113970756149
  1977 -1.113970756149
  1978 -1.113970756149
  1979 -1.113970756149
  1980 -1.113970756149
  1981 -1.113970756149
  1982 -1.113970756149
  1983 -1.113970756149
  1984 -1.113970756149
  1985 -1.113970756149
  1986 -1.113970756149
  1987 -1.113970756149
  1988 -1.113970756149
  1989 -1.113970756149
  1990 -1.113970756149
  1991 -1.113970756149
  1992 -1.113970756149
  1993 -1.113970756149
  1994 -1.113970756149
  1995 -1.113970756149
  1996 -1.113970756149
  1997 -1.113970756149
  1998 -1.113970756149
  1999 -1.113970756149
  2000 -1.113970756149
