     1 -0.912016325002
     2 -0.950511571489
     3 -0.994078801637
     4 -1.002541801581
     5 -1.004500699406
     6 -1.005494983572
     7 -1.005997536867
     8 -1.006247103656
     9 -1.006375370952
    10 -1.006446074852
    11 -1.006489419102
    12 -1.006519780054
    13 -1.006544033387
    14 -1.006565516701
    15 -1.006585837623
    16 -1.006605788093
    17 -1.006625745515
    18 -1.006645880840
    19 -1.006666259147
    20 -1.006686872690
    21 -1.006707696232
    22 -1.006728656312
    23 -1.006749678300
    24 -1.006770657772
    25 -1.006791490301
    26 -1.006812068916
    27 -1.006832282017
    28 -1.006852024321
    29 -1.006871189024
    30 -1.006889690521
    31 -1.006907458002
    32 -1.006924427982
    33 -1.006940556692
    34 -1.006955820342
    35 -1.006970199898
    36 -1.006983700121
    37 -1.006996333305
    38 -1.007008122683
    39 -1.007019096309
    40 -1.007029290099
    41 -1.007038742046
    42 -1.007047499231
    43 -1.007055600456
    44 -1.007063091711
    45 -1.007070013683
    46 -1.007076412553
    47 -1.007082321601
    48 -1.007087785921
    49 -1.007092834508
    50 -1.007097501042
    51 -1.144654657336
    52 -0.994115291314
    53 -0.994891268454
    54 -1.001084216502
    55 -1.001156393378
    56 -1.003989760110
    57 -1.004543726768
    58 -1.005537306378
    59 -1.006021058363
    60 -1.006406598597
    61 -1.006647649912
    62 -1.006809060310
    63 -1.006916019338
    64 -1.006988182722
    65 -1.007037514570
    66 -1.007071626580
    67 -1.007095432776
    68 -1.007112184138
    69 -1.007124072743
    70 -1.007132575284
    71 -1.007138724978
    72 -1.007143228536
    73 -1.007146563024
    74 -1.007149072488
    75 -1.007150985025
    76 -1.007152475194
    77 -1.007153655114
    78 -1.007154602096
    79 -1.007155381935
    80 -1.007156021250
    81 -1.007156567220
    82 -1.007157032807
    83 -1.007157433514
    84 -1.007157789062
    85 -1.007158097765
    86 -1.007158381297
    87 -1.007158631735
    88 -1.007158852404
    89 -1.007159058127
    90 -1.007159249021
    91 -1.007159417515
    92 -1.007159574909
    93 -1.007159721838
    94 -1.007159855069
    95 -1.007159980678
    96 -1.007160101032
    97 -1.007160205155
    98 -1.007160307769
    99 -1.007160403869
   100 -1.007160494743
   101 -1.119527867483
   102 -0.978880286353
   103 -0.991781382021
   104 -0.995192273371
   105 -0.997969985082
   106 -1.000787349032
   107 -1.002677240701
   108 -1.004169200383
   109 -1.005087716335
   110 -1.005683937397
   111 -1.006077927032
   112 -1.006350652493
   113 -1.006542687694
   114 -1.006679274623
   115 -1.006777198434
   116 -1.006848213390
   117 -1.006900517248
   118 -1.006939812860
   119 -1.006970001023
   120 -1.006993743991
   121 -1.007012839827
   122 -1.007028527302
   123 -1.007041663114
   124 -1.007052849307
   125 -1.007062504326
   126 -1.007070942357
   127 -1.007078393806
   128 -1.007085026527
   129 -1.007090971734
   130 -1.007096329414
   131 -1.007101184636
   132 -1.007105591655
   133 -1.007109617814
   134 -1.007113296906
   135 -1.007116665764
   136 -1.007119763773
   137 -1.007122611514
   138 -1.007125238309
   139 -1.007127661136
   140 -1.007129900579
   141 -1.007131970769
   142 -1.007133889459
   143 -1.007135668353
   144 -1.007137313603
   145 -1.007138844337
   146 -1.007140269415
   147 -1.007141592602
   148 -1.007142825893
   149 -1.007143971892
   150 -1.007145045510
   151 -1.106907479957
   152 -0.995860037369
   153 -0.997304547482
   154 -1.000514330460
   155 -1.001977300801
   156 -1.003350324880
   157 -1.004418815843
   158 -1.005223914777
   159 -1.005824114909
   160 -1.006236408373
   161 -1.006514736807
   162 -1.006700272462
   163 -1.006825032224
   164 -1.006910001185
   165 -1.006968804300
   166 -1.007010269214
   167 -1.007040141701
   168 -1.007062179011
   169 -1.007078838300
   170 -1.007091731068
   171 -1.007101920913
   172 -1.007110137509
   173 -1.007116864865
   174 -1.007122447503
   175 -1.007127135629
   176 -1.007131115713
   177 -1.007134516106
   178 -1.007137440001
   179 -1.007139978080
   180 -1.007142180469
   181 -1.007144113751
   182 -1.007145808107
   183 -1.007147300926
   184 -1.007148622099
   185 -1.007149794732
   186 -1.007150835729
   187 -1.007151767140
   188 -1.007152601807
   189 -1.007153351007
   190 -1.007154024652
   191 -1.007154631456
   192 -1.007155179096
   193 -1.007155674336
   194 -1.007156123150
   195 -1.007156537726
   196 -1.007156908904
   197 -1.007157254593
   198 -1.007157564753
   199 -1.007157856283
   200 -1.007158118492
   201 -1.115720113905
   202 -0.985631106261
   203 -0.993317835361
   204 -0.997330030891
   205 -1.000869850922
   206 -1.003075569709
   207 -1.004640130110
   208 -1.005630889452
   209 -1.006196983162
   210 -1.006526189826
   211 -1.006723720336
   212 -1.006847858947
   213 -1.006929293837
   214 -1.006984930157
   215 -1.007024392088
   216 -1.007053333327
   217 -1.007075179894
   218 -1.007092075308
   219 -1.007105390215
   220 -1.007116052314
   221 -1.007124688488
   222 -1.007131750723
   223 -1.007137567075
   224 -1.007142382750
   225 -1.007146385950
   226 -1.007149718492
   227 -1.007152500908
   228 -1.007154828278
   229 -1.007156768794
   230 -1.007158389289
   231 -1.007159743377
   232 -1.007160863179
   233 -1.007161793682
   234 -1.007162560435
   235 -1.007163189351
   236 -1.007163702610
   237 -1.007164119190
   238 -1.007164445223
   239 -1.007164704506
   240 -1.007164903755
   241 -1.007165052954
   242 -1.007165160594
   243 -1.007165233878
   244 -1.007165278906
   245 -1.007165295509
   246 -1.007165293268
   247 -1.007165270436
   248 -1.007165240802
   249 -1.007165196114
   250 -1.007165143870
   251 -1.141798540283
   252 -0.993896558041
   253 -0.997413823088
   254 -1.001160502721
   255 -1.003768943289
   256 -1.005266445604
   257 -1.006068432861
   258 -1.006507654401
   259 -1.006757318643
   260 -1.006902826656
   261 -1.006990038030
   262 -1.007043732067
   263 -1.007077755512
   264 -1.007099940272
   265 -1.007114844414
   266 -1.007125135209
   267 -1.007132433674
   268 -1.007137746292
   269 -1.007141705630
   270 -1.007144723900
   271 -1.007147067895
   272 -1.007148924907
   273 -1.007150422721
   274 -1.007151648844
   275 -1.007152664795
   276 -1.007153524697
   277 -1.007154259628
   278 -1.007154893805
   279 -1.007155445559
   280 -1.007155935034
   281 -1.007156367045
   282 -1.007156752543
   283 -1.007157101721
   284 -1.007157417295
   285 -1.007157705027
   286 -1.007157966910
   287 -1.007158214870
   288 -1.007158436845
   289 -1.007158640979
   290 -1.007158835178
   291 -1.007159013799
   292 -1.007159184506
   293 -1.007159334881
   294 -1.007159485653
   295 -1.007159624308
   296 -1.007159751564
   297 -1.007159871355
   298 -1.007159984269
   299 -1.007160094124
   300 -1.007160194913
   301 -1.150005426742
   302 -0.982707298467
   303 -0.989440739383
   304 -0.996484590724
   305 -0.999915518155
   306 -1.003420509935
   307 -1.005047313672
   308 -1.005921864156
   309 -1.006362438874
   310 -1.006612401150
   311 -1.006762600536
   312 -1.006856994216
   313 -1.006918660974
   314 -1.006960653229
   315 -1.006990495772
   316 -1.007012631479
   317 -1.007029724966
   318 -1.007043403633
   319 -1.007054695657
   320 -1.007064249300
   321 -1.007072492923
   322 -1.007079717677
   323 -1.007086130497
   324 -1.007091869062
   325 -1.007097041623
   326 -1.007101734271
   327 -1.007106006994
   328 -1.007109903977
   329 -1.007113484613
   330 -1.007116767353
   331 -1.007119788581
   332 -1.007122574689
   333 -1.007125148596
   334 -1.007127530325
   335 -1.007129732484
   336 -1.007131770845
   337 -1.007133668990
   338 -1.007135424816
   339 -1.007137059013
   340 -1.007138581433
   341 -1.007140000982
   342 -1.007141321313
   343 -1.007142549923
   344 -1.007143702232
   345 -1.007144775698
   346 -1.007145776062
   347 -1.007146712713
   348 -1.007147590359
   349 -1.007148409309
   350 -1.007149181681
   351 -1.007149903169
   352 -1.007150577323
   353 -1.007151215168
   354 -1.007151811890
   355 -1.007152370335
   356 -1.007152893142
   357 -1.007153390242
   358 -1.007153856361
   359 -1.007154293652
   360 -1.007154704116
   361 -1.007155093247
   362 -1.007155462734
   363 -1.007155803423
   364 -1.007156131192
   365 -1.007156440293
   366 -1.007156728566
   367 -1.007157004320
   368 -1.007157258254
   369 -1.007157505417
   370 -1.007157739886
   371 -1.007157955799
   372 -1.007158160980
   373 -1.007158359696
   374 -1.007158545968
   375 -1.007158723981
   376 -1.007158887743
   377 -1.007159044689
   378 -1.007159195463
   379 -1.007159340685
   380 -1.007159474307
   381 -1.007159603530
   382 -1.007159722273
   383 -1.007159837636
   384 -1.007159950081
   385 -1.007160053510
   386 -1.007160148370
   387 -1.007160241584
   388 -1.007160333523
   389 -1.007160418068
   390 -1.007160502048
   391 -1.007160579325
   392 -1.007160650219
   393 -1.007160721463
   394 -1.007160786905
   395 -1.007160846821
   396 -1.007160907871
   397 -1.007160963898
   398 -1.007161021524
   399 -1.007161074592
   400 -1.007161123314
   401 -1.007161167886
   402 -1.007161214845
   403 -1.007161258026
   404 -1.007161297606
   405 -1.007161340078
   406 -1.007161372947
   407 -1.007161408999
   408 -1.007161442057
   409 -1.007161478569
   410 -1.007161506062
   411 -1.007161537251
   412 -1.007161565956
   413 -1.007161592293
   414 -1.007161616364
   415 -1.007161644547
   416 -1.007161664395
   417 -1.007161688537
   418 -1.007161710794
   419 -1.007161731255
   420 -1.007161749997
   421 -1.007161767092
   422 -1.007161782611
   423 -1.007161802872
   424 -1.007161815458
   425 -1.007161832915
   426 -1.007161849065
   427 -1.007161863971
   428 -1.007161877687
   429 -1.007161890261
   430 -1.007161901740
   431 -1.007161912170
   432 -1.007161921595
   433 -1.007161936286
   434 -1.007161943850
   435 -1.007161956763
   436 -1.007161962628
   437 -1.007161973908
   438 -1.007161984430
   439 -1.007161988014
   440 -1.007161997105
   441 -1.007162005528
   442 -1.007162013317
   443 -1.007162020503
   444 -1.007162027107
   445 -1.007162033156
   446 -1.007162038669
   447 -1.007162043671
   448 -1.007162048182
   449 -1.007162052223
   450 -1.007162062020
   451 -1.007162065202
   452 -1.007162067977
   453 -1.007162076559
   454 -1.007162078577
   455 -1.007162080235
   456 -1.007162087742
   457 -1.007162088731
   458 -1.007162095604
   459 -1.007162095988
   460 -1.007162102278
   461 -1.007162102104
   462 -1.007162107858
   463 -1.007162107171
   464 -1.007162112432
   465 -1.007162111274
   466 -1.007162116083
   467 -1.007162120688
   468 -1.007162118910
   469 -1.007162123124
   470 -1.007162127158
   471 -1.007162124832
   472 -1.007162128520
   473 -1.007162132049
   474 -1.007162129240
   475 -1.007162132463
   476 -1.007162135548
   477 -1.007162138505
   478 -1.007162135152
   479 -1.007162137852
   480 -1.007162140433
   481 -1.007162142909
   482 -1.007162145284
   483 -1.007162141373
   484 -1.007162143535
   485 -1.007162145601
   486 -1.007162147581
   487 -1.007162149482
   488 -1.007162151307
   489 -1.007162153056
   490 -1.007162148544
   491 -1.007162150129
   492 -1.007162151640
   493 -1.007162153088
   494 -1.007162154479
   495 -1.007162155814
   496 -1.007162157095
   497 -1.007162158324
   498 -1.007162159502
   499 -1.007162154442
   500 -1.007162155501
   501 -1.007162156507
   502 -1.007162157472
   503 -1.007162158399
   504 -1.007162159291
   505 -1.007162160147
   506 -1.007162160969
   507 -1.007162161757
   508 -1.007162162513
   509 -1.007162163237
   510 -1.007162163931
   511 -1.007162164595
   512 -1.007162165232
   513 -1.007162165842
   514 -1.007162166425
   515 -1.007162160797
   516 -1.007162161309
   517 -1.007162161792
   518 -1.007162162255
   519 -1.007162162702
   520 -1.007162163133
   521 -1.007162163549
   522 -1.007162163949
   523 -1.007162164333
   524 -1.007162164702
   525 -1.007162165056
   526 -1.007162165395
   527 -1.007162165721
   528 -1.007162166033
   529 -1.007162166332
   530 -1.007162166618
   531 -1.007162166892
   532 -1.007162167155
   533 -1.007162167406
   534 -1.007162167646
   535 -1.007162167877
   536 -1.007162168097
   537 -1.007162168309
   538 -1.007162168511
   539 -1.007162168704
   540 -1.007162168889
   541 -1.007162169066
   542 -1.007162169236
   543 -1.007162169398
   544 -1.007162169554
   545 -1.007162169702
   546 -1.007162169845
   547 -1.007162169981
   548 -1.007162170111
   549 -1.007162170236
   550 -1.007162170356
   551 -1.007162170470
   552 -1.007162170579
   553 -1.007162170684
   554 -1.007162170784
   555 -1.007162170880
   556 -1.007162170972
   557 -1.007162171059
   558 -1.007162171144
   559 -1.007162171224
   560 -1.007162171301
   561 -1.007162171375
   562 -1.007162171445
   563 -1.007162171512
   564 -1.007162171577
   565 -1.007162171639
   566 -1.007162171698
   567 -1.007162171755
   568 -1.007162171809
   569 -1.007162171860
   570 -1.007162171910
   571 -1.007162171958
   572 -1.007162172003
   573 -1.007162172046
   574 -1.007162172088
   575 -1.007162172128
   576 -1.007162172166
   577 -1.007162172202
   578 -1.007162172237
   579 -1.007162172271
   580 -1.007162172303
   581 -1.007162172333
   582 -1.007162172362
   583 -1.007162172390
   584 -1.007162172417
   585 -1.007162172443
   586 -1.007162172467
   587 -1.007162172491
   588 -1.007162172513
   589 -1.007162172535
   590 -1.007162172556
   591 -1.007162172575
   592 -1.007162172594
   593 -1.007162172612
   594 -1.007162172629
   595 -1.007162172646
   596 -1.007162172662
   597 -1.007162172677
   598 -1.007162172691
   599 -1.007162172705
   600 -1.007162172719
   601 -1.007162172731
   602 -1.007162172743
   603 -1.007162172755
   604 -1.007162172766
   605 -1.007162172777
   606 -1.007162172787
   607 -1.007162172797
   608 -1.007162172806
   609 -1.007162172815
   610 -1.007162172824
   611 -1.007162172832
   612 -1.007162172840
   613 -1.007162172847
   614 -1.007162172854
   615 -1.007162172861
   616 -1.007162172868
   617 -1.007162172874
   618 -1.007162172880
   619 -1.007162172886
   620 -1.007162172891
   621 -1.007162172896
   622 -1.007162172902
   623 -1.007162172906
   624 -1.007162172911
   625 -1.007162166730
   626 -1.007162166711
   627 -1.007162166685
   628 -1.007162166662
   629 -1.007162166644
   630 -1.007162166629
   631 -1.007162166619
   632 -1.007162166610
   633 -1.007162166604
   634 -1.007162166599
   635 -1.007162166595
   636 -1.007162166592
   637 -1.007162166589
   638 -1.007162166588
   639 -1.007162166586
   640 -1.007162166585
   641 -1.007162166584
   642 -1.007162166583
   643 -1.007162166583
   644 -1.007162166582
   645 -1.007162166582
   646 -1.007162166582
   647 -1.007162166582
   648 -1.007162166581
   649 -1.007162166581
   650 -1.007162166581
   651 -1.007162166581
   652 -1.007162166581
   653 -1.007162166581
   654 -1.007162166581
   655 -1.007162166581
   656 -1.007162166581
   657 -1.007162166581
   658 -1.007162166582
   659 -1.007162166582
   660 -1.007162166582
   661 -1.007162166582
   662 -1.007162166582
   663 -1.007162166582
   664 -1.007162166582
   665 -1.007162166582
   666 -1.007162166582
   667 -1.007162166582
   668 -1.007162166582
   669 -1.007162166582
   670 -1.007162166582
   671 -1.007162166582
   672 -1.007162166582
   673 -1.007162166583
   674 -1.007162166583
   675 -1.007162166583
   676 -1.007162166583
   677 -1.007162166583
   678 -1.007162166583
   679 -1.007162166583
   680 -1.007162166583
   681 -1.007162166583
   682 -1.007162166583
   683 -1.007162166583
   684 -1.007162166583
   685 -1.007162166583
   686 -1.007162166583
   687 -1.007162166583
   688 -1.007162166583
   689 -1.007162166583
   690 -1.007162166583
   691 -1.007162166583
   692 -1.007162166583
   693 -1.007162166583
   694 -1.007162166583
   695 -1.007162166583
   696 -1.007162166583
   697 -1.007162166583
   698 -1.007162166583
   699 -1.007162166583
   700 -1.007162166583
   701 -1.007162166583
   702 -1.007162166584
   703 -1.007162166584
   704 -1.007162166584
   705 -1.007162166584
   706 -1.007162166584
   707 -1.007162166584
   708 -1.007162166584
   709 -1.007162166584
   710 -1.007162166584
   711 -1.007162166584
   712 -1.007162166584
   713 -1.007162166584
   714 -1.007162166584
   715 -1.007162166584
   716 -1.007162166584
   717 -1.007162166584
   718 -1.007162166584
   719 -1.007162166584
   720 -1.007162166584
   721 -1.007162166584
   722 -1.007162166584
   723 -1.007162166584
   724 -1.007162166584
   725 -1.007162166584
   726 -1.007162166584
   727 -1.007162166584
   728 -1.007162166584
   729 -1.007162166584
   730 -1.007162166584
   731 -1.007162166584
   732 -1.007162166584
   733 -1.007162166584
   734 -1.007162166584
   735 -1.007162166584
   736 -1.007162166584
   737 -1.007162166584
   738 -1.007162166584
   739 -1.007162166584
   740 -1.007162166584
   741 -1.007162166584
   742 -1.007162166584
   743 -1.007162166584
   744 -1.007162166584
   745 -1.007162166584
   746 -1.007162166584
   747 -1.007162166584
   748 -1.007162166584
   749 -1.007162166584
   750 -1.007162166584
   751 -1.007162166584
   752 -1.007162166584
   753 -1.007162166584
   754 -1.007162166584
   755 -1.007162166584
   756 -1.007162166584
   757 -1.007162166584
   758 -1.007162166584
   759 -1.007162166584
   760 -1.007162166584
   761 -1.007162166584
   762 -1.007162166584
   763 -1.007162166584
   764 -1.007162166584
   765 -1.007162166584
   766 -1.007162166584
   767 -1.007162166584
   768 -1.007162166584
   769 -1.007162166584
   770 -1.007162166584
   771 -1.007162166584
   772 -1.007162166584
   773 -1.007162166584
   774 -1.007162166584
   775 -1.007162166584
   776 -1.007162166584
   777 -1.007162166584
   778 -1.007162166584
   779 -1.007162166584
   780 -1.007162166584
   781 -1.007162166584
   782 -1.007162166584
   783 -1.007162166584
   784 -1.007162166584
   785 -1.007162166584
   786 -1.007162166584
   787 -1.007162166584
   788 -1.007162166584
   789 -1.007162166584
   790 -1.007162166584
   791 -1.007162166584
   792 -1.007162166584
   793 -1.007162166584
   794 -1.007162166584
   795 -1.007162166584
   796 -1.007162166584
   797 -1.007162166584
   798 -1.007162166584
   799 -1.007162166584
   800 -1.007162166584
   801 -1.007162166584
   802 -1.007162166584
   803 -1.007162166584
   804 -1.007162166584
   805 -1.007162166584
   806 -1.007162166584
   807 -1.007162166584
   808 -1.007162166584
   809 -1.007162166584
   810 -1.007162166584
   811 -1.007162166584
   812 -1.007162166584
   813 -1.007162166584
   814 -1.007162166584
   815 -1.007162166584
   816 -1.007162166584
   817 -1.007162166584
   818 -1.007162166584
   819 -1.007162166584
   820 -1.007162166584
   821 -1.007162166584
   822 -1.007162166584
   823 -1.007162166584
   824 -1.007162166584
   825 -1.007162166584
   826 -1.007162166584
   827 -1.007162166584
   828 -1.007162166584
   829 -1.007162166584
   830 -1.007162166584
   831 -1.007162166584
   832 -1.007162166584
   833 -1.007162166584
   834 -1.007162166584
   835 -1.007162166584
   836 -1.007162166584
   837 -1.007162166584
   838 -1.007162166584
   839 -1.007162166584
   840 -1.007162166584
   841 -1.007162166584
   842 -1.007162166584
   843 -1.007162166584
   844 -1.007162166584
   845 -1.007162166584
   846 -1.007162166584
   847 -1.007162166584
   848 -1.007162166584
   849 -1.007162166584
   850 -1.007162166584
   851 -1.007162166584
   852 -1.007162166584
   853 -1.007162166584
   854 -1.007162166584
   855 -1.007162166584
   856 -1.007162166584
   857 -1.007162166584
   858 -1.007162166584
   859 -1.007162166584
   860 -1.007162166584
   861 -1.007162166584
   862 -1.007162166584
   863 -1.007162166584
   864 -1.007162166584
   865 -1.007162166584
   866 -1.007162166584
   867 -1.007162166584
   868 -1.007162166584
   869 -1.007162166584
   870 -1.007162166584
   871 -1.007162166584
   872 -1.007162166584
   873 -1.007162166584
   874 -1.007162166584
   875 -1.007162166584
   876 -1.007162166584
   877 -1.007162166584
   878 -1.007162166584
   879 -1.007162166584
   880 -1.007162166584
   881 -1.007162166584
   882 -1.007162166584
   883 -1.007162166584
   884 -1.007162166584
   885 -1.007162166584
   886 -1.007162166584
   887 -1.007162166584
   888 -1.007162166584
   889 -1.007162166584
   890 -1.007162166584
   891 -1.007162166584
   892 -1.007162166584
   893 -1.007162166584
   894 -1.007162166584
   895 -1.007162166584
   896 -1.007162166584
   897 -1.007162166584
   898 -1.007162166584
   899 -1.007162166584
   900 -1.007162166584
   901 -1.007162166584
   902 -1.007162166584
   903 -1.007162166584
   904 -1.007162166584
   905 -1.007162166584
   906 -1.007162166584
   907 -1.007162166584
   908 -1.007162166584
   909 -1.007162166584
   910 -1.007162166584
   911 -1.007162166584
   912 -1.007162166584
   913 -1.007162166584
   914 -1.007162166584
   915 -1.007162166584
   916 -1.007162166584
   917 -1.007162166584
   918 -1.007162166584
   919 -1.007162166584
   920 -1.007162166584
   921 -1.007162166584
   922 -1.007162166584
   923 -1.007162166584
   924 -1.007162166584
   925 -1.007162166584
   926 -1.007162166584
   927 -1.007162166584
   928 -1.007162166584
   929 -1.007162166584
   930 -1.007162166584
   931 -1.007162166584
   932 -1.007162166584
   933 -1.007162166584
   934 -1.007162166584
   935 -1.007162166584
   936 -1.007162166584
   937 -1.007162166584
   938 -1.007162166584
   939 -1.007162166584
   940 -1.007162166584
   941 -1.007162166584
   942 -1.007162166584
   943 -1.007162166584
   944 -1.007162166584
   945 -1.007162166584
   946 -1.007162166584
   947 -1.007162166584
   948 -1.007162166584
   949 -1.007162166584
   950 -1.007162166584
   951 -1.007162166584
   952 -1.007162166584
   953 -1.007162166584
   954 -1.007162166584
   955 -1.007162166584
   956 -1.007162166584
   957 -1.007162166584
   958 -1.007162166584
   959 -1.007162166584
   960 -1.007162166584
   961 -1.007162166584
   962 -1.007162166584
   963 -1.007162166584
   964 -1.007162166584
   965 -1.007162166584
   966 -1.007162166584
   967 -1.007162166584
   968 -1.007162166584
   969 -1.007162166584
   970 -1.007162166584
   971 -1.007162166584
   972 -1.007162166584
   973 -1.007162166584
   974 -1.007162166584
   975 -1.007162166584
   976 -1.007162166584
   977 -1.007162166584
   978 -1.007162166584
   979 -1.007162166584
   980 -1.007162166584
   981 -1.007162166584
   982 -1.007162166584
   983 -1.007162166584
   984 -1.007162166584
   985 -1.007162166584
   986 -1.007162166584
   987 -1.007162166584
   988 -1.007162166584
   989 -1.007162166584
   990 -1.007162166584
   991 -1.007162166584
   992 -1.007162166584
   993 -1.007162166584
   994 -1.007162166584
   995 -1.007162166584
   996 -1.007162166584
   997 -1.007162166584
   998 -1.007162166584
   999 -1.007162166584
  1000 -1.007162166584
  1001 -1.007162166584
  1002 -1.007162166584
  1003 -1.007162166584
  1004 -1.007162166584
  1005 -1.007162166584
  1006 -1.007162166584
  1007 -1.007162166584
  1008 -1.007162166584
  1009 -1.007162166584
  1010 -1.007162166584
  1011 -1.007162166584
  1012 -1.007162166584
  1013 -1.007162166584
  1014 -1.007162166584
  1015 -1.007162166584
  1016 -1.007162166584
  1017 -1.007162166584
  1018 -1.007162166584
  1019 -1.007162166584
  1020 -1.007162166584
  1021 -1.007162166584
  1022 -1.007162166584
  1023 -1.007162166584
  1024 -1.007162166584
  1025 -1.007162166584
  1026 -1.007162166584
  1027 -1.007162166584
  1028 -1.007162166584
  1029 -1.007162166584
  1030 -1.007162166584
  1031 -1.007162166584
  1032 -1.007162166584
  1033 -1.007162166584
  1034 -1.007162166584
  1035 -1.007162166584
  1036 -1.007162166584
  1037 -1.007162166584
  1038 -1.007162166584
  1039 -1.007162166584
  1040 -1.007162166584
  1041 -1.007162166584
  1042 -1.007162166584
  1043 -1.007162166584
  1044 -1.007162166584
  1045 -1.007162166584
  1046 -1.007162166584
  1047 -1.007162166584
  1048 -1.007162166584
  1049 -1.007162166584
  1050 -1.007162166584
  1051 -1.007162166584
  1052 -1.007162166584
  1053 -1.007162166584
  1054 -1.007162166584
  1055 -1.007162166584
  1056 -1.007162166584
  1057 -1.007162166584
  1058 -1.007162166584
  1059 -1.007162166584
  1060 -1.007162166584
  1061 -1.007162166584
  1062 -1.007162166584
  1063 -1.007162166584
  1064 -1.007162166584
  1065 -1.007162166584
  1066 -1.007162166584
  1067 -1.007162166584
  1068 -1.007162166584
  1069 -1.007162166584
  1070 -1.007162166584
  1071 -1.007162166584
  1072 -1.007162166584
  1073 -1.007162166584
  1074 -1.007162166584
  1075 -1.007162166584
  1076 -1.007162166584
  1077 -1.007162166584
  1078 -1.007162166584
  1079 -1.007162166584
  1080 -1.007162166584
  1081 -1.007162166584
  1082 -1.007162166584
  1083 -1.007162166584
  1084 -1.007162166584
  1085 -1.007162166584
  1086 -1.007162166584
  1087 -1.007162166584
  1088 -1.007162166584
  1089 -1.007162166584
  1090 -1.007162166584
  1091 -1.007162166584
  1092 -1.007162166584
  1093 -1.007162166584
  1094 -1.007162166584
  1095 -1.007162166584
  1096 -1.007162166584
  1097 -1.007162166584
  1098 -1.007162166584
  1099 -1.007162166584
  1100 -1.007162166584
  1101 -1.007162166584
  1102 -1.007162166584
  1103 -1.007162166584
  1104 -1.007162166584
  1105 -1.007162166584
  1106 -1.007162166584
  1107 -1.007162166584
  1108 -1.007162166584
  1109 -1.007162166584
  1110 -1.007162166584
  1111 -1.007162166584
  1112 -1.007162166584
  1113 -1.007162166584
  1114 -1.007162166584
  1115 -1.007162166584
  1116 -1.007162166584
  1117 -1.007162166584
  1118 -1.007162166584
  1119 -1.007162166584
  1120 -1.007162166584
  1121 -1.007162166584
  1122 -1.007162166584
  1123 -1.007162166584
  1124 -1.007162166584
  1125 -1.007162166584
  1126 -1.007162166584
  1127 -1.007162166584
  1128 -1.007162166584
  1129 -1.007162166584
  1130 -1.007162166584
  1131 -1.007162166584
  1132 -1.007162166584
  1133 -1.007162166584
  1134 -1.007162166584
  1135 -1.007162166584
  1136 -1.007162166584
  1137 -1.007162166584
  1138 -1.007162166584
  1139 -1.007162166584
  1140 -1.007162166584
  1141 -1.007162166584
  1142 -1.007162166584
  1143 -1.007162166584
  1144 -1.007162166584
  1145 -1.007162166584
  1146 -1.007162166584
  1147 -1.007162166584
  1148 -1.007162166584
  1149 -1.007162166584
  1150 -1.007162166584
  1151 -1.007162166584
  1152 -1.007162166584
  1153 -1.007162166584
  1154 -1.007162166584
  1155 -1.007162166584
  1156 -1.007162166584
  1157 -1.007162166584
  1158 -1.007162166584
  1159 -1.007162166584
  1160 -1.007162166584
  1161 -1.007162166584
  1162 -1.007162166584
  1163 -1.007162166584
  1164 -1.007162166584
  1165 -1.007162166584
  1166 -1.007162166584
  1167 -1.007162166584
  1168 -1.007162166584
  1169 -1.007162166584
  1170 -1.007162166584
  1171 -1.007162166584
  1172 -1.007162166584
  1173 -1.007162166584
  1174 -1.007162166584
  1175 -1.007162166584
  1176 -1.007162166584
  1177 -1.007162166584
  1178 -1.007162166584
  1179 -1.007162166584
  1180 -1.007162166584
  1181 -1.007162166584
  1182 -1.007162166584
  1183 -1.007162166584
  1184 -1.007162166584
  1185 -1.007162166584
  1186 -1.007162166584
  1187 -1.007162166584
  1188 -1.007162166584
  1189 -1.007162166584
  1190 -1.007162166584
  1191 -1.007162166584
  1192 -1.007162166584
  1193 -1.007162166584
  1194 -1.007162166584
  1195 -1.007162166584
  1196 -1.007162166584
  1197 -1.007162166584
  1198 -1.007162166584
  1199 -1.007162166584
  1200 -1.007162166584
  1201 -1.007162166584
  1202 -1.007162166584
  1203 -1.007162166584
  1204 -1.007162166584
  1205 -1.007162166584
  1206 -1.007162166584
  1207 -1.007162166584
  1208 -1.007162166584
  1209 -1.007162166584
  1210 -1.007162166584
  1211 -1.007162166584
  1212 -1.007162166584
  1213 -1.007162166584
  1214 -1.007162166584
  1215 -1.007162166584
  1216 -1.007162166584
  1217 -1.007162166584
  1218 -1.007162166584
  1219 -1.007162166584
  1220 -1.007162166584
  1221 -1.007162166584
  1222 -1.007162166584
  1223 -1.007162166584
  1224 -1.007162166584
  1225 -1.007162166584
  1226 -1.007162166584
  1227 -1.007162166584
  1228 -1.007162166584
  1229 -1.007162166584
  1230 -1.007162166584
  1231 -1.007162166584
  1232 -1.007162166584
  1233 -1.007162166584
  1234 -1.007162166584
  1235 -1.007162166584
  1236 -1.007162166584
  1237 -1.007162166584
  1238 -1.007162166584
  1239 -1.007162166584
  1240 -1.007162166584
  1241 -1.007162166584
  1242 -1.007162166584
  1243 -1.007162166584
  1244 -1.007162166584
  1245 -1.007162166584
  1246 -1.007162166584
  1247 -1.007162166584
  1248 -1.007162166584
  1249 -1.007162166584
  1250 -1.007162166584
  1251 -1.007162166584
  1252 -1.007162166584
  1253 -1.007162166584
  1254 -1.007162166584
  1255 -1.007162166584
  1256 -1.007162166584
  1257 -1.007162166584
  1258 -1.007162166584
  1259 -1.007162166584
  1260 -1.007162166584
  1261 -1.007162166584
  1262 -1.007162166584
  1263 -1.007162166584
  1264 -1.007162166584
  1265 -1.007162166584
  1266 -1.007162166584
  1267 -1.007162166584
  1268 -1.007162166584
  1269 -1.007162166584
  1270 -1.007162166584
  1271 -1.007162166584
  1272 -1.007162166584
  1273 -1.007162166584
  1274 -1.007162166584
  1275 -1.007162166584
  1276 -1.007162166584
  1277 -1.007162166584
  1278 -1.007162166584
  1279 -1.007162166584
  1280 -1.007162166584
  1281 -1.007162166584
  1282 -1.007162166584
  1283 -1.007162166584
  1284 -1.007162166584
  1285 -1.007162166584
  1286 -1.007162166584
  1287 -1.007162166584
  1288 -1.007162166584
  1289 -1.007162166584
  1290 -1.007162166584
  1291 -1.007162166584
  1292 -1.007162166584
  1293 -1.007162166584
  1294 -1.007162166584
  1295 -1.007162166584
  1296 -1.007162166584
  1297 -1.007162166584
  1298 -1.007162166584
  1299 -1.007162166584
  1300 -1.007162166584
  1301 -1.007162166584
  1302 -1.007162166584
  1303 -1.007162166584
  1304 -1.007162166584
  1305 -1.007162166584
  1306 -1.007162166584
  1307 -1.007162166584
  1308 -1.007162166584
  1309 -1.007162166584
  1310 -1.007162166584
  1311 -1.007162166584
  1312 -1.007162166584
  1313 -1.007162166584
  1314 -1.007162166584
  1315 -1.007162166584
  1316 -1.007162166584
  1317 -1.007162166584
  1318 -1.007162166584
  1319 -1.007162166584
  1320 -1.007162166584
  1321 -1.007162166584
  1322 -1.007162166584
  1323 -1.007162166584
  1324 -1.007162166584
  1325 -1.007162166584
  1326 -1.007162166584
  1327 -1.007162166584
  1328 -1.007162166584
  1329 -1.007162166584
  1330 -1.007162166584
  1331 -1.007162166584
  1332 -1.007162166584
  1333 -1.007162166584
  1334 -1.007162166584
  1335 -1.007162166584
  1336 -1.007162166584
  1337 -1.007162166584
  1338 -1.007162166584
  1339 -1.007162166584
  1340 -1.007162166584
  1341 -1.007162166584
  1342 -1.007162166584
  1343 -1.007162166584
  1344 -1.007162166584
  1345 -1.007162166584
  1346 -1.007162166584
  1347 -1.007162166584
  1348 -1.007162166584
  1349 -1.007162166584
  1350 -1.007162166584
  1351 -1.007162166584
  1352 -1.007162166584
  1353 -1.007162166584
  1354 -1.007162166584
  1355 -1.007162166584
  1356 -1.007162166584
  1357 -1.007162166584
  1358 -1.007162166584
  1359 -1.007162166584
  1360 -1.007162166584
  1361 -1.007162166584
  1362 -1.007162166584
  1363 -1.007162166584
  1364 -1.007162166584
  1365 -1.007162166584
  1366 -1.007162166584
  1367 -1.007162166584
  1368 -1.007162166584
  1369 -1.007162166584
  1370 -1.007162166584
  1371 -1.007162166584
  1372 -1.007162166584
  1373 -1.007162166584
  1374 -1.007162166584
  1375 -1.007162166584
  1376 -1.007162166584
  1377 -1.007162166584
  1378 -1.007162166584
  1379 -1.007162166584
  1380 -1.007162166584
  1381 -1.007162166584
  1382 -1.007162166584
  1383 -1.007162166584
  1384 -1.007162166584
  1385 -1.007162166584
  1386 -1.007162166584
  1387 -1.007162166584
  1388 -1.007162166584
  1389 -1.007162166584
  1390 -1.007162166584
  1391 -1.007162166584
  1392 -1.007162166584
  1393 -1.007162166584
  1394 -1.007162166584
  1395 -1.007162166584
  1396 -1.007162166584
  1397 -1.007162166584
  1398 -1.007162166584
  1399 -1.007162166584
  1400 -1.007162166584
  1401 -1.007162166584
  1402 -1.007162166584
  1403 -1.007162166584
  1404 -1.007162166584
  1405 -1.007162166584
  1406 -1.007162166584
  1407 -1.007162166584
  1408 -1.007162166584
  1409 -1.007162166584
  1410 -1.007162166584
  1411 -1.007162166584
  1412 -1.007162166584
  1413 -1.007162166584
  1414 -1.007162166584
  1415 -1.007162166584
  1416 -1.007162166584
  1417 -1.007162166584
  1418 -1.007162166584
  1419 -1.007162166584
  1420 -1.007162166584
  1421 -1.007162166584
  1422 -1.007162166584
  1423 -1.007162166584
  1424 -1.007162166584
  1425 -1.007162166584
  1426 -1.007162166584
  1427 -1.007162166584
  1428 -1.007162166584
  1429 -1.007162166584
  1430 -1.007162166584
  1431 -1.007162166584
  1432 -1.007162166584
  1433 -1.007162166584
  1434 -1.007162166584
  1435 -1.007162166584
  1436 -1.007162166584
  1437 -1.007162166584
  1438 -1.007162166584
  1439 -1.007162166584
  1440 -1.007162166584
  1441 -1.007162166584
  1442 -1.007162166584
  1443 -1.007162166584
  1444 -1.007162166584
  1445 -1.007162166584
  1446 -1.007162166584
  1447 -1.007162166584
  1448 -1.007162166584
  1449 -1.007162166584
  1450 -1.007162166584
  1451 -1.007162166584
  1452 -1.007162166584
  1453 -1.007162166584
  1454 -1.007162166584
  1455 -1.007162166584
  1456 -1.007162166584
  1457 -1.007162166584
  1458 -1.007162166584
  1459 -1.007162166584
  1460 -1.007162166584
  1461 -1.007162166584
  1462 -1.007162166584
  1463 -1.007162166584
  1464 -1.007162166584
  1465 -1.007162166584
  1466 -1.007162166584
  1467 -1.007162166584
  1468 -1.007162166584
  1469 -1.007162166584
  1470 -1.007162166584
  1471 -1.007162166584
  1472 -1.007162166584
  1473 -1.007162166584
  1474 -1.007162166584
  1475 -1.007162166584
  1476 -1.007162166584
  1477 -1.007162166584
  1478 -1.007162166584
  1479 -1.007162166584
  1480 -1.007162166584
  1481 -1.007162166584
  1482 -1.007162166584
  1483 -1.007162166584
  1484 -1.007162166584
  1485 -1.007162166584
  1486 -1.007162166584
  1487 -1.007162166584
  1488 -1.007162166584
  1489 -1.007162166584
  1490 -1.007162166584
  1491 -1.007162166584
  1492 -1.007162166584
  1493 -1.007162166584
  1494 -1.007162166584
  1495 -1.007162166584
  1496 -1.007162166584
  1497 -1.007162166584
  1498 -1.007162166584
  1499 -1.007162166584
  1500 -1.007162166584
  1501 -1.007162166584
  1502 -1.007162166584
  1503 -1.007162166584
  1504 -1.007162166584
  1505 -1.007162166584
  1506 -1.007162166584
  1507 -1.007162166584
  1508 -1.007162166584
  1509 -1.007162166584
  1510 -1.007162166584
  1511 -1.007162166584
  1512 -1.007162166584
  1513 -1.007162166584
  1514 -1.007162166584
  1515 -1.007162166584
  1516 -1.007162166584
  1517 -1.007162166584
  1518 -1.007162166584
  1519 -1.007162166584
  1520 -1.007162166584
  1521 -1.007162166584
  1522 -1.007162166584
  1523 -1.007162166584
  1524 -1.007162166584
  1525 -1.007162166584
  1526 -1.007162166584
  1527 -1.007162166584
  1528 -1.007162166584
  1529 -1.007162166584
  1530 -1.007162166584
  1531 -1.007162166584
  1532 -1.007162166584
  1533 -1.007162166584
  1534 -1.007162166584
  1535 -1.007162166584
  1536 -1.007162166584
  1537 -1.007162166584
  1538 -1.007162166584
  1539 -1.007162166584
  1540 -1.007162166584
  1541 -1.007162166584
  1542 -1.007162166584
  1543 -1.007162166584
  1544 -1.007162166584
  1545 -1.007162166584
  1546 -1.007162166584
  1547 -1.007162166584
  1548 -1.007162166584
  1549 -1.007162166584
  1550 -1.007162166584
  1551 -1.007162166584
  1552 -1.007162166584
  1553 -1.007162166584
  1554 -1.007162166584
  1555 -1.007162166584
  1556 -1.007162166584
  1557 -1.007162166584
  1558 -1.007162166584
  1559 -1.007162166584
  1560 -1.007162166584
  1561 -1.007162166584
  1562 -1.007162166584
  1563 -1.007162166584
  1564 -1.007162166584
  1565 -1.007162166584
  1566 -1.007162166584
  1567 -1.007162166584
  1568 -1.007162166584
  1569 -1.007162166584
  1570 -1.007162166584
  1571 -1.007162166584
  1572 -1.007162166584
  1573 -1.007162166584
  1574 -1.007162166584
  1575 -1.007162166584
  1576 -1.007162166584
  1577 -1.007162166584
  1578 -1.007162166584
  1579 -1.007162166584
  1580 -1.007162166584
  1581 -1.007162166584
  1582 -1.007162166584
  1583 -1.007162166584
  1584 -1.007162166584
  1585 -1.007162166584
  1586 -1.007162166584
  1587 -1.007162166584
  1588 -1.007162166584
  1589 -1.007162166584
  1590 -1.007162166584
  1591 -1.007162166584
  1592 -1.007162166584
  1593 -1.007162166584
  1594 -1.007162166584
  1595 -1.007162166584
  1596 -1.007162166584
  1597 -1.007162166584
  1598 -1.007162166584
  1599 -1.007162166584
  1600 -1.007162166584
  1601 -1.007162166584
  1602 -1.007162166584
  1603 -1.007162166584
  1604 -1.007162166584
  1605 -1.007162166584
  1606 -1.007162166584
  1607 -1.007162166584
  1608 -1.007162166584
  1609 -1.007162166584
  1610 -1.007162166584
  1611 -1.007162166584
  1612 -1.007162166584
  1613 -1.007162166584
  1614 -1.007162166584
  1615 -1.007162166584
  1616 -1.007162166584
  1617 -1.007162166584
  1618 -1.007162166584
  1619 -1.007162166584
  1620 -1.007162166584
  1621 -1.007162166584
  1622 -1.007162166584
  1623 -1.007162166584
  1624 -1.007162166584
  1625 -1.007162166584
  1626 -1.007162166584
  1627 -1.007162166584
  1628 -1.007162166584
  1629 -1.007162166584
  1630 -1.007162166584
  1631 -1.007162166584
  1632 -1.007162166584
  1633 -1.007162166584
  1634 -1.007162166584
  1635 -1.007162166584
  1636 -1.007162166584
  1637 -1.007162166584
  1638 -1.007162166584
  1639 -1.007162166584
  1640 -1.007162166584
  1641 -1.007162166584
  1642 -1.007162166584
  1643 -1.007162166584
  1644 -1.007162166584
  1645 -1.007162166584
  1646 -1.007162166584
  1647 -1.007162166584
  1648 -1.007162166584
  1649 -1.007162166584
  1650 -1.007162166584
  1651 -1.007162166584
  1652 -1.007162166584
  1653 -1.007162166584
  1654 -1.007162166584
  1655 -1.007162166584
  1656 -1.007162166584
  1657 -1.007162166584
  1658 -1.007162166584
  1659 -1.007162166584
  1660 -1.007162166584
  1661 -1.007162166584
  1662 -1.007162166584
  1663 -1.007162166584
  1664 -1.007162166584
  1665 -1.007162166584
  1666 -1.007162166584
  1667 -1.007162166584
  1668 -1.007162166584
  1669 -1.007162166584
  1670 -1.007162166584
  1671 -1.007162166584
  1672 -1.007162166584
  1673 -1.007162166584
  1674 -1.007162166584
  1675 -1.007162166584
  1676 -1.007162166584
  1677 -1.007162166584
  1678 -1.007162166584
  1679 -1.007162166584
  1680 -1.007162166584
  1681 -1.007162166584
  1682 -1.007162166584
  1683 -1.007162166584
  1684 -1.007162166584
  1685 -1.007162166584
  1686 -1.007162166584
  1687 -1.007162166584
  1688 -1.007162166584
  1689 -1.007162166584
  1690 -1.007162166584
  1691 -1.007162166584
  1692 -1.007162166584
  1693 -1.007162166584
  1694 -1.007162166584
  1695 -1.007162166584
  1696 -1.007162166584
  1697 -1.007162166584
  1698 -1.007162166584
  1699 -1.007162166584
  1700 -1.007162166584
  1701 -1.007162166584
  1702 -1.007162166584
  1703 -1.007162166584
  1704 -1.007162166584
  1705 -1.007162166584
  1706 -1.007162166584
  1707 -1.007162166584
  1708 -1.007162166584
  1709 -1.007162166584
  1710 -1.007162166584
  1711 -1.007162166584
  1712 -1.007162166584
  1713 -1.007162166584
  1714 -1.007162166584
  1715 -1.007162166584
  1716 -1.007162166584
  1717 -1.007162166584
  1718 -1.007162166584
  1719 -1.007162166584
  1720 -1.007162166584
  1721 -1.007162166584
  1722 -1.007162166584
  1723 -1.007162166584
  1724 -1.007162166584
  1725 -1.007162166584
  1726 -1.007162166584
  1727 -1.007162166584
  1728 -1.007162166584
  1729 -1.007162166584
  1730 -1.007162166584
  1731 -1.007162166584
  1732 -1.007162166584
  1733 -1.007162166584
  1734 -1.007162166584
  1735 -1.007162166584
  1736 -1.007162166584
  1737 -1.007162166584
  1738 -1.007162166584
  1739 -1.007162166584
  1740 -1.007162166584
  1741 -1.007162166584
  1742 -1.007162166584
  1743 -1.007162166584
  1744 -1.007162166584
  1745 -1.007162166584
  1746 -1.007162166584
  1747 -1.007162166584
  1748 -1.007162166584
  1749 -1.007162166584
  1750 -1.007162166584
  1751 -1.007162166584
  1752 -1.007162166584
  1753 -1.007162166584
  1754 -1.007162166584
  1755 -1.007162166584
  1756 -1.007162166584
  1757 -1.007162166584
  1758 -1.007162166584
  1759 -1.007162166584
  1760 -1.007162166584
  1761 -1.007162166584
  1762 -1.007162166584
  1763 -1.007162166584
  1764 -1.007162166584
  1765 -1.007162166584
  1766 -1.007162166584
  1767 -1.007162166584
  1768 -1.007162166584
  1769 -1.007162166584
  1770 -1.007162166584
  1771 -1.007162166584
  1772 -1.007162166584
  1773 -1.007162166584
  1774 -1.007162166584
  1775 -1.007162166584
  1776 -1.007162166584
  1777 -1.007162166584
  1778 -1.007162166584
  1779 -1.007162166584
  1780 -1.007162166584
  1781 -1.007162166584
  1782 -1.007162166584
  1783 -1.007162166584
  1784 -1.007162166584
  1785 -1.007162166584
  1786 -1.007162166584
  1787 -1.007162166584
  1788 -1.007162166584
  1789 -1.007162166584
  1790 -1.007162166584
  1791 -1.007162166584
  1792 -1.007162166584
  1793 -1.007162166584
  1794 -1.007162166584
  1795 -1.007162166584
  1796 -1.007162166584
  1797 -1.007162166584
  1798 -1.007162166584
  1799 -1.007162166584
  1800 -1.007162166584
  1801 -1.007162166584
  1802 -1.007162166584
  1803 -1.007162166584
  1804 -1.007162166584
  1805 -1.007162166584
  1806 -1.007162166584
  1807 -1.007162166584
  1808 -1.007162166584
  1809 -1.007162166584
  1810 -1.007162166584
  1811 -1.007162166584
  1812 -1.007162166584
  1813 -1.007162166584
  1814 -1.007162166584
  1815 -1.007162166584
  1816 -1.007162166584
  1817 -1.007162166584
  1818 -1.007162166584
  1819 -1.007162166584
  1820 -1.007162166584
  1821 -1.007162166584
  1822 -1.007162166584
  1823 -1.007162166584
  1824 -1.007162166584
  1825 -1.007162166584
  1826 -1.007162166584
  1827 -1.007162166584
  1828 -1.007162166584
  1829 -1.007162166584
  1830 -1.007162166584
  1831 -1.007162166584
  1832 -1.007162166584
  1833 -1.007162166584
  1834 -1.007162166584
  1835 -1.007162166584
  1836 -1.007162166584
  1837 -1.007162166584
  1838 -1.007162166584
  1839 -1.007162166584
  1840 -1.007162166584
  1841 -1.007162166584
  1842 -1.007162166584
  1843 -1.007162166584
  1844 -1.007162166584
  1845 -1.007162166584
  1846 -1.007162166584
  1847 -1.007162166584
  1848 -1.007162166584
  1849 -1.007162166584
  1850 -1.007162166584
  1851 -1.007162166584
  1852 -1.007162166584
  1853 -1.007162166584
  1854 -1.007162166584
  1855 -1.007162166584
  1856 -1.007162166584
  1857 -1.007162166584
  1858 -1.007162166584
  1859 -1.007162166584
  1860 -1.007162166584
  1861 -1.007162166584
  1862 -1.007162166584
  1863 -1.007162166584
  1864 -1.007162166584
  1865 -1.007162166584
  1866 -1.007162166584
  1867 -1.007162166584
  1868 -1.007162166584
  1869 -1.007162166584
  1870 -1.007162166584
  1871 -1.007162166584
  1872 -1.007162166584
  1873 -1.007162166584
  1874 -1.007162166584
  1875 -1.007162166584
  1876 -1.007162166584
  1877 -1.007162166584
  1878 -1.007162166584
  1879 -1.007162166584
  1880 -1.007162166584
  1881 -1.007162166584
  1882 -1.007162166584
  1883 -1.007162166584
  1884 -1.007162166584
  1885 -1.007162166584
  1886 -1.007162166584
  1887 -1.007162166584
  1888 -1.007162166584
  1889 -1.007162166584
  1890 -1.007162166584
  1891 -1.007162166584
  1892 -1.007162166584
  1893 -1.007162166584
  1894 -1.007162166584
  1895 -1.007162166584
  1896 -1.007162166584
  1897 -1.007162166584
  1898 -1.007162166584
  1899 -1.007162166584
  1900 -1.007162166584
  1901 -1.007162166584
  1902 -1.007162166584
  1903 -1.007162166584
  1904 -1.007162166584
  1905 -1.007162166584
  1906 -1.007162166584
  1907 -1.007162166584
  1908 -1.007162166584
  1909 -1.007162166584
  1910 -1.007162166584
  1911 -1.007162166584
  1912 -1.007162166584
  1913 -1.007162166584
  1914 -1.007162166584
  1915 -1.007162166584
  1916 -1.007162166584
  1917 -1.007162166584
  1918 -1.007162166584
  1919 -1.007162166584
  1920 -1.007162166584
  1921 -1.007162166584
  1922 -1.007162166584
  1923 -1.007162166584
  1924 -1.007162166584
  1925 -1.007162166584
  1926 -1.007162166584
  1927 -1.007162166584
  1928 -1.007162166584
  1929 -1.007162166584
  1930 -1.007162166584
  1931 -1.007162166584
  1932 -1.007162166584
  1933 -1.007162166584
  1934 -1.007162166584
  1935 -1.007162166584
  1936 -1.007162166584
  1937 -1.007162166584
  1938 -1.007162166584
  1939 -1.007162166584
  1940 -1.007162166584
  1941 -1.007162166584
  1942 -1.007162166584
  1943 -1.007162166584
  1944 -1.007162166584
  1945 -1.007162166584
  1946 -1.007162166584
  1947 -1.007162166584
  1948 -1.007162166584
  1949 -1.007162166584
  1950 -1.007162166584
  1951 -1.007162166584
  1952 -1.007162166584
  1953 -1.007162166584
  1954 -1.007162166584
  1955 -1.007162166584
  1956 -1.007162166584
  1957 -1.007162166584
  1958 -1.007162166584
  1959 -1.007162166584
  1960 -1.007162166584
  1961 -1.007162166584
  1962 -1.007162166584
  1963 -1.007162166584
  1964 -1.007162166584
  1965 -1.007162166584
  1966 -1.007162166584
  1967 -1.007162166584
  1968 -1.007162166584
  1969 -1.007162166584
  1970 -1.007162166584
  1971 -1.007162166584
  1972 -1.007162166584
  1973 -1.007162166584
  1974 -1.007162166584
  1975 -1.007162166584
  1976 -1.007162166584
  1977 -1.007162166584
  1978 -1.007162166584
  1979 -1.007162166584
  1980 -1.007162166584
  1981 -1.007162166584
  1982 -1.007162166584
  1983 -1.007162166584
  1984 -1.007162166584
  1985 -1.007162166584
  1986 -1.007162166584
  1987 -1.007162166584
  1988 -1.007162166584
  1989 -1.007162166584
  1990 -1.007162166584
  1991 -1.007162166584
  1992 -1.007162166584
  1993 -1.007162166584
  1994 -1.007162166584
  1995 -1.007162166584
  1996 -1.007162166584
  1997 -1.007162166584
  1998 -1.007162166584
  1999 -1.007162166584
  2000 -1.007162166584
