     1 -0.897936158966
     2 -0.934645391333
     3 -0.978971331373
     4 -0.987175256848
     5 -0.988684469002
     6 -0.989468487646
     7 -0.989891602194
     8 -0.990104978050
     9 -0.990214582088
    10 -0.990274928945
    11 -0.990312291466
    12 -0.990339115679
    13 -0.990361296270
    14 -0.990381632680
    15 -0.990401461481
    16 -0.990421425700
    17 -0.990441837374
    18 -0.990462856145
    19 -0.990484549865
    20 -0.990506927795
    21 -0.990529975370
    22 -0.990553639847
    23 -0.990577861851
    24 -0.990602525225
    25 -0.990627514979
    26 -0.990652689714
    27 -0.990677891383
    28 -0.990702959615
    29 -0.990727720597
    30 -0.990752004619
    31 -0.990775669664
    32 -0.990798573736
    33 -0.990820595276
    34 -0.990841636551
    35 -0.990861636073
    36 -0.990880543760
    37 -0.990898328159
    38 -0.990915001423
    39 -0.990930573175
    40 -0.990945068963
    41 -0.990958539438
    42 -0.990971027267
    43 -0.990982589559
    44 -0.990993283982
    45 -0.991003178136
    46 -0.991012316758
    47 -0.991020768268
    48 -0.991028582603
    49 -0.991035811611
    50 -0.991042503737
    51 -1.125097804361
    52 -0.963146164712
    53 -0.975407736029
    54 -0.980883843635
    55 -0.984275516499
    56 -0.986777857665
    57 -0.988268163824
    58 -0.989221352439
    59 -0.989811361976
    60 -0.990186579178
    61 -0.990431869514
    62 -0.990597146934
    63 -0.990712170350
    64 -0.990794610146
    65 -0.990855415763
    66 -0.990901457692
    67 -0.990937161287
    68 -0.990965417135
    69 -0.990988188522
    70 -0.991006815699
    71 -0.991022245606
    72 -0.991035171040
    73 -0.991046099868
    74 -0.991055428529
    75 -0.991063455482
    76 -0.991070413366
    77 -0.991076484289
    78 -0.991081821709
    79 -0.991086546017
    80 -0.991090743344
    81 -0.991094504429
    82 -0.991097888821
    83 -0.991100952560
    84 -0.991103737565
    85 -0.991106279240
    86 -0.991108607565
    87 -0.991110753513
    88 -0.991112733100
    89 -0.991114570204
    90 -0.991116270010
    91 -0.991117856742
    92 -0.991119341999
    93 -0.991120725837
    94 -0.991122032177
    95 -0.991123249006
    96 -0.991124402721
    97 -0.991125484826
    98 -0.991126510191
    99 -0.991127474200
   100 -0.991128390375
   101 -1.107076934335
   102 -0.972719332346
   103 -0.974640266010
   104 -0.981489787998
   105 -0.983488323334
   106 -0.985154449204
   107 -0.986552893216
   108 -0.987373608796
   109 -0.988350325616
   110 -0.989072143440
   111 -0.989744223005
   112 -0.990214659445
   113 -0.990522845954
   114 -0.990707329283
   115 -0.990820965928
   116 -0.990895644711
   117 -0.990948142927
   118 -0.990986975482
   119 -0.991016748760
   120 -0.991040160209
   121 -0.991058926757
   122 -0.991074166036
   123 -0.991086676453
   124 -0.991097031217
   125 -0.991105653752
   126 -0.991112870014
   127 -0.991118938084
   128 -0.991124051357
   129 -0.991128381077
   130 -0.991132048516
   131 -0.991135162988
   132 -0.991137805776
   133 -0.991140056513
   134 -0.991141966284
   135 -0.991143592702
   136 -0.991144972277
   137 -0.991146140619
   138 -0.991147128474
   139 -0.991147967350
   140 -0.991148670459
   141 -0.991149262636
   142 -0.991149751168
   143 -0.991150160938
   144 -0.991150494856
   145 -0.991150774232
   146 -0.991150993551
   147 -0.991151171370
   148 -0.991151304669
   149 -0.991151404828
   150 -0.991151482514
   151 -1.085213255745
   152 -0.969559349791
   153 -0.976645095512
   154 -0.982906348269
   155 -0.985743541580
   156 -0.987442026669
   157 -0.988657650825
   158 -0.989416698589
   159 -0.989926407430
   160 -0.990261382499
   161 -0.990484986263
   162 -0.990637235404
   163 -0.990743149756
   164 -0.990819065691
   165 -0.990875149588
   166 -0.990917913569
   167 -0.990951473945
   168 -0.990978481893
   169 -0.991000671770
   170 -0.991019189878
   171 -0.991034828249
   172 -0.991048145715
   173 -0.991059556111
   174 -0.991069361117
   175 -0.991077822389
   176 -0.991085135476
   177 -0.991091464825
   178 -0.991096957968
   179 -0.991101727089
   180 -0.991105876290
   181 -0.991109497006
   182 -0.991112663755
   183 -0.991115444609
   184 -0.991117896814
   185 -0.991120062798
   186 -0.991121994228
   187 -0.991123710638
   188 -0.991125250999
   189 -0.991126637255
   190 -0.991127893114
   191 -0.991129039825
   192 -0.991130079210
   193 -0.991131033298
   194 -0.991131909643
   195 -0.991132723156
   196 -0.991133475091
   197 -0.991134174351
   198 -0.991134829089
   199 -0.991135434644
   200 -0.991136006289
   201 -1.132691348909
   202 -0.975841365865
   203 -0.979231920474
   204 -0.982911223931
   205 -0.985322647163
   206 -0.986940542800
   207 -0.988153997006
   208 -0.989002940467
   209 -0.989631797774
   210 -0.990067174328
   211 -0.990369573094
   212 -0.990579087330
   213 -0.990726412666
   214 -0.990831251445
   215 -0.990906489979
   216 -0.990960858925
   217 -0.991000436941
   218 -0.991029502255
   219 -0.991051080312
   220 -0.991067304270
   221 -0.991079669377
   222 -0.991089239940
   223 -0.991096758994
   224 -0.991102755181
   225 -0.991107614447
   226 -0.991111609490
   227 -0.991114938460
   228 -0.991117744946
   229 -0.991120151196
   230 -0.991122229942
   231 -0.991124040804
   232 -0.991125644237
   233 -0.991127064366
   234 -0.991128337584
   235 -0.991129483063
   236 -0.991130530961
   237 -0.991131480232
   238 -0.991132351670
   239 -0.991133154049
   240 -0.991133901784
   241 -0.991134590470
   242 -0.991135230528
   243 -0.991135830729
   244 -0.991136390500
   245 -0.991136916315
   246 -0.991137413704
   247 -0.991137879593
   248 -0.991138318208
   249 -0.991138733200
   250 -0.991139120092
   251 -1.130929545962
   252 -0.958049211674
   253 -0.971975192980
   254 -0.981727306761
   255 -0.985912356458
   256 -0.988043023293
   257 -0.989195905250
   258 -0.989821161102
   259 -0.990180116391
   260 -0.990395895110
   261 -0.990533504262
   262 -0.990626176153
   263 -0.990692024781
   264 -0.990741202758
   265 -0.990779631507
   266 -0.990810882018
   267 -0.990837182007
   268 -0.990859944748
   269 -0.990880085881
   270 -0.990898212734
   271 -0.990914723005
   272 -0.990929892833
   273 -0.990943916741
   274 -0.990956932115
   275 -0.990969030845
   276 -0.990980303352
   277 -0.990990803379
   278 -0.991000595726
   279 -0.991009723062
   280 -0.991018231103
   281 -0.991026162296
   282 -0.991033550818
   283 -0.991040435900
   284 -0.991046852095
   285 -0.991052829369
   286 -0.991058401197
   287 -0.991063596010
   288 -0.991068441278
   289 -0.991072956002
   290 -0.991077172969
   291 -0.991081109036
   292 -0.991084787235
   293 -0.991088222609
   294 -0.991091442507
   295 -0.991094446971
   296 -0.991097267563
   297 -0.991099909202
   298 -0.991102388620
   299 -0.991104709703
   300 -0.991106893422
   301 -1.132277551452
   302 -0.977642688121
   303 -0.974887906652
   304 -0.981672977510
   305 -0.985317632328
   306 -0.987487340810
   307 -0.988750506705
   308 -0.989482849040
   309 -0.989951432712
   310 -0.990262478703
   311 -0.990478312908
   312 -0.990631902350
   313 -0.990743301035
   314 -0.990825286942
   315 -0.990886539656
   316 -0.990933072703
   317 -0.990969077716
   318 -0.990997463796
   319 -0.991020240317
   320 -0.991038809948
   321 -0.991054137905
   322 -0.991066920993
   323 -0.991077672667
   324 -0.991086753534
   325 -0.991094466569
   326 -0.991101029704
   327 -0.991106639452
   328 -0.991111434728
   329 -0.991115544435
   330 -0.991119073496
   331 -0.991122113622
   332 -0.991124732969
   333 -0.991126998102
   334 -0.991128963024
   335 -0.991130670453
   336 -0.991132160752
   337 -0.991133464903
   338 -0.991134609260
   339 -0.991135623861
   340 -0.991136512390
   341 -0.991137309982
   342 -0.991138022655
   343 -0.991138658266
   344 -0.991139226701
   345 -0.991139743744
   346 -0.991140216469
   347 -0.991140643612
   348 -0.991141034042
   349 -0.991141392196
   350 -0.991141725486
   351 -0.991142029990
   352 -0.991142308574
   353 -0.991142577924
   354 -0.991142818842
   355 -0.991143047370
   356 -0.991143265087
   357 -0.991143466391
   358 -0.991143659529
   359 -0.991143838629
   360 -0.991144004689
   361 -0.991144165491
   362 -0.991144321791
   363 -0.991144460556
   364 -0.991144602981
   365 -0.991144729120
   366 -0.991144859939
   367 -0.991144975517
   368 -0.991145089856
   369 -0.991145196581
   370 -0.991145302798
   371 -0.991145402118
   372 -0.991145494866
   373 -0.991145588020
   374 -0.991145675170
   375 -0.991145756582
   376 -0.991145839137
   377 -0.991145916423
   378 -0.991145988659
   379 -0.991146062651
   380 -0.991146131988
   381 -0.991146196856
   382 -0.991146257425
   383 -0.991146320417
   384 -0.991146379430
   385 -0.991146434620
   386 -0.991146492658
   387 -0.991146540630
   388 -0.991146591696
   389 -0.991146639467
   390 -0.991146690561
   391 -0.991146732118
   392 -0.991146777207
   393 -0.991146819454
   394 -0.991146858961
   395 -0.991146902283
   396 -0.991146936611
   397 -0.991146974921
   398 -0.991147010857
   399 -0.991147044505
   400 -0.991147075942
   401 -0.991147105240
   402 -0.991147138888
   403 -0.991147164140
   404 -0.991147193874
   405 -0.991147221754
   406 -0.991147247848
   407 -0.991147272216
   408 -0.991147294913
   409 -0.991147322376
   410 -0.991147341912
   411 -0.991147366317
   412 -0.991147389274
   413 -0.991147410836
   414 -0.991147431048
   415 -0.991147449952
   416 -0.991147467589
   417 -0.991147483998
   418 -0.991147499220
   419 -0.991147519640
   420 -0.991147532625
   421 -0.991147550882
   422 -0.991147568118
   423 -0.991147578034
   424 -0.991147593311
   425 -0.991147607658
   426 -0.991147621111
   427 -0.991147633701
   428 -0.991147645454
   429 -0.991147656395
   430 -0.991147666550
   431 -0.991147682262
   432 -0.991147690943
   433 -0.991147698917
   434 -0.991147712510
   435 -0.991147719142
   436 -0.991147731439
   437 -0.991147736820
   438 -0.991147747901
   439 -0.991147758411
   440 -0.991147762072
   441 -0.991147771482
   442 -0.991147780372
   443 -0.991147788766
   444 -0.991147796680
   445 -0.991147797833
   446 -0.991147804804
   447 -0.991147811330
   448 -0.991147817433
   449 -0.991147823128
   450 -0.991147834718
   451 -0.991147839660
   452 -0.991147844236
   453 -0.991147848448
   454 -0.991147852305
   455 -0.991147855820
   456 -0.991147865287
   457 -0.991147868176
   458 -0.991147870761
   459 -0.991147873045
   460 -0.991147881316
   461 -0.991147883047
   462 -0.991147890791
   463 -0.991147892014
   464 -0.991147892983
   465 -0.991147899977
   466 -0.991147900472
   467 -0.991147907013
   468 -0.991147907074
   469 -0.991147913191
   470 -0.991147912842
   471 -0.991147918560
   472 -0.991147917825
   473 -0.991147923169
   474 -0.991147928343
   475 -0.991147927089
   476 -0.991147931929
   477 -0.991147930343
   478 -0.991147934858
   479 -0.991147939230
   480 -0.991147937198
   481 -0.991147941284
   482 -0.991147945238
   483 -0.991147942803
   484 -0.991147946495
   485 -0.991147950068
   486 -0.991147953532
   487 -0.991147950624
   488 -0.991147953856
   489 -0.991147956981
   490 -0.991147960011
   491 -0.991147956683
   492 -0.991147959506
   493 -0.991147962235
   494 -0.991147964881
   495 -0.991147961183
   496 -0.991147963646
   497 -0.991147966027
   498 -0.991147968336
   499 -0.991147970577
   500 -0.991147966486
   501 -0.991147968568
   502 -0.991147970578
   503 -0.991147972528
   504 -0.991147974420
   505 -0.991147976256
   506 -0.991147978036
   507 -0.991147973498
   508 -0.991147975144
   509 -0.991147976732
   510 -0.991147978271
   511 -0.991147979765
   512 -0.991147981215
   513 -0.991147982622
   514 -0.991147983985
   515 -0.991147979044
   516 -0.991147980298
   517 -0.991147981506
   518 -0.991147982677
   519 -0.991147983815
   520 -0.991147984921
   521 -0.991147985993
   522 -0.991147987034
   523 -0.991147988042
   524 -0.991147989019
   525 -0.991147989966
   526 -0.991147990882
   527 -0.991147985509
   528 -0.991147986342
   529 -0.991147987142
   530 -0.991147987918
   531 -0.991147988673
   532 -0.991147989408
   533 -0.991147990121
   534 -0.991147990814
   535 -0.991147991486
   536 -0.991147992138
   537 -0.991147992769
   538 -0.991147993381
   539 -0.991147993973
   540 -0.991147994547
   541 -0.991147995102
   542 -0.991147995639
   543 -0.991147996160
   544 -0.991147996663
   545 -0.991147990890
   546 -0.991147991336
   547 -0.991147991761
   548 -0.991147992174
   549 -0.991147992577
   550 -0.991147992971
   551 -0.991147993356
   552 -0.991147993730
   553 -0.991147994094
   554 -0.991147994447
   555 -0.991147994790
   556 -0.991147995122
   557 -0.991147995444
   558 -0.991147995756
   559 -0.991147996058
   560 -0.991147996351
   561 -0.991147996634
   562 -0.991147996908
   563 -0.991147997174
   564 -0.991147997431
   565 -0.991147997679
   566 -0.991147997920
   567 -0.991147998153
   568 -0.991147998378
   569 -0.991147998596
   570 -0.991147998807
   571 -0.991147999011
   572 -0.991147999208
   573 -0.991147999399
   574 -0.991147999584
   575 -0.991147999763
   576 -0.991147999936
   577 -0.991148000103
   578 -0.991148000265
   579 -0.991148000422
   580 -0.991148000573
   581 -0.991148000720
   582 -0.991148000862
   583 -0.991148000999
   584 -0.991148001132
   585 -0.991148001260
   586 -0.991148001384
   587 -0.991148001504
   588 -0.991148001621
   589 -0.991148001733
   590 -0.991148001842
   591 -0.991148001947
   592 -0.991148002049
   593 -0.991148002148
   594 -0.991148002243
   595 -0.991148002335
   596 -0.991148002424
   597 -0.991148002510
   598 -0.991148002594
   599 -0.991148002675
   600 -0.991148002753
   601 -0.991148002828
   602 -0.991148002901
   603 -0.991148002972
   604 -0.991148003040
   605 -0.991148003107
   606 -0.991148003171
   607 -0.991147996974
   608 -0.991147997008
   609 -0.991147997035
   610 -0.991147997062
   611 -0.991147997093
   612 -0.991147997127
   613 -0.991147997162
   614 -0.991147997199
   615 -0.991147997236
   616 -0.991147997273
   617 -0.991147997310
   618 -0.991147997346
   619 -0.991147997382
   620 -0.991147997417
   621 -0.991147997452
   622 -0.991147997485
   623 -0.991147997518
   624 -0.991147997550
   625 -0.991147997581
   626 -0.991147997610
   627 -0.991147997640
   628 -0.991147997668
   629 -0.991147997695
   630 -0.991147997722
   631 -0.991147997747
   632 -0.991147997772
   633 -0.991147997796
   634 -0.991147997820
   635 -0.991147997842
   636 -0.991147997864
   637 -0.991147997885
   638 -0.991147997906
   639 -0.991147997926
   640 -0.991147997945
   641 -0.991147997964
   642 -0.991147997982
   643 -0.991147997999
   644 -0.991147998016
   645 -0.991147998032
   646 -0.991147998048
   647 -0.991147998063
   648 -0.991147998078
   649 -0.991147998093
   650 -0.991147998106
   651 -0.991147998120
   652 -0.991147998133
   653 -0.991147998145
   654 -0.991147998157
   655 -0.991147998169
   656 -0.991147998181
   657 -0.991147998192
   658 -0.991147998202
   659 -0.991147998212
   660 -0.991147998222
   661 -0.991147998232
   662 -0.991147998241
   663 -0.991147998250
   664 -0.991147998259
   665 -0.991147998268
   666 -0.991147998276
   667 -0.991147998284
   668 -0.991147998291
   669 -0.991147998299
   670 -0.991147998306
   671 -0.991147998313
   672 -0.991147998319
   673 -0.991147998326
   674 -0.991147998332
   675 -0.991147998338
   676 -0.991147998344
   677 -0.991147998350
   678 -0.991147998355
   679 -0.991147998360
   680 -0.991147998366
   681 -0.991147998371
   682 -0.991147998375
   683 -0.991147998380
   684 -0.991147998384
   685 -0.991147998389
   686 -0.991147998393
   687 -0.991147998397
   688 -0.991147998401
   689 -0.991147998405
   690 -0.991147998409
   691 -0.991147998412
   692 -0.991147998416
   693 -0.991147998419
   694 -0.991147998422
   695 -0.991147998425
   696 -0.991147998428
   697 -0.991147998431
   698 -0.991147998434
   699 -0.991147998437
   700 -0.991147998439
   701 -0.991147998442
   702 -0.991147998444
   703 -0.991147998447
   704 -0.991147998449
   705 -0.991147998451
   706 -0.991147998453
   707 -0.991147998456
   708 -0.991147998458
   709 -0.991147998460
   710 -0.991147998461
   711 -0.991147998463
   712 -0.991147998465
   713 -0.991147998467
   714 -0.991147998468
   715 -0.991147998470
   716 -0.991147998472
   717 -0.991147998473
   718 -0.991147998475
   719 -0.991147998476
   720 -0.991147998477
   721 -0.991147998479
   722 -0.991147998480
   723 -0.991147998481
   724 -0.991147998482
   725 -0.991147998483
   726 -0.991147998485
   727 -0.991147998486
   728 -0.991147998487
   729 -0.991147998488
   730 -0.991147998489
   731 -0.991147998490
   732 -0.991147998491
   733 -0.991147998491
   734 -0.991147998492
   735 -0.991147998493
   736 -0.991147998494
   737 -0.991147998495
   738 -0.991147998495
   739 -0.991147998496
   740 -0.991147998497
   741 -0.991147998498
   742 -0.991147998498
   743 -0.991147998499
   744 -0.991147998499
   745 -0.991147998500
   746 -0.991147998501
   747 -0.991147998501
   748 -0.991147998502
   749 -0.991147998502
   750 -0.991147998503
   751 -0.991147998503
   752 -0.991147998504
   753 -0.991147998504
   754 -0.991147998505
   755 -0.991147998505
   756 -0.991147998505
   757 -0.991147998506
   758 -0.991147998506
   759 -0.991147998507
   760 -0.991147998507
   761 -0.991147998507
   762 -0.991147998508
   763 -0.991147998508
   764 -0.991147998508
   765 -0.991147998509
   766 -0.991147998509
   767 -0.991147998509
   768 -0.991147998509
   769 -0.991147998510
   770 -0.991147998510
   771 -0.991147998510
   772 -0.991147998510
   773 -0.991147998511
   774 -0.991147998511
   775 -0.991147998511
   776 -0.991147998511
   777 -0.991147998512
   778 -0.991147998512
   779 -0.991147998512
   780 -0.991147998512
   781 -0.991147998512
   782 -0.991147998513
   783 -0.991147998513
   784 -0.991147998513
   785 -0.991147998513
   786 -0.991147998513
   787 -0.991147998513
   788 -0.991147998513
   789 -0.991147998514
   790 -0.991147998514
   791 -0.991147998514
   792 -0.991147998514
   793 -0.991147998514
   794 -0.991147998514
   795 -0.991147998514
   796 -0.991147998514
   797 -0.991147998515
   798 -0.991147998515
   799 -0.991147998515
   800 -0.991147998515
   801 -0.991147998515
   802 -0.991147998515
   803 -0.991147998515
   804 -0.991147998515
   805 -0.991147998515
   806 -0.991147998515
   807 -0.991147998515
   808 -0.991147998515
   809 -0.991147998516
   810 -0.991147998516
   811 -0.991147998516
   812 -0.991147998516
   813 -0.991147998516
   814 -0.991147998516
   815 -0.991147998516
   816 -0.991147998516
   817 -0.991147998516
   818 -0.991147998516
   819 -0.991147998516
   820 -0.991147998516
   821 -0.991147998516
   822 -0.991147998516
   823 -0.991147998516
   824 -0.991147998516
   825 -0.991147998516
   826 -0.991147998516
   827 -0.991147998517
   828 -0.991147998517
   829 -0.991147998517
   830 -0.991147998517
   831 -0.991147998517
   832 -0.991147998517
   833 -0.991147998517
   834 -0.991147998517
   835 -0.991147998517
   836 -0.991147998517
   837 -0.991147998517
   838 -0.991147998517
   839 -0.991147998517
   840 -0.991147998517
   841 -0.991147998517
   842 -0.991147998517
   843 -0.991147998517
   844 -0.991147998517
   845 -0.991147998517
   846 -0.991147998517
   847 -0.991147998517
   848 -0.991147998517
   849 -0.991147998517
   850 -0.991147998517
   851 -0.991147998517
   852 -0.991147998517
   853 -0.991147998517
   854 -0.991147998517
   855 -0.991147998517
   856 -0.991147998517
   857 -0.991147998517
   858 -0.991147998517
   859 -0.991147998517
   860 -0.991147998517
   861 -0.991147998517
   862 -0.991147998517
   863 -0.991147998517
   864 -0.991147998517
   865 -0.991147998517
   866 -0.991147998517
   867 -0.991147998517
   868 -0.991147998517
   869 -0.991147998517
   870 -0.991147998517
   871 -0.991147998517
   872 -0.991147998517
   873 -0.991147998517
   874 -0.991147998517
   875 -0.991147998517
   876 -0.991147998517
   877 -0.991147998517
   878 -0.991147998517
   879 -0.991147998517
   880 -0.991147998517
   881 -0.991147998517
   882 -0.991147998517
   883 -0.991147998517
   884 -0.991147998518
   885 -0.991147998518
   886 -0.991147998518
   887 -0.991147998518
   888 -0.991147998518
   889 -0.991147998518
   890 -0.991147998518
   891 -0.991147998518
   892 -0.991147998518
   893 -0.991147998518
   894 -0.991147998518
   895 -0.991147998518
   896 -0.991147998518
   897 -0.991147998518
   898 -0.991147998518
   899 -0.991147998518
   900 -0.991147998518
   901 -0.991147998518
   902 -0.991147998518
   903 -0.991147998518
   904 -0.991147998518
   905 -0.991147998518
   906 -0.991147998518
   907 -0.991147998518
   908 -0.991147998518
   909 -0.991147998518
   910 -0.991147998518
   911 -0.991147998518
   912 -0.991147998518
   913 -0.991147998518
   914 -0.991147998518
   915 -0.991147998518
   916 -0.991147998518
   917 -0.991147998518
   918 -0.991147998518
   919 -0.991147998518
   920 -0.991147998518
   921 -0.991147998518
   922 -0.991147998518
   923 -0.991147998518
   924 -0.991147998518
   925 -0.991147998518
   926 -0.991147998518
   927 -0.991147998518
   928 -0.991147998518
   929 -0.991147998518
   930 -0.991147998518
   931 -0.991147998518
   932 -0.991147998518
   933 -0.991147998518
   934 -0.991147998518
   935 -0.991147998518
   936 -0.991147998518
   937 -0.991147998518
   938 -0.991147998518
   939 -0.991147998518
   940 -0.991147998518
   941 -0.991147998518
   942 -0.991147998518
   943 -0.991147998518
   944 -0.991147998518
   945 -0.991147998518
   946 -0.991147998518
   947 -0.991147998518
   948 -0.991147998518
   949 -0.991147998518
   950 -0.991147998518
   951 -0.991147998518
   952 -0.991147998518
   953 -0.991147998518
   954 -0.991147998518
   955 -0.991147998518
   956 -0.991147998518
   957 -0.991147998518
   958 -0.991147998518
   959 -0.991147998518
   960 -0.991147998518
   961 -0.991147998518
   962 -0.991147998518
   963 -0.991147998518
   964 -0.991147998518
   965 -0.991147998518
   966 -0.991147998518
   967 -0.991147998518
   968 -0.991147998518
   969 -0.991147998518
   970 -0.991147998518
   971 -0.991147998518
   972 -0.991147998518
   973 -0.991147998518
   974 -0.991147998518
   975 -0.991147998518
   976 -0.991147998518
   977 -0.991147998518
   978 -0.991147998518
   979 -0.991147998518
   980 -0.991147998518
   981 -0.991147998518
   982 -0.991147998518
   983 -0.991147998518
   984 -0.991147998518
   985 -0.991147998518
   986 -0.991147998518
   987 -0.991147998518
   988 -0.991147998518
   989 -0.991147998518
   990 -0.991147998518
   991 -0.991147998518
   992 -0.991147998518
   993 -0.991147998518
   994 -0.991147998518
   995 -0.991147998518
   996 -0.991147998518
   997 -0.991147998518
   998 -0.991147998518
   999 -0.991147998518
  1000 -0.991147998518
  1001 -0.991147998518
  1002 -0.991147998518
  1003 -0.991147998518
  1004 -0.991147998518
  1005 -0.991147998518
  1006 -0.991147998518
  1007 -0.991147998518
  1008 -0.991147998518
  1009 -0.991147998518
  1010 -0.991147998518
  1011 -0.991147998518
  1012 -0.991147998518
  1013 -0.991147998518
  1014 -0.991147998518
  1015 -0.991147998518
  1016 -0.991147998518
  1017 -0.991147998518
  1018 -0.991147998518
  1019 -0.991147998518
  1020 -0.991147998518
  1021 -0.991147998518
  1022 -0.991147998518
  1023 -0.991147998518
  1024 -0.991147998518
  1025 -0.991147998518
  1026 -0.991147998518
  1027 -0.991147998518
  1028 -0.991147998518
  1029 -0.991147998518
  1030 -0.991147998518
  1031 -0.991147998518
  1032 -0.991147998518
  1033 -0.991147998518
  1034 -0.991147998518
  1035 -0.991147998518
  1036 -0.991147998518
  1037 -0.991147998518
  1038 -0.991147998518
  1039 -0.991147998518
  1040 -0.991147998518
  1041 -0.991147998518
  1042 -0.991147998518
  1043 -0.991147998518
  1044 -0.991147998518
  1045 -0.991147998518
  1046 -0.991147998518
  1047 -0.991147998518
  1048 -0.991147998518
  1049 -0.991147998518
  1050 -0.991147998518
  1051 -0.991147998518
  1052 -0.991147998518
  1053 -0.991147998518
  1054 -0.991147998518
  1055 -0.991147998518
  1056 -0.991147998518
  1057 -0.991147998518
  1058 -0.991147998518
  1059 -0.991147998518
  1060 -0.991147998518
  1061 -0.991147998518
  1062 -0.991147998518
  1063 -0.991147998518
  1064 -0.991147998518
  1065 -0.991147998518
  1066 -0.991147998518
  1067 -0.991147998518
  1068 -0.991147998518
  1069 -0.991147998518
  1070 -0.991147998518
  1071 -0.991147998518
  1072 -0.991147998518
  1073 -0.991147998518
  1074 -0.991147998518
  1075 -0.991147998518
  1076 -0.991147998518
  1077 -0.991147998518
  1078 -0.991147998518
  1079 -0.991147998518
  1080 -0.991147998518
  1081 -0.991147998518
  1082 -0.991147998518
  1083 -0.991147998518
  1084 -0.991147998518
  1085 -0.991147998518
  1086 -0.991147998518
  1087 -0.991147998518
  1088 -0.991147998518
  1089 -0.991147998518
  1090 -0.991147998518
  1091 -0.991147998518
  1092 -0.991147998518
  1093 -0.991147998518
  1094 -0.991147998518
  1095 -0.991147998518
  1096 -0.991147998518
  1097 -0.991147998518
  1098 -0.991147998518
  1099 -0.991147998518
  1100 -0.991147998518
  1101 -0.991147998518
  1102 -0.991147998518
  1103 -0.991147998518
  1104 -0.991147998518
  1105 -0.991147998518
  1106 -0.991147998518
  1107 -0.991147998518
  1108 -0.991147998518
  1109 -0.991147998518
  1110 -0.991147998518
  1111 -0.991147998518
  1112 -0.991147998518
  1113 -0.991147998518
  1114 -0.991147998518
  1115 -0.991147998518
  1116 -0.991147998518
  1117 -0.991147998518
  1118 -0.991147998518
  1119 -0.991147998518
  1120 -0.991147998518
  1121 -0.991147998518
  1122 -0.991147998518
  1123 -0.991147998518
  1124 -0.991147998518
  1125 -0.991147998518
  1126 -0.991147998518
  1127 -0.991147998518
  1128 -0.991147998518
  1129 -0.991147998518
  1130 -0.991147998518
  1131 -0.991147998518
  1132 -0.991147998518
  1133 -0.991147998518
  1134 -0.991147998518
  1135 -0.991147998518
  1136 -0.991147998518
  1137 -0.991147998518
  1138 -0.991147998518
  1139 -0.991147998518
  1140 -0.991147998518
  1141 -0.991147998518
  1142 -0.991147998518
  1143 -0.991147998518
  1144 -0.991147998518
  1145 -0.991147998518
  1146 -0.991147998518
  1147 -0.991147998518
  1148 -0.991147998518
  1149 -0.991147998518
  1150 -0.991147998518
  1151 -0.991147998518
  1152 -0.991147998518
  1153 -0.991147998518
  1154 -0.991147998518
  1155 -0.991147998518
  1156 -0.991147998518
  1157 -0.991147998518
  1158 -0.991147998518
  1159 -0.991147998518
  1160 -0.991147998518
  1161 -0.991147998518
  1162 -0.991147998518
  1163 -0.991147998518
  1164 -0.991147998518
  1165 -0.991147998518
  1166 -0.991147998518
  1167 -0.991147998518
  1168 -0.991147998518
  1169 -0.991147998518
  1170 -0.991147998518
  1171 -0.991147998518
  1172 -0.991147998518
  1173 -0.991147998518
  1174 -0.991147998518
  1175 -0.991147998518
  1176 -0.991147998518
  1177 -0.991147998518
  1178 -0.991147998518
  1179 -0.991147998518
  1180 -0.991147998518
  1181 -0.991147998518
  1182 -0.991147998518
  1183 -0.991147998518
  1184 -0.991147998518
  1185 -0.991147998518
  1186 -0.991147998518
  1187 -0.991147998518
  1188 -0.991147998518
  1189 -0.991147998518
  1190 -0.991147998518
  1191 -0.991147998518
  1192 -0.991147998518
  1193 -0.991147998518
  1194 -0.991147998518
  1195 -0.991147998518
  1196 -0.991147998518
  1197 -0.991147998518
  1198 -0.991147998518
  1199 -0.991147998518
  1200 -0.991147998518
  1201 -0.991147998518
  1202 -0.991147998518
  1203 -0.991147998518
  1204 -0.991147998518
  1205 -0.991147998518
  1206 -0.991147998518
  1207 -0.991147998518
  1208 -0.991147998518
  1209 -0.991147998518
  1210 -0.991147998518
  1211 -0.991147998518
  1212 -0.991147998518
  1213 -0.991147998518
  1214 -0.991147998518
  1215 -0.991147998518
  1216 -0.991147998518
  1217 -0.991147998518
  1218 -0.991147998518
  1219 -0.991147998518
  1220 -0.991147998518
  1221 -0.991147998518
  1222 -0.991147998518
  1223 -0.991147998518
  1224 -0.991147998518
  1225 -0.991147998518
  1226 -0.991147998518
  1227 -0.991147998518
  1228 -0.991147998518
  1229 -0.991147998518
  1230 -0.991147998518
  1231 -0.991147998518
  1232 -0.991147998518
  1233 -0.991147998518
  1234 -0.991147998518
  1235 -0.991147998518
  1236 -0.991147998518
  1237 -0.991147998518
  1238 -0.991147998518
  1239 -0.991147998518
  1240 -0.991147998518
  1241 -0.991147998518
  1242 -0.991147998518
  1243 -0.991147998518
  1244 -0.991147998518
  1245 -0.991147998518
  1246 -0.991147998518
  1247 -0.991147998518
  1248 -0.991147998518
  1249 -0.991147998518
  1250 -0.991147998518
  1251 -0.991147998518
  1252 -0.991147998518
  1253 -0.991147998518
  1254 -0.991147998518
  1255 -0.991147998518
  1256 -0.991147998518
  1257 -0.991147998518
  1258 -0.991147998518
  1259 -0.991147998518
  1260 -0.991147998518
  1261 -0.991147998518
  1262 -0.991147998518
  1263 -0.991147998518
  1264 -0.991147998518
  1265 -0.991147998518
  1266 -0.991147998518
  1267 -0.991147998518
  1268 -0.991147998518
  1269 -0.991147998518
  1270 -0.991147998518
  1271 -0.991147998518
  1272 -0.991147998518
  1273 -0.991147998518
  1274 -0.991147998518
  1275 -0.991147998518
  1276 -0.991147998518
  1277 -0.991147998518
  1278 -0.991147998518
  1279 -0.991147998518
  1280 -0.991147998518
  1281 -0.991147998518
  1282 -0.991147998518
  1283 -0.991147998518
  1284 -0.991147998518
  1285 -0.991147998518
  1286 -0.991147998518
  1287 -0.991147998518
  1288 -0.991147998518
  1289 -0.991147998518
  1290 -0.991147998518
  1291 -0.991147998518
  1292 -0.991147998518
  1293 -0.991147998518
  1294 -0.991147998518
  1295 -0.991147998518
  1296 -0.991147998518
  1297 -0.991147998518
  1298 -0.991147998518
  1299 -0.991147998518
  1300 -0.991147998518
  1301 -0.991147998518
  1302 -0.991147998518
  1303 -0.991147998518
  1304 -0.991147998518
  1305 -0.991147998518
  1306 -0.991147998518
  1307 -0.991147998518
  1308 -0.991147998518
  1309 -0.991147998518
  1310 -0.991147998518
  1311 -0.991147998518
  1312 -0.991147998518
  1313 -0.991147998518
  1314 -0.991147998518
  1315 -0.991147998518
  1316 -0.991147998518
  1317 -0.991147998518
  1318 -0.991147998518
  1319 -0.991147998518
  1320 -0.991147998518
  1321 -0.991147998518
  1322 -0.991147998518
  1323 -0.991147998518
  1324 -0.991147998518
  1325 -0.991147998518
  1326 -0.991147998518
  1327 -0.991147998518
  1328 -0.991147998518
  1329 -0.991147998518
  1330 -0.991147998518
  1331 -0.991147998518
  1332 -0.991147998518
  1333 -0.991147998518
  1334 -0.991147998518
  1335 -0.991147998518
  1336 -0.991147998518
  1337 -0.991147998518
  1338 -0.991147998518
  1339 -0.991147998518
  1340 -0.991147998518
  1341 -0.991147998518
  1342 -0.991147998518
  1343 -0.991147998518
  1344 -0.991147998518
  1345 -0.991147998518
  1346 -0.991147998518
  1347 -0.991147998518
  1348 -0.991147998518
  1349 -0.991147998518
  1350 -0.991147998518
  1351 -0.991147998518
  1352 -0.991147998518
  1353 -0.991147998518
  1354 -0.991147998518
  1355 -0.991147998518
  1356 -0.991147998518
  1357 -0.991147998518
  1358 -0.991147998518
  1359 -0.991147998518
  1360 -0.991147998518
  1361 -0.991147998518
  1362 -0.991147998518
  1363 -0.991147998518
  1364 -0.991147998518
  1365 -0.991147998518
  1366 -0.991147998518
  1367 -0.991147998518
  1368 -0.991147998518
  1369 -0.991147998518
  1370 -0.991147998518
  1371 -0.991147998518
  1372 -0.991147998518
  1373 -0.991147998518
  1374 -0.991147998518
  1375 -0.991147998518
  1376 -0.991147998518
  1377 -0.991147998518
  1378 -0.991147998518
  1379 -0.991147998518
  1380 -0.991147998518
  1381 -0.991147998518
  1382 -0.991147998518
  1383 -0.991147998518
  1384 -0.991147998518
  1385 -0.991147998518
  1386 -0.991147998518
  1387 -0.991147998518
  1388 -0.991147998518
  1389 -0.991147998518
  1390 -0.991147998518
  1391 -0.991147998518
  1392 -0.991147998518
  1393 -0.991147998518
  1394 -0.991147998518
  1395 -0.991147998518
  1396 -0.991147998518
  1397 -0.991147998518
  1398 -0.991147998518
  1399 -0.991147998518
  1400 -0.991147998518
  1401 -0.991147998518
  1402 -0.991147998518
  1403 -0.991147998518
  1404 -0.991147998518
  1405 -0.991147998518
  1406 -0.991147998518
  1407 -0.991147998518
  1408 -0.991147998518
  1409 -0.991147998518
  1410 -0.991147998518
  1411 -0.991147998518
  1412 -0.991147998518
  1413 -0.991147998518
  1414 -0.991147998518
  1415 -0.991147998518
  1416 -0.991147998518
  1417 -0.991147998518
  1418 -0.991147998518
  1419 -0.991147998518
  1420 -0.991147998518
  1421 -0.991147998518
  1422 -0.991147998518
  1423 -0.991147998518
  1424 -0.991147998518
  1425 -0.991147998518
  1426 -0.991147998518
  1427 -0.991147998518
  1428 -0.991147998518
  1429 -0.991147998518
  1430 -0.991147998518
  1431 -0.991147998518
  1432 -0.991147998518
  1433 -0.991147998518
  1434 -0.991147998518
  1435 -0.991147998518
  1436 -0.991147998518
  1437 -0.991147998518
  1438 -0.991147998518
  1439 -0.991147998518
  1440 -0.991147998518
  1441 -0.991147998518
  1442 -0.991147998518
  1443 -0.991147998518
  1444 -0.991147998518
  1445 -0.991147998518
  1446 -0.991147998518
  1447 -0.991147998518
  1448 -0.991147998518
  1449 -0.991147998518
  1450 -0.991147998518
  1451 -0.991147998518
  1452 -0.991147998518
  1453 -0.991147998518
  1454 -0.991147998518
  1455 -0.991147998518
  1456 -0.991147998518
  1457 -0.991147998518
  1458 -0.991147998518
  1459 -0.991147998518
  1460 -0.991147998518
  1461 -0.991147998518
  1462 -0.991147998518
  1463 -0.991147998518
  1464 -0.991147998518
  1465 -0.991147998518
  1466 -0.991147998518
  1467 -0.991147998518
  1468 -0.991147998518
  1469 -0.991147998518
  1470 -0.991147998518
  1471 -0.991147998518
  1472 -0.991147998518
  1473 -0.991147998518
  1474 -0.991147998518
  1475 -0.991147998518
  1476 -0.991147998518
  1477 -0.991147998518
  1478 -0.991147998518
  1479 -0.991147998518
  1480 -0.991147998518
  1481 -0.991147998518
  1482 -0.991147998518
  1483 -0.991147998518
  1484 -0.991147998518
  1485 -0.991147998518
  1486 -0.991147998518
  1487 -0.991147998518
  1488 -0.991147998518
  1489 -0.991147998518
  1490 -0.991147998518
  1491 -0.991147998518
  1492 -0.991147998518
  1493 -0.991147998518
  1494 -0.991147998518
  1495 -0.991147998518
  1496 -0.991147998518
  1497 -0.991147998518
  1498 -0.991147998518
  1499 -0.991147998518
  1500 -0.991147998518
  1501 -0.991147998518
  1502 -0.991147998518
  1503 -0.991147998518
  1504 -0.991147998518
  1505 -0.991147998518
  1506 -0.991147998518
  1507 -0.991147998518
  1508 -0.991147998518
  1509 -0.991147998518
  1510 -0.991147998518
  1511 -0.991147998518
  1512 -0.991147998518
  1513 -0.991147998518
  1514 -0.991147998518
  1515 -0.991147998518
  1516 -0.991147998518
  1517 -0.991147998518
  1518 -0.991147998518
  1519 -0.991147998518
  1520 -0.991147998518
  1521 -0.991147998518
  1522 -0.991147998518
  1523 -0.991147998518
  1524 -0.991147998518
  1525 -0.991147998518
  1526 -0.991147998518
  1527 -0.991147998518
  1528 -0.991147998518
  1529 -0.991147998518
  1530 -0.991147998518
  1531 -0.991147998518
  1532 -0.991147998518
  1533 -0.991147998518
  1534 -0.991147998518
  1535 -0.991147998518
  1536 -0.991147998518
  1537 -0.991147998518
  1538 -0.991147998518
  1539 -0.991147998518
  1540 -0.991147998518
  1541 -0.991147998518
  1542 -0.991147998518
  1543 -0.991147998518
  1544 -0.991147998518
  1545 -0.991147998518
  1546 -0.991147998518
  1547 -0.991147998518
  1548 -0.991147998518
  1549 -0.991147998518
  1550 -0.991147998518
  1551 -0.991147998518
  1552 -0.991147998518
  1553 -0.991147998518
  1554 -0.991147998518
  1555 -0.991147998518
  1556 -0.991147998518
  1557 -0.991147998518
  1558 -0.991147998518
  1559 -0.991147998518
  1560 -0.991147998518
  1561 -0.991147998518
  1562 -0.991147998518
  1563 -0.991147998518
  1564 -0.991147998518
  1565 -0.991147998518
  1566 -0.991147998518
  1567 -0.991147998518
  1568 -0.991147998518
  1569 -0.991147998518
  1570 -0.991147998518
  1571 -0.991147998518
  1572 -0.991147998518
  1573 -0.991147998518
  1574 -0.991147998518
  1575 -0.991147998518
  1576 -0.991147998518
  1577 -0.991147998518
  1578 -0.991147998518
  1579 -0.991147998518
  1580 -0.991147998518
  1581 -0.991147998518
  1582 -0.991147998518
  1583 -0.991147998518
  1584 -0.991147998518
  1585 -0.991147998518
  1586 -0.991147998518
  1587 -0.991147998518
  1588 -0.991147998518
  1589 -0.991147998518
  1590 -0.991147998518
  1591 -0.991147998518
  1592 -0.991147998518
  1593 -0.991147998518
  1594 -0.991147998518
  1595 -0.991147998518
  1596 -0.991147998518
  1597 -0.991147998518
  1598 -0.991147998518
  1599 -0.991147998518
  1600 -0.991147998518
  1601 -0.991147998518
  1602 -0.991147998518
  1603 -0.991147998518
  1604 -0.991147998518
  1605 -0.991147998518
  1606 -0.991147998518
  1607 -0.991147998518
  1608 -0.991147998518
  1609 -0.991147998518
  1610 -0.991147998518
  1611 -0.991147998518
  1612 -0.991147998518
  1613 -0.991147998518
  1614 -0.991147998518
  1615 -0.991147998518
  1616 -0.991147998518
  1617 -0.991147998518
  1618 -0.991147998518
  1619 -0.991147998518
  1620 -0.991147998518
  1621 -0.991147998518
  1622 -0.991147998518
  1623 -0.991147998518
  1624 -0.991147998518
  1625 -0.991147998518
  1626 -0.991147998518
  1627 -0.991147998518
  1628 -0.991147998518
  1629 -0.991147998518
  1630 -0.991147998518
  1631 -0.991147998518
  1632 -0.991147998518
  1633 -0.991147998518
  1634 -0.991147998518
  1635 -0.991147998518
  1636 -0.991147998518
  1637 -0.991147998518
  1638 -0.991147998518
  1639 -0.991147998518
  1640 -0.991147998518
  1641 -0.991147998518
  1642 -0.991147998518
  1643 -0.991147998518
  1644 -0.991147998518
  1645 -0.991147998518
  1646 -0.991147998518
  1647 -0.991147998518
  1648 -0.991147998518
  1649 -0.991147998518
  1650 -0.991147998518
  1651 -0.991147998518
  1652 -0.991147998518
  1653 -0.991147998518
  1654 -0.991147998518
  1655 -0.991147998518
  1656 -0.991147998518
  1657 -0.991147998518
  1658 -0.991147998518
  1659 -0.991147998518
  1660 -0.991147998518
  1661 -0.991147998518
  1662 -0.991147998518
  1663 -0.991147998518
  1664 -0.991147998518
  1665 -0.991147998518
  1666 -0.991147998518
  1667 -0.991147998518
  1668 -0.991147998518
  1669 -0.991147998518
  1670 -0.991147998518
  1671 -0.991147998518
  1672 -0.991147998518
  1673 -0.991147998518
  1674 -0.991147998518
  1675 -0.991147998518
  1676 -0.991147998518
  1677 -0.991147998518
  1678 -0.991147998518
  1679 -0.991147998518
  1680 -0.991147998518
  1681 -0.991147998518
  1682 -0.991147998518
  1683 -0.991147998518
  1684 -0.991147998518
  1685 -0.991147998518
  1686 -0.991147998518
  1687 -0.991147998518
  1688 -0.991147998518
  1689 -0.991147998518
  1690 -0.991147998518
  1691 -0.991147998518
  1692 -0.991147998518
  1693 -0.991147998518
  1694 -0.991147998518
  1695 -0.991147998518
  1696 -0.991147998518
  1697 -0.991147998518
  1698 -0.991147998518
  1699 -0.991147998518
  1700 -0.991147998518
  1701 -0.991147998518
  1702 -0.991147998518
  1703 -0.991147998518
  1704 -0.991147998518
  1705 -0.991147998518
  1706 -0.991147998518
  1707 -0.991147998518
  1708 -0.991147998518
  1709 -0.991147998518
  1710 -0.991147998518
  1711 -0.991147998518
  1712 -0.991147998518
  1713 -0.991147998518
  1714 -0.991147998518
  1715 -0.991147998518
  1716 -0.991147998518
  1717 -0.991147998518
  1718 -0.991147998518
  1719 -0.991147998518
  1720 -0.991147998518
  1721 -0.991147998518
  1722 -0.991147998518
  1723 -0.991147998518
  1724 -0.991147998518
  1725 -0.991147998518
  1726 -0.991147998518
  1727 -0.991147998518
  1728 -0.991147998518
  1729 -0.991147998518
  1730 -0.991147998518
  1731 -0.991147998518
  1732 -0.991147998518
  1733 -0.991147998518
  1734 -0.991147998518
  1735 -0.991147998518
  1736 -0.991147998518
  1737 -0.991147998518
  1738 -0.991147998518
  1739 -0.991147998518
  1740 -0.991147998518
  1741 -0.991147998518
  1742 -0.991147998518
  1743 -0.991147998518
  1744 -0.991147998518
  1745 -0.991147998518
  1746 -0.991147998518
  1747 -0.991147998518
  1748 -0.991147998518
  1749 -0.991147998518
  1750 -0.991147998518
  1751 -0.991147998518
  1752 -0.991147998518
  1753 -0.991147998518
  1754 -0.991147998518
  1755 -0.991147998518
  1756 -0.991147998518
  1757 -0.991147998518
  1758 -0.991147998518
  1759 -0.991147998518
  1760 -0.991147998518
  1761 -0.991147998518
  1762 -0.991147998518
  1763 -0.991147998518
  1764 -0.991147998518
  1765 -0.991147998518
  1766 -0.991147998518
  1767 -0.991147998518
  1768 -0.991147998518
  1769 -0.991147998518
  1770 -0.991147998518
  1771 -0.991147998518
  1772 -0.991147998518
  1773 -0.991147998518
  1774 -0.991147998518
  1775 -0.991147998518
  1776 -0.991147998518
  1777 -0.991147998518
  1778 -0.991147998518
  1779 -0.991147998518
  1780 -0.991147998518
  1781 -0.991147998518
  1782 -0.991147998518
  1783 -0.991147998518
  1784 -0.991147998518
  1785 -0.991147998518
  1786 -0.991147998518
  1787 -0.991147998518
  1788 -0.991147998518
  1789 -0.991147998518
  1790 -0.991147998518
  1791 -0.991147998518
  1792 -0.991147998518
  1793 -0.991147998518
  1794 -0.991147998518
  1795 -0.991147998518
  1796 -0.991147998518
  1797 -0.991147998518
  1798 -0.991147998518
  1799 -0.991147998518
  1800 -0.991147998518
  1801 -0.991147998518
  1802 -0.991147998518
  1803 -0.991147998518
  1804 -0.991147998518
  1805 -0.991147998518
  1806 -0.991147998518
  1807 -0.991147998518
  1808 -0.991147998518
  1809 -0.991147998518
  1810 -0.991147998518
  1811 -0.991147998518
  1812 -0.991147998518
  1813 -0.991147998518
  1814 -0.991147998518
  1815 -0.991147998518
  1816 -0.991147998518
  1817 -0.991147998518
  1818 -0.991147998518
  1819 -0.991147998518
  1820 -0.991147998518
  1821 -0.991147998518
  1822 -0.991147998518
  1823 -0.991147998518
  1824 -0.991147998518
  1825 -0.991147998518
  1826 -0.991147998518
  1827 -0.991147998518
  1828 -0.991147998518
  1829 -0.991147998518
  1830 -0.991147998518
  1831 -0.991147998518
  1832 -0.991147998518
  1833 -0.991147998518
  1834 -0.991147998518
  1835 -0.991147998518
  1836 -0.991147998518
  1837 -0.991147998518
  1838 -0.991147998518
  1839 -0.991147998518
  1840 -0.991147998518
  1841 -0.991147998518
  1842 -0.991147998518
  1843 -0.991147998518
  1844 -0.991147998518
  1845 -0.991147998518
  1846 -0.991147998518
  1847 -0.991147998518
  1848 -0.991147998518
  1849 -0.991147998518
  1850 -0.991147998518
  1851 -0.991147998518
  1852 -0.991147998518
  1853 -0.991147998518
  1854 -0.991147998518
  1855 -0.991147998518
  1856 -0.991147998518
  1857 -0.991147998518
  1858 -0.991147998518
  1859 -0.991147998518
  1860 -0.991147998518
  1861 -0.991147998518
  1862 -0.991147998518
  1863 -0.991147998518
  1864 -0.991147998518
  1865 -0.991147998518
  1866 -0.991147998518
  1867 -0.991147998518
  1868 -0.991147998518
  1869 -0.991147998518
  1870 -0.991147998518
  1871 -0.991147998518
  1872 -0.991147998518
  1873 -0.991147998518
  1874 -0.991147998518
  1875 -0.991147998518
  1876 -0.991147998518
  1877 -0.991147998518
  1878 -0.991147998518
  1879 -0.991147998518
  1880 -0.991147998518
  1881 -0.991147998518
  1882 -0.991147998518
  1883 -0.991147998518
  1884 -0.991147998518
  1885 -0.991147998518
  1886 -0.991147998518
  1887 -0.991147998518
  1888 -0.991147998518
  1889 -0.991147998518
  1890 -0.991147998518
  1891 -0.991147998518
  1892 -0.991147998518
  1893 -0.991147998518
  1894 -0.991147998518
  1895 -0.991147998518
  1896 -0.991147998518
  1897 -0.991147998518
  1898 -0.991147998518
  1899 -0.991147998518
  1900 -0.991147998518
  1901 -0.991147998518
  1902 -0.991147998518
  1903 -0.991147998518
  1904 -0.991147998518
  1905 -0.991147998518
  1906 -0.991147998518
  1907 -0.991147998518
  1908 -0.991147998518
  1909 -0.991147998518
  1910 -0.991147998518
  1911 -0.991147998518
  1912 -0.991147998518
  1913 -0.991147998518
  1914 -0.991147998518
  1915 -0.991147998518
  1916 -0.991147998518
  1917 -0.991147998518
  1918 -0.991147998518
  1919 -0.991147998518
  1920 -0.991147998518
  1921 -0.991147998518
  1922 -0.991147998518
  1923 -0.991147998518
  1924 -0.991147998518
  1925 -0.991147998518
  1926 -0.991147998518
  1927 -0.991147998518
  1928 -0.991147998518
  1929 -0.991147998518
  1930 -0.991147998518
  1931 -0.991147998518
  1932 -0.991147998518
  1933 -0.991147998518
  1934 -0.991147998518
  1935 -0.991147998518
  1936 -0.991147998518
  1937 -0.991147998518
  1938 -0.991147998518
  1939 -0.991147998518
  1940 -0.991147998518
  1941 -0.991147998518
  1942 -0.991147998518
  1943 -0.991147998518
  1944 -0.991147998518
  1945 -0.991147998518
  1946 -0.991147998518
  1947 -0.991147998518
  1948 -0.991147998518
  1949 -0.991147998518
  1950 -0.991147998518
  1951 -0.991147998518
  1952 -0.991147998518
  1953 -0.991147998518
  1954 -0.991147998518
  1955 -0.991147998518
  1956 -0.991147998518
  1957 -0.991147998518
  1958 -0.991147998518
  1959 -0.991147998518
  1960 -0.991147998518
  1961 -0.991147998518
  1962 -0.991147998518
  1963 -0.991147998518
  1964 -0.991147998518
  1965 -0.991147998518
  1966 -0.991147998518
  1967 -0.991147998518
  1968 -0.991147998518
  1969 -0.991147998518
  1970 -0.991147998518
  1971 -0.991147998518
  1972 -0.991147998518
  1973 -0.991147998518
  1974 -0.991147998518
  1975 -0.991147998518
  1976 -0.991147998518
  1977 -0.991147998518
  1978 -0.991147998518
  1979 -0.991147998518
  1980 -0.991147998518
  1981 -0.991147998518
  1982 -0.991147998518
  1983 -0.991147998518
  1984 -0.991147998518
  1985 -0.991147998518
  1986 -0.991147998518
  1987 -0.991147998518
  1988 -0.991147998518
  1989 -0.991147998518
  1990 -0.991147998518
  1991 -0.991147998518
  1992 -0.991147998518
  1993 -0.991147998518
  1994 -0.991147998518
  1995 -0.991147998518
  1996 -0.991147998518
  1997 -0.991147998518
  1998 -0.991147998518
  1999 -0.991147998518
  2000 -0.991147998518
