     1 -0.940305683455
     2 -1.068187577990
     3 -1.117401891596
     4 -1.095611388895
     5 -1.085949126457
     6 -1.079003700372
     7 -1.072131059806
     8 -1.066888341833
     9 -1.063650087468
    10 -1.062362434324
    11 -1.062660236578
    12 -1.063835858218
    13 -1.065277905819
    14 -1.066667902183
    15 -1.067879136377
    16 -1.068873614145
    17 -1.069659255904
    18 -1.070266601108
    19 -1.070732719166
    20 -1.071091947903
    21 -1.071372159123
    22 -1.071594344759
    23 -1.071773705906
    24 -1.071920984457
    25 -1.072043796840
    26 -1.072147561954
    27 -1.072236204023
    28 -1.072312623078
    29 -1.072379009168
    30 -1.072437051295
    31 -1.072488077263
    32 -1.072533148632
    33 -1.072573126442
    34 -1.072608717700
    35 -1.072640509012
    36 -1.072668991437
    37 -1.072694579225
    38 -1.072717624184
    39 -1.072738436733
    40 -1.072757254993
    41 -1.072774312024
    42 -1.072789809725
    43 -1.072803890008
    44 -1.072816734321
    45 -1.072828453914
    46 -1.072839162181
    47 -1.072848944133
    48 -1.072857918854
    49 -1.072866149343
    50 -1.072873705488
    51 -1.141006705337
    52 -1.071674828148
    53 -1.064813945087
    54 -1.068962480331
    55 -1.070989886299
    56 -1.071969408004
    57 -1.072449285870
    58 -1.072688370562
    59 -1.072809888084
    60 -1.072873152917
    61 -1.072907089774
    62 -1.072925960571
    63 -1.072936895754
    64 -1.072943550349
    65 -1.072947833677
    66 -1.072950734153
    67 -1.072952818339
    68 -1.072954398271
    69 -1.072955654404
    70 -1.072956693961
    71 -1.072957582373
    72 -1.072958360635
    73 -1.072959055135
    74 -1.072959683343
    75 -1.072960257175
    76 -1.072960785031
    77 -1.072961273036
    78 -1.072961725823
    79 -1.072962147022
    80 -1.072962539572
    81 -1.072962905931
    82 -1.072963248199
    83 -1.072963568218
    84 -1.072963867621
    85 -1.072964147882
    86 -1.072964410338
    87 -1.072964656214
    88 -1.072964886635
    89 -1.072965102642
    90 -1.072965305198
    91 -1.072965495194
    92 -1.072965673461
    93 -1.072965840769
    94 -1.072965997837
    95 -1.072966145332
    96 -1.072966283878
    97 -1.072966414055
    98 -1.072966536404
    99 -1.072966651430
   100 -1.072966759604
   101 -1.132794938724
   102 -1.066214788247
   103 -1.063928652108
   104 -1.068800921681
   105 -1.070988731392
   106 -1.071985821462
   107 -1.072447433982
   108 -1.072665200810
   109 -1.072770420417
   110 -1.072822906748
   111 -1.072850184568
   112 -1.072865152445
   113 -1.072873912000
   114 -1.072879472827
   115 -1.072883298843
   116 -1.072886167392
   117 -1.072888482551
   118 -1.072890464362
   119 -1.072892236243
   120 -1.072893869415
   121 -1.072895406093
   122 -1.072896871950
   123 -1.072898282977
   124 -1.072899649384
   125 -1.072900977856
   126 -1.072902272894
   127 -1.072903537623
   128 -1.072904774292
   129 -1.072905984583
   130 -1.072907169801
   131 -1.072908331004
   132 -1.072909469081
   133 -1.072910584799
   134 -1.072911678841
   135 -1.072912751829
   136 -1.072913804333
   137 -1.072914836888
   138 -1.072915849994
   139 -1.072916844127
   140 -1.072917819741
   141 -1.072918777265
   142 -1.072919717115
   143 -1.072920639686
   144 -1.072921545360
   145 -1.072922434503
   146 -1.072923307470
   147 -1.072924164600
   148 -1.072925006223
   149 -1.072925832658
   150 -1.072926644211
   151 -1.159617813176
   152 -1.055525764774
   153 -1.062714744256
   154 -1.067733512204
   155 -1.070255879216
   156 -1.071550359517
   157 -1.072219402123
   158 -1.072566088373
   159 -1.072746959995
   160 -1.072842462104
   161 -1.072893732942
   162 -1.072921802004
   163 -1.072937527839
   164 -1.072946551356
   165 -1.072951887303
   166 -1.072955122221
   167 -1.072957151600
   168 -1.072958470539
   169 -1.072959362246
   170 -1.072959992044
   171 -1.072960458304
   172 -1.072960831835
   173 -1.072961126777
   174 -1.072961377205
   175 -1.072961597524
   176 -1.072961796916
   177 -1.072961981296
   178 -1.072962154506
   179 -1.072962319074
   180 -1.072962476677
   181 -1.072962628450
   182 -1.072962775168
   183 -1.072962917380
   184 -1.072963055478
   185 -1.072963189758
   186 -1.072963320444
   187 -1.072963447721
   188 -1.072963571737
   189 -1.072963692623
   190 -1.072963810492
   191 -1.072963925447
   192 -1.072964037582
   193 -1.072964146986
   194 -1.072964253740
   195 -1.072964357922
   196 -1.072964459607
   197 -1.072964558864
   198 -1.072964655763
   199 -1.072964750366
   200 -1.072964842738
   201 -1.165331466235
   202 -1.061695439757
   203 -1.062083539114
   204 -1.068132994836
   205 -1.070818564504
   206 -1.071967754429
   207 -1.072464161547
   208 -1.072683527262
   209 -1.072783940104
   210 -1.072832147125
   211 -1.072856735354
   212 -1.072870237638
   213 -1.072878340643
   214 -1.072883708066
   215 -1.072887595527
   216 -1.072890658790
   217 -1.072893231769
   218 -1.072895494525
   219 -1.072897547881
   220 -1.072899450511
   221 -1.072901237954
   222 -1.072902932654
   223 -1.072904549421
   224 -1.072906098484
   225 -1.072907587243
   226 -1.072909021301
   227 -1.072910405082
   228 -1.072911742210
   229 -1.072913035750
   230 -1.072914288355
   231 -1.072915502370
   232 -1.072916679899
   233 -1.072917822845
   234 -1.072918932949
   235 -1.072920011810
   236 -1.072921060906
   237 -1.072922081603
   238 -1.072923075173
   239 -1.072924042798
   240 -1.072924985580
   241 -1.072925904550
   242 -1.072926800670
   243 -1.072927674842
   244 -1.072928527911
   245 -1.072929360671
   246 -1.072930173867
   247 -1.072930968199
   248 -1.072931744329
   249 -1.072932502877
   250 -1.072933244430
   251 -1.121879882087
   252 -1.061268108066
   253 -1.064322855472
   254 -1.068619268681
   255 -1.070756042389
   256 -1.071821131095
   257 -1.072357752930
   258 -1.072632432850
   259 -1.072776029890
   260 -1.072853009872
   261 -1.072895398705
   262 -1.072919361021
   263 -1.072933296640
   264 -1.072941615876
   265 -1.072946706851
   266 -1.072949915306
   267 -1.072952000366
   268 -1.072953403399
   269 -1.072954385985
   270 -1.072955117059
   271 -1.072955670340
   272 -1.072956116721
   273 -1.072956493421
   274 -1.072956823882
   275 -1.072957122969
   276 -1.072957400170
   277 -1.072957661576
   278 -1.072957911120
   279 -1.072958151360
   280 -1.072958383973
   281 -1.072958610072
   282 -1.072958830405
   283 -1.072959045487
   284 -1.072959255681
   285 -1.072959461249
   286 -1.072959662392
   287 -1.072959859267
   288 -1.072960052003
   289 -1.072960240713
   290 -1.072960425494
   291 -1.072960606437
   292 -1.072960783624
   293 -1.072960957136
   294 -1.072961127048
   295 -1.072961293434
   296 -1.072961456363
   297 -1.072961615905
   298 -1.072961772128
   299 -1.072961925096
   300 -1.072962074875
   301 -1.163729497924
   302 -1.061252116792
   303 -1.062381746236
   304 -1.067114730774
   305 -1.069868398956
   306 -1.071349692719
   307 -1.072114700073
   308 -1.072501137469
   309 -1.072694993478
   310 -1.072792766763
   311 -1.072842835106
   312 -1.072869190004
   313 -1.072883593913
   314 -1.072891936599
   315 -1.072897125229
   316 -1.072900625404
   317 -1.072903208840
   318 -1.072905272304
   319 -1.072907027621
   320 -1.072908590603
   321 -1.072910026274
   322 -1.072911372232
   323 -1.072912650926
   324 -1.072913876234
   325 -1.072915057063
   326 -1.072916199366
   327 -1.072917307293
   328 -1.072918383866
   329 -1.072919431384
   330 -1.072920451667
   331 -1.072921446213
   332 -1.072922416293
   333 -1.072923363013
   334 -1.072924287356
   335 -1.072925190211
   336 -1.072926072391
   337 -1.072926934645
   338 -1.072927777671
   339 -1.072928602119
   340 -1.072929408599
   341 -1.072930197685
   342 -1.072930969918
   343 -1.072931725810
   344 -1.072932465845
   345 -1.072933190483
   346 -1.072933900159
   347 -1.072934595288
   348 -1.072935276264
   349 -1.072935943463
   350 -1.072936597245
   351 -1.072937237951
   352 -1.072937865910
   353 -1.072938481435
   354 -1.072939084826
   355 -1.072939676372
   356 -1.072940256350
   357 -1.072940825025
   358 -1.072941382652
   359 -1.072941929480
   360 -1.072942465744
   361 -1.072942991673
   362 -1.072943507489
   363 -1.072944013405
   364 -1.072944509629
   365 -1.072944996358
   366 -1.072945473788
   367 -1.072945942106
   368 -1.072946401493
   369 -1.072946852128
   370 -1.072947294181
   371 -1.072947727820
   372 -1.072948153206
   373 -1.072948570499
   374 -1.072948979851
   375 -1.072949381414
   376 -1.072949775333
   377 -1.072950161751
   378 -1.072950540808
   379 -1.072950912639
   380 -1.072951277378
   381 -1.072951635156
   382 -1.072951986098
   383 -1.072952330329
   384 -1.072952667971
   385 -1.072952999144
   386 -1.072953323964
   387 -1.072953642546
   388 -1.072953955002
   389 -1.072954261441
   390 -1.072954561971
   391 -1.072954856700
   392 -1.072955145729
   393 -1.072955429161
   394 -1.072955707096
   395 -1.072955979632
   396 -1.072956246866
   397 -1.072956508892
   398 -1.072956765803
   399 -1.072957017691
   400 -1.072957264646
   401 -1.072957506755
   402 -1.072957744106
   403 -1.072957976784
   404 -1.072958204872
   405 -1.072958428453
   406 -1.072958647609
   407 -1.072958862419
   408 -1.072959072961
   409 -1.072959279312
   410 -1.072959481549
   411 -1.072959679745
   412 -1.072959873975
   413 -1.072960064310
   414 -1.072960250822
   415 -1.072960433580
   416 -1.072960612653
   417 -1.072960788109
   418 -1.072960960013
   419 -1.072961128433
   420 -1.072961293431
   421 -1.072961455071
   422 -1.072961613416
   423 -1.072961768526
   424 -1.072961920463
   425 -1.072962069285
   426 -1.072962215050
   427 -1.072962357817
   428 -1.072962497641
   429 -1.072962634577
   430 -1.072962768682
   431 -1.072962900007
   432 -1.072963028606
   433 -1.072963154531
   434 -1.072963277833
   435 -1.072963398562
   436 -1.072963516768
   437 -1.072963632498
   438 -1.072963745801
   439 -1.072963856724
   440 -1.072963965313
   441 -1.072964071612
   442 -1.072964175668
   443 -1.072964277522
   444 -1.072964377219
   445 -1.072964474801
   446 -1.072964570309
   447 -1.072964663785
   448 -1.072964755268
   449 -1.072964844797
   450 -1.072964932412
   451 -1.072965018151
   452 -1.072965102051
   453 -1.072965184149
   454 -1.072965264480
   455 -1.072965343081
   456 -1.072965419986
   457 -1.072965495229
   458 -1.072965568844
   459 -1.072965640865
   460 -1.072965711322
   461 -1.072965780248
   462 -1.072965847675
   463 -1.072965913632
   464 -1.072965978151
   465 -1.072966041260
   466 -1.072966102988
   467 -1.072966163364
   468 -1.072966222417
   469 -1.072966280172
   470 -1.072966336657
   471 -1.072966391899
   472 -1.072966445923
   473 -1.072966498754
   474 -1.072966550418
   475 -1.072966600939
   476 -1.072966650341
   477 -1.072966698648
   478 -1.072966745882
   479 -1.072966792066
   480 -1.072966837222
   481 -1.072966881373
   482 -1.072966924538
   483 -1.072966966740
   484 -1.072967007999
   485 -1.072967048334
   486 -1.072967087766
   487 -1.072967126314
   488 -1.072967163996
   489 -1.072967200832
   490 -1.072967236839
   491 -1.072967272036
   492 -1.072967306439
   493 -1.072967340066
   494 -1.072967372934
   495 -1.072967405059
   496 -1.072967436457
   497 -1.072967467144
   498 -1.072967497135
   499 -1.072967526446
   500 -1.072967555092
   501 -1.072967583086
   502 -1.072967610443
   503 -1.072967637178
   504 -1.072967663303
   505 -1.072967688833
   506 -1.072967713779
   507 -1.072967738156
   508 -1.072967761975
   509 -1.072967785250
   510 -1.072967807991
   511 -1.072967830211
   512 -1.072967851921
   513 -1.072967873133
   514 -1.072967893857
   515 -1.072967914105
   516 -1.072967933888
   517 -1.072967953214
   518 -1.072967972096
   519 -1.072967990541
   520 -1.072968008562
   521 -1.072968026166
   522 -1.072968043363
   523 -1.072968060163
   524 -1.072968087749
   525 -1.072968103780
   526 -1.072968119440
   527 -1.072968134737
   528 -1.072968149679
   529 -1.072968164275
   530 -1.072968178531
   531 -1.072968192455
   532 -1.072968206056
   533 -1.072968219341
   534 -1.072968232315
   535 -1.072968244988
   536 -1.072968257365
   537 -1.072968269453
   538 -1.072968281259
   539 -1.072968292790
   540 -1.072968304051
   541 -1.072968315048
   542 -1.072968325788
   543 -1.072968336277
   544 -1.072968346520
   545 -1.072968356523
   546 -1.072968366292
   547 -1.072968375831
   548 -1.072968385147
   549 -1.072968394244
   550 -1.072968403127
   551 -1.072968411801
   552 -1.072968420271
   553 -1.072968428542
   554 -1.072968436618
   555 -1.072968444505
   556 -1.072968452205
   557 -1.072968459723
   558 -1.072968467065
   559 -1.072968474233
   560 -1.072968481232
   561 -1.072968488066
   562 -1.072968494738
   563 -1.072968501252
   564 -1.072968507613
   565 -1.072968513823
   566 -1.072968519886
   567 -1.072968525805
   568 -1.072968531584
   569 -1.072968537227
   570 -1.072968542735
   571 -1.072968548113
   572 -1.072968553364
   573 -1.072968558489
   574 -1.072968563493
   575 -1.072968568379
   576 -1.072968573148
   577 -1.072968577804
   578 -1.072968582349
   579 -1.072968586786
   580 -1.072968591117
   581 -1.072968595345
   582 -1.072968599473
   583 -1.072968603502
   584 -1.072968607436
   585 -1.072968611275
   586 -1.072968615023
   587 -1.072968618682
   588 -1.072968622254
   589 -1.072968625740
   590 -1.072968629143
   591 -1.072968632464
   592 -1.072968635707
   593 -1.072968638871
   594 -1.072968641961
   595 -1.072968644976
   596 -1.072968647919
   597 -1.072968650792
   598 -1.072968653596
   599 -1.072968656333
   600 -1.072968659004
   601 -1.072968661612
   602 -1.072968664157
   603 -1.072968666641
   604 -1.072968669065
   605 -1.072968671432
   606 -1.072968673741
   607 -1.072968675995
   608 -1.072968678195
   609 -1.072968680343
   610 -1.072968682438
   611 -1.072968684484
   612 -1.072968686480
   613 -1.072968688428
   614 -1.072968690330
   615 -1.072968692185
   616 -1.072968693997
   617 -1.072968695764
   618 -1.072968697489
   619 -1.072968699173
   620 -1.072968700816
   621 -1.072968702419
   622 -1.072968703984
   623 -1.072968705512
   624 -1.072968707002
   625 -1.072968708457
   626 -1.072968709876
   627 -1.072968711261
   628 -1.072968712613
   629 -1.072968713932
   630 -1.072968715220
   631 -1.072968716476
   632 -1.072968717702
   633 -1.072968718899
   634 -1.072968720067
   635 -1.072968721206
   636 -1.072968722318
   637 -1.072968723403
   638 -1.072968724462
   639 -1.072968725495
   640 -1.072968726503
   641 -1.072968727487
   642 -1.072968728447
   643 -1.072968729384
   644 -1.072968730299
   645 -1.072968731191
   646 -1.072968732061
   647 -1.072968732911
   648 -1.072968733740
   649 -1.072968734549
   650 -1.072968735338
   651 -1.072968736108
   652 -1.072968736860
   653 -1.072968737593
   654 -1.072968738309
   655 -1.072968739007
   656 -1.072968739688
   657 -1.072968740353
   658 -1.072968741002
   659 -1.072968741635
   660 -1.072968742253
   661 -1.072968742855
   662 -1.072968743443
   663 -1.072968744017
   664 -1.072968744577
   665 -1.072968745123
   666 -1.072968745656
   667 -1.072968746176
   668 -1.072968746684
   669 -1.072968747179
   670 -1.072968747662
   671 -1.072968748133
   672 -1.072968748593
   673 -1.072968749042
   674 -1.072968749480
   675 -1.072968749907
   676 -1.072968750324
   677 -1.072968750730
   678 -1.072968751127
   679 -1.072968751514
   680 -1.072968751892
   681 -1.072968752261
   682 -1.072968752620
   683 -1.072968752971
   684 -1.072968753313
   685 -1.072968753647
   686 -1.072968753973
   687 -1.072968754291
   688 -1.072968754601
   689 -1.072968754904
   690 -1.072968755199
   691 -1.072968755487
   692 -1.072968755768
   693 -1.072968756042
   694 -1.072968756310
   695 -1.072968756571
   696 -1.072968756826
   697 -1.072968757074
   698 -1.072968757316
   699 -1.072968757553
   700 -1.072968757783
   701 -1.072968758009
   702 -1.072968758228
   703 -1.072968758442
   704 -1.072968758651
   705 -1.072968758855
   706 -1.072968759054
   707 -1.072968759248
   708 -1.072968759438
   709 -1.072968759622
   710 -1.072968759802
   711 -1.072968759978
   712 -1.072968760150
   713 -1.072968760317
   714 -1.072968760480
   715 -1.072968760640
   716 -1.072968760795
   717 -1.072968760946
   718 -1.072968761094
   719 -1.072968761239
   720 -1.072968761379
   721 -1.072968761517
   722 -1.072968761650
   723 -1.072968761781
   724 -1.072968761909
   725 -1.072968762033
   726 -1.072968762154
   727 -1.072968762272
   728 -1.072968762388
   729 -1.072968762501
   730 -1.072968762610
   731 -1.072968762718
   732 -1.072968762822
   733 -1.072968762924
   734 -1.072968763023
   735 -1.072968763121
   736 -1.072968763215
   737 -1.072968763308
   738 -1.072968763398
   739 -1.072968763485
   740 -1.072968763571
   741 -1.072968763655
   742 -1.072968763736
   743 -1.072968763816
   744 -1.072968763894
   745 -1.072968763969
   746 -1.072968764043
   747 -1.072968764115
   748 -1.072968764185
   749 -1.072968764254
   750 -1.072968764321
   751 -1.072968764386
   752 -1.072968764450
   753 -1.072968764512
   754 -1.072968764572
   755 -1.072968764631
   756 -1.072968764689
   757 -1.072968764745
   758 -1.072968764800
   759 -1.072968764854
   760 -1.072968764906
   761 -1.072968764957
   762 -1.072968765006
   763 -1.072968765055
   764 -1.072968765102
   765 -1.072968765148
   766 -1.072968765193
   767 -1.072968765237
   768 -1.072968765279
   769 -1.072968765321
   770 -1.072968765362
   771 -1.072968765401
   772 -1.072968765440
   773 -1.072968765478
   774 -1.072968765514
   775 -1.072968765550
   776 -1.072968765585
   777 -1.072968765620
   778 -1.072968765653
   779 -1.072968765685
   780 -1.072968765717
   781 -1.072968765748
   782 -1.072968765778
   783 -1.072968765807
   784 -1.072968765836
   785 -1.072968765864
   786 -1.072968765891
   787 -1.072968765918
   788 -1.072968765944
   789 -1.072968765969
   790 -1.072968765994
   791 -1.072968766018
   792 -1.072968766041
   793 -1.072968766064
   794 -1.072968766087
   795 -1.072968766108
   796 -1.072968766130
   797 -1.072968766150
   798 -1.072968766171
   799 -1.072968766190
   800 -1.072968766210
   801 -1.072968766228
   802 -1.072968766247
   803 -1.072968766264
   804 -1.072968766282
   805 -1.072968766299
   806 -1.072968766315
   807 -1.072968766331
   808 -1.072968766347
   809 -1.072968766362
   810 -1.072968766377
   811 -1.072968766392
   812 -1.072968766406
   813 -1.072968766420
   814 -1.072968766434
   815 -1.072968766447
   816 -1.072968766460
   817 -1.072968766472
   818 -1.072968766484
   819 -1.072968766496
   820 -1.072968766508
   821 -1.072968766519
   822 -1.072968766530
   823 -1.072968766541
   824 -1.072968766552
   825 -1.072968766562
   826 -1.072968766572
   827 -1.072968766582
   828 -1.072968766591
   829 -1.072968766600
   830 -1.072968766609
   831 -1.072968766618
   832 -1.072968766627
   833 -1.072968766635
   834 -1.072968766643
   835 -1.072968766651
   836 -1.072968766659
   837 -1.072968766667
   838 -1.072968766674
   839 -1.072968766681
   840 -1.072968766688
   841 -1.072968766695
   842 -1.072968766702
   843 -1.072968766708
   844 -1.072968766715
   845 -1.072968766721
   846 -1.072968766727
   847 -1.072968766733
   848 -1.072968766739
   849 -1.072968766744
   850 -1.072968766750
   851 -1.072968766755
   852 -1.072968766760
   853 -1.072968766765
   854 -1.072968766770
   855 -1.072968766775
   856 -1.072968766780
   857 -1.072968766784
   858 -1.072968766789
   859 -1.072968766793
   860 -1.072968766797
   861 -1.072968766801
   862 -1.072968766805
   863 -1.072968766809
   864 -1.072968766813
   865 -1.072968766817
   866 -1.072968766820
   867 -1.072968766824
   868 -1.072968766827
   869 -1.072968766831
   870 -1.072968766834
   871 -1.072968766837
   872 -1.072968766840
   873 -1.072968766843
   874 -1.072968766846
   875 -1.072968766849
   876 -1.072968766852
   877 -1.072968766855
   878 -1.072968766857
   879 -1.072968766860
   880 -1.072968766862
   881 -1.072968766865
   882 -1.072968766867
   883 -1.072968766870
   884 -1.072968766872
   885 -1.072968766874
   886 -1.072968766876
   887 -1.072968766878
   888 -1.072968766881
   889 -1.072968766883
   890 -1.072968766885
   891 -1.072968766886
   892 -1.072968766888
   893 -1.072968766890
   894 -1.072968766892
   895 -1.072968766894
   896 -1.072968766895
   897 -1.072968766897
   898 -1.072968766898
   899 -1.072968766900
   900 -1.072968766902
   901 -1.072968766903
   902 -1.072968766904
   903 -1.072968766906
   904 -1.072968766907
   905 -1.072968766909
   906 -1.072968766910
   907 -1.072968766911
   908 -1.072968766912
   909 -1.072968766913
   910 -1.072968766915
   911 -1.072968766916
   912 -1.072968766917
   913 -1.072968766918
   914 -1.072968766919
   915 -1.072968766920
   916 -1.072968766921
   917 -1.072968766922
   918 -1.072968766923
   919 -1.072968766924
   920 -1.072968766925
   921 -1.072968766926
   922 -1.072968766926
   923 -1.072968766927
   924 -1.072968766928
   925 -1.072968766929
   926 -1.072968766930
   927 -1.072968766930
   928 -1.072968766931
   929 -1.072968766932
   930 -1.072968766932
   931 -1.072968766933
   932 -1.072968766934
   933 -1.072968766934
   934 -1.072968766935
   935 -1.072968766936
   936 -1.072968766936
   937 -1.072968766937
   938 -1.072968766937
   939 -1.072968766938
   940 -1.072968766938
   941 -1.072968766939
   942 -1.072968766939
   943 -1.072968766940
   944 -1.072968766940
   945 -1.072968766941
   946 -1.072968766941
   947 -1.072968766942
   948 -1.072968766942
   949 -1.072968766943
   950 -1.072968766943
   951 -1.072968766943
   952 -1.072968766944
   953 -1.072968766944
   954 -1.072968766944
   955 -1.072968766945
   956 -1.072968766945
   957 -1.072968766945
   958 -1.072968766946
   959 -1.072968766946
   960 -1.072968766946
   961 -1.072968766947
   962 -1.072968766947
   963 -1.072968766947
   964 -1.072968766947
   965 -1.072968766948
   966 -1.072968766948
   967 -1.072968766948
   968 -1.072968766949
   969 -1.072968766949
   970 -1.072968766949
   971 -1.072968766949
   972 -1.072968766949
   973 -1.072968766950
   974 -1.072968766950
   975 -1.072968766950
   976 -1.072968766950
   977 -1.072968766950
   978 -1.072968766951
   979 -1.072968766951
   980 -1.072968766951
   981 -1.072968766951
   982 -1.072968766951
   983 -1.072968766951
   984 -1.072968766952
   985 -1.072968766952
   986 -1.072968766952
   987 -1.072968766952
   988 -1.072968766952
   989 -1.072968766952
   990 -1.072968766952
   991 -1.072968766953
   992 -1.072968766953
   993 -1.072968766953
   994 -1.072968766953
   995 -1.072968766953
   996 -1.072968766953
   997 -1.072968766953
   998 -1.072968766953
   999 -1.072968766953
  1000 -1.072968766953
