     1 -1.022905339506
     2 -1.133261274355
     3 -1.130383296921
     4 -1.124669742154
     5 -1.127365769352
     6 -1.129054268664
     7 -1.129941121123
     8 -1.130414621430
     9 -1.130674340482
    10 -1.130820015990
    11 -1.130903070673
    12 -1.130950921703
    13 -1.130978645707
    14 -1.130994703510
    15 -1.131003939725
    16 -1.131009163554
    17 -1.131012054323
    18 -1.131013576430
    19 -1.131014297910
    20 -1.131014583850
    21 -1.131014627923
    22 -1.131014541714
    23 -1.131014418846
    24 -1.131014258025
    25 -1.131014124331
    26 -1.131013983424
    27 -1.131013852944
    28 -1.131013754800
    29 -1.131013664782
    30 -1.131013605571
    31 -1.131013540112
    32 -1.131013499807
    33 -1.131013458619
    34 -1.131013424502
    35 -1.131013403670
    36 -1.131013382803
    37 -1.131013365713
    38 -1.131013337194
    39 -1.131013336011
    40 -1.131013327641
    41 -1.131013313560
    42 -1.131013313145
    43 -1.131013309118
    44 -1.131013302217
    45 -1.131013311240
    46 -1.131013300229
    47 -1.131013305978
    48 -1.131013310570
    49 -1.131013296025
    50 -1.131013298950
    51 -1.247522064645
    52 -1.115961687385
    53 -1.122300000695
    54 -1.126373533778
    55 -1.128486944096
    56 -1.129581230189
    57 -1.130176839837
    58 -1.130513139215
    59 -1.130708507566
    60 -1.130824528279
    61 -1.130894662307
    62 -1.130937672348
    63 -1.130964372006
    64 -1.130981175816
    65 -1.130991887973
    66 -1.130998794346
    67 -1.131003307211
    68 -1.131006311829
    69 -1.131008330025
    70 -1.131009713550
    71 -1.131010673592
    72 -1.131011357487
    73 -1.131011852326
    74 -1.131012197731
    75 -1.131012466420
    76 -1.131012657162
    77 -1.131012807035
    78 -1.131012918570
    79 -1.131012996674
    80 -1.131013066745
    81 -1.131013101323
    82 -1.131013147726
    83 -1.131013181645
    84 -1.131013198233
    85 -1.131013230075
    86 -1.131013237588
    87 -1.131013254757
    88 -1.131013261373
    89 -1.131013274091
    90 -1.131013273435
    91 -1.131013276633
    92 -1.131013282894
    93 -1.131013273370
    94 -1.131013284002
    95 -1.131013277956
    96 -1.131013291358
    97 -1.131013287524
    98 -1.131013284468
    99 -1.131013282028
   100 -1.131013298299
   101 -1.190300954346
   102 -1.116317791832
   103 -1.123088672381
   104 -1.126972119586
   105 -1.128863983946
   106 -1.129822780321
   107 -1.130328166700
   108 -1.130606909207
   109 -1.130766657257
   110 -1.130860989960
   111 -1.130917972703
   112 -1.130952933066
   113 -1.130974669960
   114 -1.130988343385
   115 -1.130996998469
   116 -1.131002535803
   117 -1.131006102967
   118 -1.131008424813
   119 -1.131009964385
   120 -1.131010982736
   121 -1.131011671666
   122 -1.131012133507
   123 -1.131012439600
   124 -1.131012679824
   125 -1.131012823840
   126 -1.131012945631
   127 -1.131013024818
   128 -1.131013094619
   129 -1.131013133071
   130 -1.131013173066
   131 -1.131013211302
   132 -1.131013226664
   133 -1.131013234917
   134 -1.131013252217
   135 -1.131013258623
   136 -1.131013270953
   137 -1.131013269835
   138 -1.131013272553
   139 -1.131013278353
   140 -1.131013286628
   141 -1.131013278669
   142 -1.131013290517
   143 -1.131013285420
   144 -1.131013281340
   145 -1.131013296291
   146 -1.131013293683
   147 -1.131013291599
   148 -1.131013289929
   149 -1.131013288591
   150 -1.131013287517
   151 -1.274348816448
   152 -1.121116718570
   153 -1.122342603898
   154 -1.126922139042
   155 -1.128787542339
   156 -1.129754735739
   157 -1.130276698142
   158 -1.130569257481
   159 -1.130739254053
   160 -1.130840796571
   161 -1.130902857346
   162 -1.130941486048
   163 -1.130965926335
   164 -1.130981608857
   165 -1.130991782183
   166 -1.130998490764
   167 -1.131002963255
   168 -1.131005978324
   169 -1.131008028512
   170 -1.131009455168
   171 -1.131010467304
   172 -1.131011194997
   173 -1.131011709339
   174 -1.131012089519
   175 -1.131012373280
   176 -1.131012579234
   177 -1.131012745415
   178 -1.131012874867
   179 -1.131012954446
   180 -1.131013027985
   181 -1.131013086207
   182 -1.131013139785
   183 -1.131013164249
   184 -1.131013191075
   185 -1.131013216180
   186 -1.131013236282
   187 -1.131013248744
   188 -1.131013251449
   189 -1.131013260924
   190 -1.131013275812
   191 -1.131013276807
   192 -1.131013281260
   193 -1.131013288477
   194 -1.131013279679
   195 -1.131013290863
   196 -1.131013285237
   197 -1.131013280735
   198 -1.131013295351
   199 -1.131013292474
   200 -1.131013290175
   201 -1.227370436763
   202 -1.124534164744
   203 -1.120807095178
   204 -1.125734012083
   205 -1.128120898327
   206 -1.129360595604
   207 -1.130032511759
   208 -1.130413932059
   209 -1.130638761647
   210 -1.130775310078
   211 -1.130860096175
   212 -1.130913618386
   213 -1.130947776202
   214 -1.130969804907
   215 -1.130984125146
   216 -1.130993504531
   217 -1.130999704978
   218 -1.131003853714
   219 -1.131006648389
   220 -1.131008550262
   221 -1.131009865877
   222 -1.131010796911
   223 -1.131011451822
   224 -1.131011919373
   225 -1.131012260240
   226 -1.131012512948
   227 -1.131012697122
   228 -1.131012833468
   229 -1.131012926146
   230 -1.131013017868
   231 -1.131013080139
   232 -1.131013122801
   233 -1.131013157195
   234 -1.131013177707
   235 -1.131013216283
   236 -1.131013232811
   237 -1.131013242605
   238 -1.131013243324
   239 -1.131013251324
   240 -1.131013265122
   241 -1.131013283542
   242 -1.131013269198
   243 -1.131013275994
   244 -1.131013285111
   245 -1.131013277863
   246 -1.131013290305
   247 -1.131013285705
   248 -1.131013282037
   249 -1.131013297329
   250 -1.131013295002
   251 -1.226367900424
   252 -1.120031373254
   253 -1.121979059137
   254 -1.126275135309
   255 -1.128367382933
   256 -1.129479704132
   257 -1.130093585337
   258 -1.130446300919
   259 -1.130656229785
   260 -1.130784666628
   261 -1.130864899023
   262 -1.130915813447
   263 -1.130948538322
   264 -1.130969796629
   265 -1.130983734314
   266 -1.130992975761
   267 -1.130999148678
   268 -1.131003323833
   269 -1.131006167274
   270 -1.131008130627
   271 -1.131009510246
   272 -1.131010496230
   273 -1.131011202357
   274 -1.131011702785
   275 -1.131012079490
   276 -1.131012372428
   277 -1.131012583496
   278 -1.131012733740
   279 -1.131012863923
   280 -1.131012943158
   281 -1.131013034056
   282 -1.131013091035
   283 -1.131013125000
   284 -1.131013166387
   285 -1.131013191955
   286 -1.131013215922
   287 -1.131013235017
   288 -1.131013246602
   289 -1.131013248552
   290 -1.131013257386
   291 -1.131013271735
   292 -1.131013272277
   293 -1.131013276356
   294 -1.131013283261
   295 -1.131013274207
   296 -1.131013285181
   297 -1.131013279383
   298 -1.131013292964
   299 -1.131013289257
   300 -1.131013286292
   301 -1.220202457172
   302 -1.115641333614
   303 -1.123015827899
   304 -1.126863082429
   305 -1.128825746633
   306 -1.129804028649
   307 -1.130321022096
   308 -1.130606491025
   309 -1.130769299264
   310 -1.130864536558
   311 -1.130921329956
   312 -1.130955711584
   313 -1.130976799164
   314 -1.130989853961
   315 -1.130998033518
   316 -1.131003223683
   317 -1.131006542108
   318 -1.131008702219
   319 -1.131010124373
   320 -1.131011053712
   321 -1.131011692176
   322 -1.131012140108
   323 -1.131012453728
   324 -1.131012656925
   325 -1.131012821328
   326 -1.131012923545
   327 -1.131013012205
   328 -1.131013080936
   329 -1.131013123875
   330 -1.131013172354
   331 -1.131013203702
   332 -1.131013214229
   333 -1.131013237350
   334 -1.131013252340
   335 -1.131013257185
   336 -1.131013268481
   337 -1.131013266694
   338 -1.131013269001
   339 -1.131013274564
   340 -1.131013282722
   341 -1.131013292948
   342 -1.131013286598
   343 -1.131013281548
   344 -1.131013295747
   345 -1.131013292555
   346 -1.131013290017
   347 -1.131013287996
   348 -1.131013286384
   349 -1.131013285098
   350 -1.131013284073
   351 -1.131013301475
   352 -1.131013300837
   353 -1.131013300335
   354 -1.131013299937
   355 -1.131013299619
   356 -1.131013299365
   357 -1.131013299162
   358 -1.131013299000
   359 -1.131013298870
   360 -1.131013298767
   361 -1.131013298684
   362 -1.131013298618
   363 -1.131013298565
   364 -1.131013298523
   365 -1.131013298489
   366 -1.131013298462
   367 -1.131013298440
   368 -1.131013298423
   369 -1.131013298409
   370 -1.131013298398
   371 -1.131013298389
   372 -1.131013298382
   373 -1.131013298376
   374 -1.131013298372
   375 -1.131013298368
   376 -1.131013298365
   377 -1.131013298363
   378 -1.131013298361
   379 -1.131013298359
   380 -1.131013298358
   381 -1.131013298357
   382 -1.131013298357
   383 -1.131013298356
   384 -1.131013298355
   385 -1.131013298355
   386 -1.131013298355
   387 -1.131013298354
   388 -1.131013298354
   389 -1.131013298354
   390 -1.131013298354
   391 -1.131013298354
   392 -1.131013298354
   393 -1.131013298354
   394 -1.131013298354
   395 -1.131013298354
   396 -1.131013298354
   397 -1.131013298354
   398 -1.131013298354
   399 -1.131013298354
   400 -1.131013298353
   401 -1.131013298353
   402 -1.131013298353
   403 -1.131013298353
   404 -1.131013298353
   405 -1.131013298353
   406 -1.131013298353
   407 -1.131013298353
   408 -1.131013298353
   409 -1.131013298353
   410 -1.131013298353
   411 -1.131013298353
   412 -1.131013298353
   413 -1.131013298353
   414 -1.131013298353
   415 -1.131013298353
   416 -1.131013298353
   417 -1.131013298353
   418 -1.131013298353
   419 -1.131013298353
   420 -1.131013298353
   421 -1.131013298353
   422 -1.131013298353
   423 -1.131013298353
   424 -1.131013298353
   425 -1.131013298353
   426 -1.131013298353
   427 -1.131013298353
   428 -1.131013298353
   429 -1.131013298353
   430 -1.131013298353
   431 -1.131013298353
   432 -1.131013298353
   433 -1.131013298353
   434 -1.131013298353
   435 -1.131013298353
   436 -1.131013298353
   437 -1.131013298353
   438 -1.131013298353
   439 -1.131013298353
   440 -1.131013298353
   441 -1.131013298353
   442 -1.131013298353
   443 -1.131013298353
   444 -1.131013298353
   445 -1.131013298353
   446 -1.131013298353
   447 -1.131013298353
   448 -1.131013298353
   449 -1.131013298353
   450 -1.131013298353
   451 -1.131013298353
   452 -1.131013298353
   453 -1.131013298353
   454 -1.131013298353
   455 -1.131013298353
   456 -1.131013298353
   457 -1.131013298353
   458 -1.131013298353
   459 -1.131013298353
   460 -1.131013298353
   461 -1.131013298353
   462 -1.131013298353
   463 -1.131013298353
   464 -1.131013298353
   465 -1.131013298353
   466 -1.131013298353
   467 -1.131013298353
   468 -1.131013298353
   469 -1.131013298353
   470 -1.131013298353
   471 -1.131013298353
   472 -1.131013298353
   473 -1.131013298353
   474 -1.131013298353
   475 -1.131013298353
   476 -1.131013298353
   477 -1.131013298353
   478 -1.131013298353
   479 -1.131013298353
   480 -1.131013298353
   481 -1.131013298353
   482 -1.131013298353
   483 -1.131013298353
   484 -1.131013298353
   485 -1.131013298353
   486 -1.131013298353
   487 -1.131013298353
   488 -1.131013298353
   489 -1.131013298353
   490 -1.131013298353
   491 -1.131013298353
   492 -1.131013298353
   493 -1.131013298353
   494 -1.131013298353
   495 -1.131013298353
   496 -1.131013298353
   497 -1.131013298353
   498 -1.131013298353
   499 -1.131013298353
   500 -1.131013298353
   501 -1.131013298353
   502 -1.131013298353
   503 -1.131013298353
   504 -1.131013298353
   505 -1.131013298353
   506 -1.131013298353
   507 -1.131013298353
   508 -1.131013298353
   509 -1.131013298353
   510 -1.131013298353
   511 -1.131013298353
   512 -1.131013298353
   513 -1.131013298353
   514 -1.131013298353
   515 -1.131013298353
   516 -1.131013298353
   517 -1.131013298353
   518 -1.131013298353
   519 -1.131013298353
   520 -1.131013298353
   521 -1.131013298353
   522 -1.131013298353
   523 -1.131013298353
   524 -1.131013298353
   525 -1.131013298353
   526 -1.131013298353
   527 -1.131013298353
   528 -1.131013298353
   529 -1.131013298353
   530 -1.131013298353
   531 -1.131013298353
   532 -1.131013298353
   533 -1.131013298353
   534 -1.131013298353
   535 -1.131013298353
   536 -1.131013298353
   537 -1.131013298353
   538 -1.131013298353
   539 -1.131013298353
   540 -1.131013298353
   541 -1.131013298353
   542 -1.131013298353
   543 -1.131013298353
   544 -1.131013298353
   545 -1.131013298353
   546 -1.131013298353
   547 -1.131013298353
   548 -1.131013298353
   549 -1.131013298353
   550 -1.131013298353
   551 -1.131013298353
   552 -1.131013298353
   553 -1.131013298353
   554 -1.131013298353
   555 -1.131013298353
   556 -1.131013298353
   557 -1.131013298353
   558 -1.131013298353
   559 -1.131013298353
   560 -1.131013298353
   561 -1.131013298353
   562 -1.131013298353
   563 -1.131013298353
   564 -1.131013298353
   565 -1.131013298353
   566 -1.131013298353
   567 -1.131013298353
   568 -1.131013298353
   569 -1.131013298353
   570 -1.131013298353
   571 -1.131013298353
   572 -1.131013298353
   573 -1.131013298353
   574 -1.131013298353
   575 -1.131013298353
   576 -1.131013298353
   577 -1.131013298353
   578 -1.131013298353
   579 -1.131013298353
   580 -1.131013298353
   581 -1.131013298353
   582 -1.131013298353
   583 -1.131013298353
   584 -1.131013298353
   585 -1.131013298353
   586 -1.131013298353
   587 -1.131013298353
   588 -1.131013298353
   589 -1.131013298353
   590 -1.131013298353
   591 -1.131013298353
   592 -1.131013298353
   593 -1.131013298353
   594 -1.131013298353
   595 -1.131013298353
   596 -1.131013298353
   597 -1.131013298353
   598 -1.131013298353
   599 -1.131013298353
   600 -1.131013298353
   601 -1.131013298353
   602 -1.131013298353
   603 -1.131013298353
   604 -1.131013298353
   605 -1.131013298353
   606 -1.131013298353
   607 -1.131013298353
   608 -1.131013298353
   609 -1.131013298353
   610 -1.131013298353
   611 -1.131013298353
   612 -1.131013298353
   613 -1.131013298353
   614 -1.131013298353
   615 -1.131013298353
   616 -1.131013298353
   617 -1.131013298353
   618 -1.131013298353
   619 -1.131013298353
   620 -1.131013298353
   621 -1.131013298353
   622 -1.131013298353
   623 -1.131013298353
   624 -1.131013298353
   625 -1.131013298353
   626 -1.131013298353
   627 -1.131013298353
   628 -1.131013298353
   629 -1.131013298353
   630 -1.131013298353
   631 -1.131013298353
   632 -1.131013298353
   633 -1.131013298353
   634 -1.131013298353
   635 -1.131013298353
   636 -1.131013298353
   637 -1.131013298353
   638 -1.131013298353
   639 -1.131013298353
   640 -1.131013298353
   641 -1.131013298353
   642 -1.131013298353
   643 -1.131013298353
   644 -1.131013298353
   645 -1.131013298353
   646 -1.131013298353
   647 -1.131013298353
   648 -1.131013298353
   649 -1.131013298353
   650 -1.131013298353
   651 -1.131013298353
   652 -1.131013298353
   653 -1.131013298353
   654 -1.131013298353
   655 -1.131013298353
   656 -1.131013298353
   657 -1.131013298353
   658 -1.131013298353
   659 -1.131013298353
   660 -1.131013298353
   661 -1.131013298353
   662 -1.131013298353
   663 -1.131013298353
   664 -1.131013298353
   665 -1.131013298353
   666 -1.131013298353
   667 -1.131013298353
   668 -1.131013298353
   669 -1.131013298353
   670 -1.131013298353
   671 -1.131013298353
   672 -1.131013298353
   673 -1.131013298353
   674 -1.131013298353
   675 -1.131013298353
   676 -1.131013298353
   677 -1.131013298353
   678 -1.131013298353
   679 -1.131013298353
   680 -1.131013298353
   681 -1.131013298353
   682 -1.131013298353
   683 -1.131013298353
   684 -1.131013298353
   685 -1.131013298353
   686 -1.131013298353
   687 -1.131013298353
   688 -1.131013298353
   689 -1.131013298353
   690 -1.131013298353
   691 -1.131013298353
   692 -1.131013298353
   693 -1.131013298353
   694 -1.131013298353
   695 -1.131013298353
   696 -1.131013298353
   697 -1.131013298353
   698 -1.131013298353
   699 -1.131013298353
   700 -1.131013298353
   701 -1.131013298353
   702 -1.131013298353
   703 -1.131013298353
   704 -1.131013298353
   705 -1.131013298353
   706 -1.131013298353
   707 -1.131013298353
   708 -1.131013298353
   709 -1.131013298353
   710 -1.131013298353
   711 -1.131013298353
   712 -1.131013298353
   713 -1.131013298353
   714 -1.131013298353
   715 -1.131013298353
   716 -1.131013298353
   717 -1.131013298353
   718 -1.131013298353
   719 -1.131013298353
   720 -1.131013298353
   721 -1.131013298353
   722 -1.131013298353
   723 -1.131013298353
   724 -1.131013298353
   725 -1.131013298353
   726 -1.131013298353
   727 -1.131013298353
   728 -1.131013298353
   729 -1.131013298353
   730 -1.131013298353
   731 -1.131013298353
   732 -1.131013298353
   733 -1.131013298353
   734 -1.131013298353
   735 -1.131013298353
   736 -1.131013298353
   737 -1.131013298353
   738 -1.131013298353
   739 -1.131013298353
   740 -1.131013298353
   741 -1.131013298353
   742 -1.131013298353
   743 -1.131013298353
   744 -1.131013298353
   745 -1.131013298353
   746 -1.131013298353
   747 -1.131013298353
   748 -1.131013298353
   749 -1.131013298353
   750 -1.131013298353
   751 -1.131013298353
   752 -1.131013298353
   753 -1.131013298353
   754 -1.131013298353
   755 -1.131013298353
   756 -1.131013298353
   757 -1.131013298353
   758 -1.131013298353
   759 -1.131013298353
   760 -1.131013298353
   761 -1.131013298353
   762 -1.131013298353
   763 -1.131013298353
   764 -1.131013298353
   765 -1.131013298353
   766 -1.131013298353
   767 -1.131013298353
   768 -1.131013298353
   769 -1.131013298353
   770 -1.131013298353
   771 -1.131013298353
   772 -1.131013298353
   773 -1.131013298353
   774 -1.131013298353
   775 -1.131013298353
   776 -1.131013298353
   777 -1.131013298353
   778 -1.131013298353
   779 -1.131013298353
   780 -1.131013298353
   781 -1.131013298353
   782 -1.131013298353
   783 -1.131013298353
   784 -1.131013298353
   785 -1.131013298353
   786 -1.131013298353
   787 -1.131013298353
   788 -1.131013298353
   789 -1.131013298353
   790 -1.131013298353
   791 -1.131013298353
   792 -1.131013298353
   793 -1.131013298353
   794 -1.131013298353
   795 -1.131013298353
   796 -1.131013298353
   797 -1.131013298353
   798 -1.131013298353
   799 -1.131013298353
   800 -1.131013298353
   801 -1.131013298353
   802 -1.131013298353
   803 -1.131013298353
   804 -1.131013298353
   805 -1.131013298353
   806 -1.131013298353
   807 -1.131013298353
   808 -1.131013298353
   809 -1.131013298353
   810 -1.131013298353
   811 -1.131013298353
   812 -1.131013298353
   813 -1.131013298353
   814 -1.131013298353
   815 -1.131013298353
   816 -1.131013298353
   817 -1.131013298353
   818 -1.131013298353
   819 -1.131013298353
   820 -1.131013298353
   821 -1.131013298353
   822 -1.131013298353
   823 -1.131013298353
   824 -1.131013298353
   825 -1.131013298353
   826 -1.131013298353
   827 -1.131013298353
   828 -1.131013298353
   829 -1.131013298353
   830 -1.131013298353
   831 -1.131013298353
   832 -1.131013298353
   833 -1.131013298353
   834 -1.131013298353
   835 -1.131013298353
   836 -1.131013298353
   837 -1.131013298353
   838 -1.131013298353
   839 -1.131013298353
   840 -1.131013298353
   841 -1.131013298353
   842 -1.131013298353
   843 -1.131013298353
   844 -1.131013298353
   845 -1.131013298353
   846 -1.131013298353
   847 -1.131013298353
   848 -1.131013298353
   849 -1.131013298353
   850 -1.131013298353
   851 -1.131013298353
   852 -1.131013298353
   853 -1.131013298353
   854 -1.131013298353
   855 -1.131013298353
   856 -1.131013298353
   857 -1.131013298353
   858 -1.131013298353
   859 -1.131013298353
   860 -1.131013298353
   861 -1.131013298353
   862 -1.131013298353
   863 -1.131013298353
   864 -1.131013298353
   865 -1.131013298353
   866 -1.131013298353
   867 -1.131013298353
   868 -1.131013298353
   869 -1.131013298353
   870 -1.131013298353
   871 -1.131013298353
   872 -1.131013298353
   873 -1.131013298353
   874 -1.131013298353
   875 -1.131013298353
   876 -1.131013298353
   877 -1.131013298353
   878 -1.131013298353
   879 -1.131013298353
   880 -1.131013298353
   881 -1.131013298353
   882 -1.131013298353
   883 -1.131013298353
   884 -1.131013298353
   885 -1.131013298353
   886 -1.131013298353
   887 -1.131013298353
   888 -1.131013298353
   889 -1.131013298353
   890 -1.131013298353
   891 -1.131013298353
   892 -1.131013298353
   893 -1.131013298353
   894 -1.131013298353
   895 -1.131013298353
   896 -1.131013298353
   897 -1.131013298353
   898 -1.131013298353
   899 -1.131013298353
   900 -1.131013298353
   901 -1.131013298353
   902 -1.131013298353
   903 -1.131013298353
   904 -1.131013298353
   905 -1.131013298353
   906 -1.131013298353
   907 -1.131013298353
   908 -1.131013298353
   909 -1.131013298353
   910 -1.131013298353
   911 -1.131013298353
   912 -1.131013298353
   913 -1.131013298353
   914 -1.131013298353
   915 -1.131013298353
   916 -1.131013298353
   917 -1.131013298353
   918 -1.131013298353
   919 -1.131013298353
   920 -1.131013298353
   921 -1.131013298353
   922 -1.131013298353
   923 -1.131013298353
   924 -1.131013298353
   925 -1.131013298353
   926 -1.131013298353
   927 -1.131013298353
   928 -1.131013298353
   929 -1.131013298353
   930 -1.131013298353
   931 -1.131013298353
   932 -1.131013298353
   933 -1.131013298353
   934 -1.131013298353
   935 -1.131013298353
   936 -1.131013298353
   937 -1.131013298353
   938 -1.131013298353
   939 -1.131013298353
   940 -1.131013298353
   941 -1.131013298353
   942 -1.131013298353
   943 -1.131013298353
   944 -1.131013298353
   945 -1.131013298353
   946 -1.131013298353
   947 -1.131013298353
   948 -1.131013298353
   949 -1.131013298353
   950 -1.131013298353
   951 -1.131013298353
   952 -1.131013298353
   953 -1.131013298353
   954 -1.131013298353
   955 -1.131013298353
   956 -1.131013298353
   957 -1.131013298353
   958 -1.131013298353
   959 -1.131013298353
   960 -1.131013298353
   961 -1.131013298353
   962 -1.131013298353
   963 -1.131013298353
   964 -1.131013298353
   965 -1.131013298353
   966 -1.131013298353
   967 -1.131013298353
   968 -1.131013298353
   969 -1.131013298353
   970 -1.131013298353
   971 -1.131013298353
   972 -1.131013298353
   973 -1.131013298353
   974 -1.131013298353
   975 -1.131013298353
   976 -1.131013298353
   977 -1.131013298353
   978 -1.131013298353
   979 -1.131013298353
   980 -1.131013298353
   981 -1.131013298353
   982 -1.131013298353
   983 -1.131013298353
   984 -1.131013298353
   985 -1.131013298353
   986 -1.131013298353
   987 -1.131013298353
   988 -1.131013298353
   989 -1.131013298353
   990 -1.131013298353
   991 -1.131013298353
   992 -1.131013298353
   993 -1.131013298353
   994 -1.131013298353
   995 -1.131013298353
   996 -1.131013298353
   997 -1.131013298353
   998 -1.131013298353
   999 -1.131013298353
  1000 -1.131013298353
  1001 -1.131013298353
  1002 -1.131013298353
  1003 -1.131013298353
  1004 -1.131013298353
  1005 -1.131013298353
  1006 -1.131013298353
  1007 -1.131013298353
  1008 -1.131013298353
  1009 -1.131013298353
  1010 -1.131013298353
  1011 -1.131013298353
  1012 -1.131013298353
  1013 -1.131013298353
  1014 -1.131013298353
  1015 -1.131013298353
  1016 -1.131013298353
  1017 -1.131013298353
  1018 -1.131013298353
  1019 -1.131013298353
  1020 -1.131013298353
  1021 -1.131013298353
  1022 -1.131013298353
  1023 -1.131013298353
  1024 -1.131013298353
  1025 -1.131013298353
  1026 -1.131013298353
  1027 -1.131013298353
  1028 -1.131013298353
  1029 -1.131013298353
  1030 -1.131013298353
  1031 -1.131013298353
  1032 -1.131013298353
  1033 -1.131013298353
  1034 -1.131013298353
  1035 -1.131013298353
  1036 -1.131013298353
  1037 -1.131013298353
  1038 -1.131013298353
  1039 -1.131013298353
  1040 -1.131013298353
  1041 -1.131013298353
  1042 -1.131013298353
  1043 -1.131013298353
  1044 -1.131013298353
  1045 -1.131013298353
  1046 -1.131013298353
  1047 -1.131013298353
  1048 -1.131013298353
  1049 -1.131013298353
  1050 -1.131013298353
  1051 -1.131013298353
  1052 -1.131013298353
  1053 -1.131013298353
  1054 -1.131013298353
  1055 -1.131013298353
  1056 -1.131013298353
  1057 -1.131013298353
  1058 -1.131013298353
  1059 -1.131013298353
  1060 -1.131013298353
  1061 -1.131013298353
  1062 -1.131013298353
  1063 -1.131013298353
  1064 -1.131013298353
  1065 -1.131013298353
  1066 -1.131013298353
  1067 -1.131013298353
  1068 -1.131013298353
  1069 -1.131013298353
  1070 -1.131013298353
  1071 -1.131013298353
  1072 -1.131013298353
  1073 -1.131013298353
  1074 -1.131013298353
  1075 -1.131013298353
  1076 -1.131013298353
  1077 -1.131013298353
  1078 -1.131013298353
  1079 -1.131013298353
  1080 -1.131013298353
  1081 -1.131013298353
  1082 -1.131013298353
  1083 -1.131013298353
  1084 -1.131013298353
  1085 -1.131013298353
  1086 -1.131013298353
  1087 -1.131013298353
  1088 -1.131013298353
  1089 -1.131013298353
  1090 -1.131013298353
  1091 -1.131013298353
  1092 -1.131013298353
  1093 -1.131013298353
  1094 -1.131013298353
  1095 -1.131013298353
  1096 -1.131013298353
  1097 -1.131013298353
  1098 -1.131013298353
  1099 -1.131013298353
  1100 -1.131013298353
  1101 -1.131013298353
  1102 -1.131013298353
  1103 -1.131013298353
  1104 -1.131013298353
  1105 -1.131013298353
  1106 -1.131013298353
  1107 -1.131013298353
  1108 -1.131013298353
  1109 -1.131013298353
  1110 -1.131013298353
  1111 -1.131013298353
  1112 -1.131013298353
  1113 -1.131013298353
  1114 -1.131013298353
  1115 -1.131013298353
  1116 -1.131013298353
  1117 -1.131013298353
  1118 -1.131013298353
  1119 -1.131013298353
  1120 -1.131013298353
  1121 -1.131013298353
  1122 -1.131013298353
  1123 -1.131013298353
  1124 -1.131013298353
  1125 -1.131013298353
  1126 -1.131013298353
  1127 -1.131013298353
  1128 -1.131013298353
  1129 -1.131013298353
  1130 -1.131013298353
  1131 -1.131013298353
  1132 -1.131013298353
  1133 -1.131013298353
  1134 -1.131013298353
  1135 -1.131013298353
  1136 -1.131013298353
  1137 -1.131013298353
  1138 -1.131013298353
  1139 -1.131013298353
  1140 -1.131013298353
  1141 -1.131013298353
  1142 -1.131013298353
  1143 -1.131013298353
  1144 -1.131013298353
  1145 -1.131013298353
  1146 -1.131013298353
  1147 -1.131013298353
  1148 -1.131013298353
  1149 -1.131013298353
  1150 -1.131013298353
  1151 -1.131013298353
  1152 -1.131013298353
  1153 -1.131013298353
  1154 -1.131013298353
  1155 -1.131013298353
  1156 -1.131013298353
  1157 -1.131013298353
  1158 -1.131013298353
  1159 -1.131013298353
  1160 -1.131013298353
  1161 -1.131013298353
  1162 -1.131013298353
  1163 -1.131013298353
  1164 -1.131013298353
  1165 -1.131013298353
  1166 -1.131013298353
  1167 -1.131013298353
  1168 -1.131013298353
  1169 -1.131013298353
  1170 -1.131013298353
  1171 -1.131013298353
  1172 -1.131013298353
  1173 -1.131013298353
  1174 -1.131013298353
  1175 -1.131013298353
  1176 -1.131013298353
  1177 -1.131013298353
  1178 -1.131013298353
  1179 -1.131013298353
  1180 -1.131013298353
  1181 -1.131013298353
  1182 -1.131013298353
  1183 -1.131013298353
  1184 -1.131013298353
  1185 -1.131013298353
  1186 -1.131013298353
  1187 -1.131013298353
  1188 -1.131013298353
  1189 -1.131013298353
  1190 -1.131013298353
  1191 -1.131013298353
  1192 -1.131013298353
  1193 -1.131013298353
  1194 -1.131013298353
  1195 -1.131013298353
  1196 -1.131013298353
  1197 -1.131013298353
  1198 -1.131013298353
  1199 -1.131013298353
  1200 -1.131013298353
  1201 -1.131013298353
  1202 -1.131013298353
  1203 -1.131013298353
  1204 -1.131013298353
  1205 -1.131013298353
  1206 -1.131013298353
  1207 -1.131013298353
  1208 -1.131013298353
  1209 -1.131013298353
  1210 -1.131013298353
  1211 -1.131013298353
  1212 -1.131013298353
  1213 -1.131013298353
  1214 -1.131013298353
  1215 -1.131013298353
  1216 -1.131013298353
  1217 -1.131013298353
  1218 -1.131013298353
  1219 -1.131013298353
  1220 -1.131013298353
  1221 -1.131013298353
  1222 -1.131013298353
  1223 -1.131013298353
  1224 -1.131013298353
  1225 -1.131013298353
  1226 -1.131013298353
  1227 -1.131013298353
  1228 -1.131013298353
  1229 -1.131013298353
  1230 -1.131013298353
  1231 -1.131013298353
  1232 -1.131013298353
  1233 -1.131013298353
  1234 -1.131013298353
  1235 -1.131013298353
  1236 -1.131013298353
  1237 -1.131013298353
  1238 -1.131013298353
  1239 -1.131013298353
  1240 -1.131013298353
  1241 -1.131013298353
  1242 -1.131013298353
  1243 -1.131013298353
  1244 -1.131013298353
  1245 -1.131013298353
  1246 -1.131013298353
  1247 -1.131013298353
  1248 -1.131013298353
  1249 -1.131013298353
  1250 -1.131013298353
  1251 -1.131013298353
  1252 -1.131013298353
  1253 -1.131013298353
  1254 -1.131013298353
  1255 -1.131013298353
  1256 -1.131013298353
  1257 -1.131013298353
  1258 -1.131013298353
  1259 -1.131013298353
  1260 -1.131013298353
  1261 -1.131013298353
  1262 -1.131013298353
  1263 -1.131013298353
  1264 -1.131013298353
  1265 -1.131013298353
  1266 -1.131013298353
  1267 -1.131013298353
  1268 -1.131013298353
  1269 -1.131013298353
  1270 -1.131013298353
  1271 -1.131013298353
  1272 -1.131013298353
  1273 -1.131013298353
  1274 -1.131013298353
  1275 -1.131013298353
  1276 -1.131013298353
  1277 -1.131013298353
  1278 -1.131013298353
  1279 -1.131013298353
  1280 -1.131013298353
  1281 -1.131013298353
  1282 -1.131013298353
  1283 -1.131013298353
  1284 -1.131013298353
  1285 -1.131013298353
  1286 -1.131013298353
  1287 -1.131013298353
  1288 -1.131013298353
  1289 -1.131013298353
  1290 -1.131013298353
  1291 -1.131013298353
  1292 -1.131013298353
  1293 -1.131013298353
  1294 -1.131013298353
  1295 -1.131013298353
  1296 -1.131013298353
  1297 -1.131013298353
  1298 -1.131013298353
  1299 -1.131013298353
  1300 -1.131013298353
  1301 -1.131013298353
  1302 -1.131013298353
  1303 -1.131013298353
  1304 -1.131013298353
  1305 -1.131013298353
  1306 -1.131013298353
  1307 -1.131013298353
  1308 -1.131013298353
  1309 -1.131013298353
  1310 -1.131013298353
  1311 -1.131013298353
  1312 -1.131013298353
  1313 -1.131013298353
  1314 -1.131013298353
  1315 -1.131013298353
  1316 -1.131013298353
  1317 -1.131013298353
  1318 -1.131013298353
  1319 -1.131013298353
  1320 -1.131013298353
  1321 -1.131013298353
  1322 -1.131013298353
  1323 -1.131013298353
  1324 -1.131013298353
  1325 -1.131013298353
  1326 -1.131013298353
  1327 -1.131013298353
  1328 -1.131013298353
  1329 -1.131013298353
  1330 -1.131013298353
  1331 -1.131013298353
  1332 -1.131013298353
  1333 -1.131013298353
  1334 -1.131013298353
  1335 -1.131013298353
  1336 -1.131013298353
  1337 -1.131013298353
  1338 -1.131013298353
  1339 -1.131013298353
  1340 -1.131013298353
  1341 -1.131013298353
  1342 -1.131013298353
  1343 -1.131013298353
  1344 -1.131013298353
  1345 -1.131013298353
  1346 -1.131013298353
  1347 -1.131013298353
  1348 -1.131013298353
  1349 -1.131013298353
  1350 -1.131013298353
  1351 -1.131013298353
  1352 -1.131013298353
  1353 -1.131013298353
  1354 -1.131013298353
  1355 -1.131013298353
  1356 -1.131013298353
  1357 -1.131013298353
  1358 -1.131013298353
  1359 -1.131013298353
  1360 -1.131013298353
  1361 -1.131013298353
  1362 -1.131013298353
  1363 -1.131013298353
  1364 -1.131013298353
  1365 -1.131013298353
  1366 -1.131013298353
  1367 -1.131013298353
  1368 -1.131013298353
  1369 -1.131013298353
  1370 -1.131013298353
  1371 -1.131013298353
  1372 -1.131013298353
  1373 -1.131013298353
  1374 -1.131013298353
  1375 -1.131013298353
  1376 -1.131013298353
  1377 -1.131013298353
  1378 -1.131013298353
  1379 -1.131013298353
  1380 -1.131013298353
  1381 -1.131013298353
  1382 -1.131013298353
  1383 -1.131013298353
  1384 -1.131013298353
  1385 -1.131013298353
  1386 -1.131013298353
  1387 -1.131013298353
  1388 -1.131013298353
  1389 -1.131013298353
  1390 -1.131013298353
  1391 -1.131013298353
  1392 -1.131013298353
  1393 -1.131013298353
  1394 -1.131013298353
  1395 -1.131013298353
  1396 -1.131013298353
  1397 -1.131013298353
  1398 -1.131013298353
  1399 -1.131013298353
  1400 -1.131013298353
  1401 -1.131013298353
  1402 -1.131013298353
  1403 -1.131013298353
  1404 -1.131013298353
  1405 -1.131013298353
  1406 -1.131013298353
  1407 -1.131013298353
  1408 -1.131013298353
  1409 -1.131013298353
  1410 -1.131013298353
  1411 -1.131013298353
  1412 -1.131013298353
  1413 -1.131013298353
  1414 -1.131013298353
  1415 -1.131013298353
  1416 -1.131013298353
  1417 -1.131013298353
  1418 -1.131013298353
  1419 -1.131013298353
  1420 -1.131013298353
  1421 -1.131013298353
  1422 -1.131013298353
  1423 -1.131013298353
  1424 -1.131013298353
  1425 -1.131013298353
  1426 -1.131013298353
  1427 -1.131013298353
  1428 -1.131013298353
  1429 -1.131013298353
  1430 -1.131013298353
  1431 -1.131013298353
  1432 -1.131013298353
  1433 -1.131013298353
  1434 -1.131013298353
  1435 -1.131013298353
  1436 -1.131013298353
  1437 -1.131013298353
  1438 -1.131013298353
  1439 -1.131013298353
  1440 -1.131013298353
  1441 -1.131013298353
  1442 -1.131013298353
  1443 -1.131013298353
  1444 -1.131013298353
  1445 -1.131013298353
  1446 -1.131013298353
  1447 -1.131013298353
  1448 -1.131013298353
  1449 -1.131013298353
  1450 -1.131013298353
  1451 -1.131013298353
  1452 -1.131013298353
  1453 -1.131013298353
  1454 -1.131013298353
  1455 -1.131013298353
  1456 -1.131013298353
  1457 -1.131013298353
  1458 -1.131013298353
  1459 -1.131013298353
  1460 -1.131013298353
  1461 -1.131013298353
  1462 -1.131013298353
  1463 -1.131013298353
  1464 -1.131013298353
  1465 -1.131013298353
  1466 -1.131013298353
  1467 -1.131013298353
  1468 -1.131013298353
  1469 -1.131013298353
  1470 -1.131013298353
  1471 -1.131013298353
  1472 -1.131013298353
  1473 -1.131013298353
  1474 -1.131013298353
  1475 -1.131013298353
  1476 -1.131013298353
  1477 -1.131013298353
  1478 -1.131013298353
  1479 -1.131013298353
  1480 -1.131013298353
  1481 -1.131013298353
  1482 -1.131013298353
  1483 -1.131013298353
  1484 -1.131013298353
  1485 -1.131013298353
  1486 -1.131013298353
  1487 -1.131013298353
  1488 -1.131013298353
  1489 -1.131013298353
  1490 -1.131013298353
  1491 -1.131013298353
  1492 -1.131013298353
  1493 -1.131013298353
  1494 -1.131013298353
  1495 -1.131013298353
  1496 -1.131013298353
  1497 -1.131013298353
  1498 -1.131013298353
  1499 -1.131013298353
  1500 -1.131013298353
  1501 -1.131013298353
  1502 -1.131013298353
  1503 -1.131013298353
  1504 -1.131013298353
  1505 -1.131013298353
  1506 -1.131013298353
  1507 -1.131013298353
  1508 -1.131013298353
  1509 -1.131013298353
  1510 -1.131013298353
  1511 -1.131013298353
  1512 -1.131013298353
  1513 -1.131013298353
  1514 -1.131013298353
  1515 -1.131013298353
  1516 -1.131013298353
  1517 -1.131013298353
  1518 -1.131013298353
  1519 -1.131013298353
  1520 -1.131013298353
  1521 -1.131013298353
  1522 -1.131013298353
  1523 -1.131013298353
  1524 -1.131013298353
  1525 -1.131013298353
  1526 -1.131013298353
  1527 -1.131013298353
  1528 -1.131013298353
  1529 -1.131013298353
  1530 -1.131013298353
  1531 -1.131013298353
  1532 -1.131013298353
  1533 -1.131013298353
  1534 -1.131013298353
  1535 -1.131013298353
  1536 -1.131013298353
  1537 -1.131013298353
  1538 -1.131013298353
  1539 -1.131013298353
  1540 -1.131013298353
  1541 -1.131013298353
  1542 -1.131013298353
  1543 -1.131013298353
  1544 -1.131013298353
  1545 -1.131013298353
  1546 -1.131013298353
  1547 -1.131013298353
  1548 -1.131013298353
  1549 -1.131013298353
  1550 -1.131013298353
  1551 -1.131013298353
  1552 -1.131013298353
  1553 -1.131013298353
  1554 -1.131013298353
  1555 -1.131013298353
  1556 -1.131013298353
  1557 -1.131013298353
  1558 -1.131013298353
  1559 -1.131013298353
  1560 -1.131013298353
  1561 -1.131013298353
  1562 -1.131013298353
  1563 -1.131013298353
  1564 -1.131013298353
  1565 -1.131013298353
  1566 -1.131013298353
  1567 -1.131013298353
  1568 -1.131013298353
  1569 -1.131013298353
  1570 -1.131013298353
  1571 -1.131013298353
  1572 -1.131013298353
  1573 -1.131013298353
  1574 -1.131013298353
  1575 -1.131013298353
  1576 -1.131013298353
  1577 -1.131013298353
  1578 -1.131013298353
  1579 -1.131013298353
  1580 -1.131013298353
  1581 -1.131013298353
  1582 -1.131013298353
  1583 -1.131013298353
  1584 -1.131013298353
  1585 -1.131013298353
  1586 -1.131013298353
  1587 -1.131013298353
  1588 -1.131013298353
  1589 -1.131013298353
  1590 -1.131013298353
  1591 -1.131013298353
  1592 -1.131013298353
  1593 -1.131013298353
  1594 -1.131013298353
  1595 -1.131013298353
  1596 -1.131013298353
  1597 -1.131013298353
  1598 -1.131013298353
  1599 -1.131013298353
  1600 -1.131013298353
  1601 -1.131013298353
  1602 -1.131013298353
  1603 -1.131013298353
  1604 -1.131013298353
  1605 -1.131013298353
  1606 -1.131013298353
  1607 -1.131013298353
  1608 -1.131013298353
  1609 -1.131013298353
  1610 -1.131013298353
  1611 -1.131013298353
  1612 -1.131013298353
  1613 -1.131013298353
  1614 -1.131013298353
  1615 -1.131013298353
  1616 -1.131013298353
  1617 -1.131013298353
  1618 -1.131013298353
  1619 -1.131013298353
  1620 -1.131013298353
  1621 -1.131013298353
  1622 -1.131013298353
  1623 -1.131013298353
  1624 -1.131013298353
  1625 -1.131013298353
  1626 -1.131013298353
  1627 -1.131013298353
  1628 -1.131013298353
  1629 -1.131013298353
  1630 -1.131013298353
  1631 -1.131013298353
  1632 -1.131013298353
  1633 -1.131013298353
  1634 -1.131013298353
  1635 -1.131013298353
  1636 -1.131013298353
  1637 -1.131013298353
  1638 -1.131013298353
  1639 -1.131013298353
  1640 -1.131013298353
  1641 -1.131013298353
  1642 -1.131013298353
  1643 -1.131013298353
  1644 -1.131013298353
  1645 -1.131013298353
  1646 -1.131013298353
  1647 -1.131013298353
  1648 -1.131013298353
  1649 -1.131013298353
  1650 -1.131013298353
  1651 -1.131013298353
  1652 -1.131013298353
  1653 -1.131013298353
  1654 -1.131013298353
  1655 -1.131013298353
  1656 -1.131013298353
  1657 -1.131013298353
  1658 -1.131013298353
  1659 -1.131013298353
  1660 -1.131013298353
  1661 -1.131013298353
  1662 -1.131013298353
  1663 -1.131013298353
  1664 -1.131013298353
  1665 -1.131013298353
  1666 -1.131013298353
  1667 -1.131013298353
  1668 -1.131013298353
  1669 -1.131013298353
  1670 -1.131013298353
  1671 -1.131013298353
  1672 -1.131013298353
  1673 -1.131013298353
  1674 -1.131013298353
  1675 -1.131013298353
  1676 -1.131013298353
  1677 -1.131013298353
  1678 -1.131013298353
  1679 -1.131013298353
  1680 -1.131013298353
  1681 -1.131013298353
  1682 -1.131013298353
  1683 -1.131013298353
  1684 -1.131013298353
  1685 -1.131013298353
  1686 -1.131013298353
  1687 -1.131013298353
  1688 -1.131013298353
  1689 -1.131013298353
  1690 -1.131013298353
  1691 -1.131013298353
  1692 -1.131013298353
  1693 -1.131013298353
  1694 -1.131013298353
  1695 -1.131013298353
  1696 -1.131013298353
  1697 -1.131013298353
  1698 -1.131013298353
  1699 -1.131013298353
  1700 -1.131013298353
  1701 -1.131013298353
  1702 -1.131013298353
  1703 -1.131013298353
  1704 -1.131013298353
  1705 -1.131013298353
  1706 -1.131013298353
  1707 -1.131013298353
  1708 -1.131013298353
  1709 -1.131013298353
  1710 -1.131013298353
  1711 -1.131013298353
  1712 -1.131013298353
  1713 -1.131013298353
  1714 -1.131013298353
  1715 -1.131013298353
  1716 -1.131013298353
  1717 -1.131013298353
  1718 -1.131013298353
  1719 -1.131013298353
  1720 -1.131013298353
  1721 -1.131013298353
  1722 -1.131013298353
  1723 -1.131013298353
  1724 -1.131013298353
  1725 -1.131013298353
  1726 -1.131013298353
  1727 -1.131013298353
  1728 -1.131013298353
  1729 -1.131013298353
  1730 -1.131013298353
  1731 -1.131013298353
  1732 -1.131013298353
  1733 -1.131013298353
  1734 -1.131013298353
  1735 -1.131013298353
  1736 -1.131013298353
  1737 -1.131013298353
  1738 -1.131013298353
  1739 -1.131013298353
  1740 -1.131013298353
  1741 -1.131013298353
  1742 -1.131013298353
  1743 -1.131013298353
  1744 -1.131013298353
  1745 -1.131013298353
  1746 -1.131013298353
  1747 -1.131013298353
  1748 -1.131013298353
  1749 -1.131013298353
  1750 -1.131013298353
  1751 -1.131013298353
  1752 -1.131013298353
  1753 -1.131013298353
  1754 -1.131013298353
  1755 -1.131013298353
  1756 -1.131013298353
  1757 -1.131013298353
  1758 -1.131013298353
  1759 -1.131013298353
  1760 -1.131013298353
  1761 -1.131013298353
  1762 -1.131013298353
  1763 -1.131013298353
  1764 -1.131013298353
  1765 -1.131013298353
  1766 -1.131013298353
  1767 -1.131013298353
  1768 -1.131013298353
  1769 -1.131013298353
  1770 -1.131013298353
  1771 -1.131013298353
  1772 -1.131013298353
  1773 -1.131013298353
  1774 -1.131013298353
  1775 -1.131013298353
  1776 -1.131013298353
  1777 -1.131013298353
  1778 -1.131013298353
  1779 -1.131013298353
  1780 -1.131013298353
  1781 -1.131013298353
  1782 -1.131013298353
  1783 -1.131013298353
  1784 -1.131013298353
  1785 -1.131013298353
  1786 -1.131013298353
  1787 -1.131013298353
  1788 -1.131013298353
  1789 -1.131013298353
  1790 -1.131013298353
  1791 -1.131013298353
  1792 -1.131013298353
  1793 -1.131013298353
  1794 -1.131013298353
  1795 -1.131013298353
  1796 -1.131013298353
  1797 -1.131013298353
  1798 -1.131013298353
  1799 -1.131013298353
  1800 -1.131013298353
  1801 -1.131013298353
  1802 -1.131013298353
  1803 -1.131013298353
  1804 -1.131013298353
  1805 -1.131013298353
  1806 -1.131013298353
  1807 -1.131013298353
  1808 -1.131013298353
  1809 -1.131013298353
  1810 -1.131013298353
  1811 -1.131013298353
  1812 -1.131013298353
  1813 -1.131013298353
  1814 -1.131013298353
  1815 -1.131013298353
  1816 -1.131013298353
  1817 -1.131013298353
  1818 -1.131013298353
  1819 -1.131013298353
  1820 -1.131013298353
  1821 -1.131013298353
  1822 -1.131013298353
  1823 -1.131013298353
  1824 -1.131013298353
  1825 -1.131013298353
  1826 -1.131013298353
  1827 -1.131013298353
  1828 -1.131013298353
  1829 -1.131013298353
  1830 -1.131013298353
  1831 -1.131013298353
  1832 -1.131013298353
  1833 -1.131013298353
  1834 -1.131013298353
  1835 -1.131013298353
  1836 -1.131013298353
  1837 -1.131013298353
  1838 -1.131013298353
  1839 -1.131013298353
  1840 -1.131013298353
  1841 -1.131013298353
  1842 -1.131013298353
  1843 -1.131013298353
  1844 -1.131013298353
  1845 -1.131013298353
  1846 -1.131013298353
  1847 -1.131013298353
  1848 -1.131013298353
  1849 -1.131013298353
  1850 -1.131013298353
  1851 -1.131013298353
  1852 -1.131013298353
  1853 -1.131013298353
  1854 -1.131013298353
  1855 -1.131013298353
  1856 -1.131013298353
  1857 -1.131013298353
  1858 -1.131013298353
  1859 -1.131013298353
  1860 -1.131013298353
  1861 -1.131013298353
  1862 -1.131013298353
  1863 -1.131013298353
  1864 -1.131013298353
  1865 -1.131013298353
  1866 -1.131013298353
  1867 -1.131013298353
  1868 -1.131013298353
  1869 -1.131013298353
  1870 -1.131013298353
  1871 -1.131013298353
  1872 -1.131013298353
  1873 -1.131013298353
  1874 -1.131013298353
  1875 -1.131013298353
  1876 -1.131013298353
  1877 -1.131013298353
  1878 -1.131013298353
  1879 -1.131013298353
  1880 -1.131013298353
  1881 -1.131013298353
  1882 -1.131013298353
  1883 -1.131013298353
  1884 -1.131013298353
  1885 -1.131013298353
  1886 -1.131013298353
  1887 -1.131013298353
  1888 -1.131013298353
  1889 -1.131013298353
  1890 -1.131013298353
  1891 -1.131013298353
  1892 -1.131013298353
  1893 -1.131013298353
  1894 -1.131013298353
  1895 -1.131013298353
  1896 -1.131013298353
  1897 -1.131013298353
  1898 -1.131013298353
  1899 -1.131013298353
  1900 -1.131013298353
  1901 -1.131013298353
  1902 -1.131013298353
  1903 -1.131013298353
  1904 -1.131013298353
  1905 -1.131013298353
  1906 -1.131013298353
  1907 -1.131013298353
  1908 -1.131013298353
  1909 -1.131013298353
  1910 -1.131013298353
  1911 -1.131013298353
  1912 -1.131013298353
  1913 -1.131013298353
  1914 -1.131013298353
  1915 -1.131013298353
  1916 -1.131013298353
  1917 -1.131013298353
  1918 -1.131013298353
  1919 -1.131013298353
  1920 -1.131013298353
  1921 -1.131013298353
  1922 -1.131013298353
  1923 -1.131013298353
  1924 -1.131013298353
  1925 -1.131013298353
  1926 -1.131013298353
  1927 -1.131013298353
  1928 -1.131013298353
  1929 -1.131013298353
  1930 -1.131013298353
  1931 -1.131013298353
  1932 -1.131013298353
  1933 -1.131013298353
  1934 -1.131013298353
  1935 -1.131013298353
  1936 -1.131013298353
  1937 -1.131013298353
  1938 -1.131013298353
  1939 -1.131013298353
  1940 -1.131013298353
  1941 -1.131013298353
  1942 -1.131013298353
  1943 -1.131013298353
  1944 -1.131013298353
  1945 -1.131013298353
  1946 -1.131013298353
  1947 -1.131013298353
  1948 -1.131013298353
  1949 -1.131013298353
  1950 -1.131013298353
  1951 -1.131013298353
  1952 -1.131013298353
  1953 -1.131013298353
  1954 -1.131013298353
  1955 -1.131013298353
  1956 -1.131013298353
  1957 -1.131013298353
  1958 -1.131013298353
  1959 -1.131013298353
  1960 -1.131013298353
  1961 -1.131013298353
  1962 -1.131013298353
  1963 -1.131013298353
  1964 -1.131013298353
  1965 -1.131013298353
  1966 -1.131013298353
  1967 -1.131013298353
  1968 -1.131013298353
  1969 -1.131013298353
  1970 -1.131013298353
  1971 -1.131013298353
  1972 -1.131013298353
  1973 -1.131013298353
  1974 -1.131013298353
  1975 -1.131013298353
  1976 -1.131013298353
  1977 -1.131013298353
  1978 -1.131013298353
  1979 -1.131013298353
  1980 -1.131013298353
  1981 -1.131013298353
  1982 -1.131013298353
  1983 -1.131013298353
  1984 -1.131013298353
  1985 -1.131013298353
  1986 -1.131013298353
  1987 -1.131013298353
  1988 -1.131013298353
  1989 -1.131013298353
  1990 -1.131013298353
  1991 -1.131013298353
  1992 -1.131013298353
  1993 -1.131013298353
  1994 -1.131013298353
  1995 -1.131013298353
  1996 -1.131013298353
  1997 -1.131013298353
  1998 -1.131013298353
  1999 -1.131013298353
  2000 -1.131013298353
