     1 -1.010126229895
     2 -1.081736759280
     3 -1.098276292940
     4 -1.106457966723
     5 -1.110250687128
     6 -1.112030832836
     7 -1.112919214935
     8 -1.113384896933
     9 -1.113638347456
    10 -1.113780352661
    11 -1.113861746697
    12 -1.113909249421
    13 -1.113937377075
    14 -1.113954228370
    15 -1.113964420843
    16 -1.113970634422
    17 -1.113974446933
    18 -1.113976798837
    19 -1.113978256261
    20 -1.113979162828
    21 -1.113979728525
    22 -1.113980082481
    23 -1.113980304471
    24 -1.113980443958
    25 -1.113980531756
    26 -1.113980587100
    27 -1.113980622029
    28 -1.113980644101
    29 -1.113980658060
    30 -1.113980666896
    31 -1.113980672492
    32 -1.113980676040
    33 -1.113980678290
    34 -1.113980679718
    35 -1.113980680624
    36 -1.113980681200
    37 -1.113980681566
    38 -1.113980681798
    39 -1.113980681946
    40 -1.113980682040
    41 -1.113980682100
    42 -1.113980682138
    43 -1.113980682162
    44 -1.113980682177
    45 -1.113980682187
    46 -1.113980682193
    47 -1.113980682197
    48 -1.113980682200
    49 -1.113980682202
    50 -1.113980682203
    51 -1.215829860914
    52 -1.098415804694
    53 -1.105859094016
    54 -1.109939259093
    55 -1.111895298424
    56 -1.112867250101
    57 -1.113369290176
    58 -1.113637342584
    59 -1.113784402601
    60 -1.113866860667
    61 -1.113913908127
    62 -1.113941130804
    63 -1.113957064144
    64 -1.113966479563
    65 -1.113972088850
    66 -1.113975454301
    67 -1.113977486127
    68 -1.113978719635
    69 -1.113979472246
    70 -1.113979933535
    71 -1.113980217431
    72 -1.113980392809
    73 -1.113980501519
    74 -1.113980569115
    75 -1.113980611265
    76 -1.113980637615
    77 -1.113980654126
    78 -1.113980664494
    79 -1.113980671018
    80 -1.113980675129
    81 -1.113980677723
    82 -1.113980679363
    83 -1.113980680401
    84 -1.113980681059
    85 -1.113980681476
    86 -1.113980681741
    87 -1.113980681910
    88 -1.113980682017
    89 -1.113980682085
    90 -1.113980682128
    91 -1.113980682156
    92 -1.113980682173
    93 -1.113980682184
    94 -1.113980682192
    95 -1.113980682196
    96 -1.113980682199
    97 -1.113980682201
    98 -1.113980682202
    99 -1.113980682203
   100 -1.113980682203
   101 -1.177940845997
   102 -1.093243828044
   103 -1.103231511156
   104 -1.108295220076
   105 -1.110810227774
   106 -1.112146609393
   107 -1.112895332181
   108 -1.113330009770
   109 -1.113587800966
   110 -1.113742493773
   111 -1.113835903693
   112 -1.113892506059
   113 -1.113926882427
   114 -1.113947797947
   115 -1.113960545301
   116 -1.113968327836
   117 -1.113973087899
   118 -1.113976004862
   119 -1.113977795807
   120 -1.113978897606
   121 -1.113979576753
   122 -1.113979996205
   123 -1.113980255758
   124 -1.113980416661
   125 -1.113980516591
   126 -1.113980578759
   127 -1.113980617498
   128 -1.113980641673
   129 -1.113980656785
   130 -1.113980666242
   131 -1.113980672170
   132 -1.113980675890
   133 -1.113980678226
   134 -1.113980679696
   135 -1.113980680621
   136 -1.113980681204
   137 -1.113980681572
   138 -1.113980681804
   139 -1.113980681951
   140 -1.113980682044
   141 -1.113980682103
   142 -1.113980682140
   143 -1.113980682163
   144 -1.113980682178
   145 -1.113980682188
   146 -1.113980682194
   147 -1.113980682198
   148 -1.113980682200
   149 -1.113980682202
   150 -1.113980682203
   151 -1.203019583534
   152 -1.098973695435
   153 -1.105301171355
   154 -1.109501276949
   155 -1.111580380221
   156 -1.112649541711
   157 -1.113225245422
   158 -1.113545714844
   159 -1.113727927560
   160 -1.113832888454
   161 -1.113893849895
   162 -1.113929458266
   163 -1.113950349878
   164 -1.113962654537
   165 -1.113969928300
   166 -1.113974243641
   167 -1.113976813157
   168 -1.113978348753
   169 -1.113979269829
   170 -1.113979824342
   171 -1.113980159379
   172 -1.113980362521
   173 -1.113980486122
   174 -1.113980561573
   175 -1.113980607782
   176 -1.113980636168
   177 -1.113980653655
   178 -1.113980664458
   179 -1.113980671149
   180 -1.113980675303
   181 -1.113980677888
   182 -1.113980679500
   183 -1.113980680507
   184 -1.113980681137
   185 -1.113980681533
   186 -1.113980681781
   187 -1.113980681937
   188 -1.113980682036
   189 -1.113980682098
   190 -1.113980682137
   191 -1.113980682162
   192 -1.113980682177
   193 -1.113980682187
   194 -1.113980682193
   195 -1.113980682197
   196 -1.113980682200
   197 -1.113980682202
   198 -1.113980682203
   199 -1.113980682203
   200 -1.113980682204
   201 -1.193523509319
   202 -1.093053838306
   203 -1.102379413087
   204 -1.108005773306
   205 -1.110791458964
   206 -1.112216993795
   207 -1.112977253666
   208 -1.113397422773
   209 -1.113636277633
   210 -1.113774982361
   211 -1.113856796413
   212 -1.113905602517
   213 -1.113934958977
   214 -1.113952725998
   215 -1.113963531096
   216 -1.113970128388
   217 -1.113974170238
   218 -1.113976654038
   219 -1.113978184635
   220 -1.113979130255
   221 -1.113979715869
   222 -1.113980079366
   223 -1.113980305458
   224 -1.113980446370
   225 -1.113980534355
   226 -1.113980589379
   227 -1.113980623851
   228 -1.113980645476
   229 -1.113980659063
   230 -1.113980667608
   231 -1.113980672990
   232 -1.113980676382
   233 -1.113980678523
   234 -1.113980679874
   235 -1.113980680729
   236 -1.113980681269
   237 -1.113980681612
   238 -1.113980681828
   239 -1.113980681966
   240 -1.113980682053
   241 -1.113980682108
   242 -1.113980682143
   243 -1.113980682165
   244 -1.113980682180
   245 -1.113980682189
   246 -1.113980682194
   247 -1.113980682198
   248 -1.113980682200
   249 -1.113980682202
   250 -1.113980682203
   251 -1.223862752900
   252 -1.100951032390
   253 -1.106416754002
   254 -1.109960096998
   255 -1.111764859125
   256 -1.112719544166
   257 -1.113245745027
   258 -1.113545161850
   259 -1.113719517251
   260 -1.113822731894
   261 -1.113884554770
   262 -1.113921901539
   263 -1.113944604860
   264 -1.113958472578
   265 -1.113966975142
   266 -1.113972204198
   267 -1.113975428342
   268 -1.113977420678
   269 -1.113978654290
   270 -1.113979419447
   271 -1.113979894831
   272 -1.113980190631
   273 -1.113980374943
   274 -1.113980489933
   275 -1.113980561771
   276 -1.113980606693
   277 -1.113980634817
   278 -1.113980652442
   279 -1.113980663497
   280 -1.113980670437
   281 -1.113980674798
   282 -1.113980677539
   283 -1.113980679265
   284 -1.113980680351
   285 -1.113980681035
   286 -1.113980681466
   287 -1.113980681738
   288 -1.113980681910
   289 -1.113980682018
   290 -1.113980682087
   291 -1.113980682130
   292 -1.113980682157
   293 -1.113980682175
   294 -1.113980682186
   295 -1.113980682192
   296 -1.113980682197
   297 -1.113980682200
   298 -1.113980682201
   299 -1.113980682202
   300 -1.113980682203
   301 -1.213310354107
   302 -1.098757424083
   303 -1.106339363428
   304 -1.110352942612
   305 -1.112155807300
   306 -1.113011841220
   307 -1.113443881008
   308 -1.113673781812
   309 -1.113801312682
   310 -1.113874243259
   311 -1.113916849949
   312 -1.113942111244
   313 -1.113957243629
   314 -1.113966375993
   315 -1.113971918218
   316 -1.113975296539
   317 -1.113977363436
   318 -1.113978631987
   319 -1.113979412744
   320 -1.113979894516
   321 -1.113980192497
   322 -1.113980377201
   323 -1.113980491917
   324 -1.113980563302
   325 -1.113980607800
   326 -1.113980635581
   327 -1.113980652954
   328 -1.113980663831
   329 -1.113980670651
   330 -1.113980674932
   331 -1.113980677623
   332 -1.113980679316
   333 -1.113980680381
   334 -1.113980681053
   335 -1.113980681477
   336 -1.113980681744
   337 -1.113980681913
   338 -1.113980682020
   339 -1.113980682088
   340 -1.113980682130
   341 -1.113980682157
   342 -1.113980682175
   343 -1.113980682185
   344 -1.113980682192
   345 -1.113980682197
   346 -1.113980682199
   347 -1.113980682201
   348 -1.113980682202
   349 -1.113980682203
   350 -1.113980682204
   351 -1.113980682204
   352 -1.113980682204
   353 -1.113980682204
   354 -1.113980682204
   355 -1.113980682204
   356 -1.113980682204
   357 -1.113980682204
   358 -1.113980682204
   359 -1.113980682204
   360 -1.113980682204
   361 -1.113980682204
   362 -1.113980682204
   363 -1.113980682204
   364 -1.113980682204
   365 -1.113980682204
   366 -1.113980682204
   367 -1.113980682204
   368 -1.113980682204
   369 -1.113980682204
   370 -1.113980682204
   371 -1.113980682204
   372 -1.113980682204
   373 -1.113980682204
   374 -1.113980682204
   375 -1.113980682204
   376 -1.113980682204
   377 -1.113980682204
   378 -1.113980682204
   379 -1.113980682204
   380 -1.113980682204
   381 -1.113980682204
   382 -1.113980682204
   383 -1.113980682204
   384 -1.113980682204
   385 -1.113980682204
   386 -1.113980682204
   387 -1.113980682204
   388 -1.113980682204
   389 -1.113980682204
   390 -1.113980682204
   391 -1.113980682204
   392 -1.113980682204
   393 -1.113980682204
   394 -1.113980682204
   395 -1.113980682204
   396 -1.113980682204
   397 -1.113980682204
   398 -1.113980682204
   399 -1.113980682204
   400 -1.113980682204
   401 -1.113980682204
   402 -1.113980682204
   403 -1.113980682204
   404 -1.113980682204
   405 -1.113980682204
   406 -1.113980682204
   407 -1.113980682204
   408 -1.113980682204
   409 -1.113980682204
   410 -1.113980682204
   411 -1.113980682204
   412 -1.113980682204
   413 -1.113980682204
   414 -1.113980682204
   415 -1.113980682204
   416 -1.113980682204
   417 -1.113980682204
   418 -1.113980682204
   419 -1.113980682204
   420 -1.113980682204
   421 -1.113980682204
   422 -1.113980682204
   423 -1.113980682204
   424 -1.113980682204
   425 -1.113980682204
   426 -1.113980682204
   427 -1.113980682204
   428 -1.113980682204
   429 -1.113980682204
   430 -1.113980682204
   431 -1.113980682204
   432 -1.113980682204
   433 -1.113980682204
   434 -1.113980682204
   435 -1.113980682204
   436 -1.113980682204
   437 -1.113980682204
   438 -1.113980682204
   439 -1.113980682204
   440 -1.113980682204
   441 -1.113980682204
   442 -1.113980682204
   443 -1.113980682204
   444 -1.113980682204
   445 -1.113980682204
   446 -1.113980682204
   447 -1.113980682204
   448 -1.113980682204
   449 -1.113980682204
   450 -1.113980682204
   451 -1.113980682204
   452 -1.113980682204
   453 -1.113980682204
   454 -1.113980682204
   455 -1.113980682204
   456 -1.113980682204
   457 -1.113980682204
   458 -1.113980682204
   459 -1.113980682204
   460 -1.113980682204
   461 -1.113980682204
   462 -1.113980682204
   463 -1.113980682204
   464 -1.113980682204
   465 -1.113980682204
   466 -1.113980682204
   467 -1.113980682204
   468 -1.113980682204
   469 -1.113980682204
   470 -1.113980682204
   471 -1.113980682204
   472 -1.113980682204
   473 -1.113980682204
   474 -1.113980682204
   475 -1.113980682204
   476 -1.113980682204
   477 -1.113980682204
   478 -1.113980682204
   479 -1.113980682204
   480 -1.113980682204
   481 -1.113980682204
   482 -1.113980682204
   483 -1.113980682204
   484 -1.113980682204
   485 -1.113980682204
   486 -1.113980682204
   487 -1.113980682204
   488 -1.113980682204
   489 -1.113980682204
   490 -1.113980682204
   491 -1.113980682204
   492 -1.113980682204
   493 -1.113980682204
   494 -1.113980682204
   495 -1.113980682204
   496 -1.113980682204
   497 -1.113980682204
   498 -1.113980682204
   499 -1.113980682204
   500 -1.113980682204
   501 -1.113980682204
   502 -1.113980682204
   503 -1.113980682204
   504 -1.113980682204
   505 -1.113980682204
   506 -1.113980682204
   507 -1.113980682204
   508 -1.113980682204
   509 -1.113980682204
   510 -1.113980682204
   511 -1.113980682204
   512 -1.113980682204
   513 -1.113980682204
   514 -1.113980682204
   515 -1.113980682204
   516 -1.113980682204
   517 -1.113980682204
   518 -1.113980682204
   519 -1.113980682204
   520 -1.113980682204
   521 -1.113980682204
   522 -1.113980682204
   523 -1.113980682204
   524 -1.113980682204
   525 -1.113980682204
   526 -1.113980682204
   527 -1.113980682204
   528 -1.113980682204
   529 -1.113980682204
   530 -1.113980682204
   531 -1.113980682204
   532 -1.113980682204
   533 -1.113980682204
   534 -1.113980682204
   535 -1.113980682204
   536 -1.113980682204
   537 -1.113980682204
   538 -1.113980682204
   539 -1.113980682204
   540 -1.113980682204
   541 -1.113980682204
   542 -1.113980682204
   543 -1.113980682204
   544 -1.113980682204
   545 -1.113980682204
   546 -1.113980682204
   547 -1.113980682204
   548 -1.113980682204
   549 -1.113980682204
   550 -1.113980682204
   551 -1.113980682204
   552 -1.113980682204
   553 -1.113980682204
   554 -1.113980682204
   555 -1.113980682204
   556 -1.113980682204
   557 -1.113980682204
   558 -1.113980682204
   559 -1.113980682204
   560 -1.113980682204
   561 -1.113980682204
   562 -1.113980682204
   563 -1.113980682204
   564 -1.113980682204
   565 -1.113980682204
   566 -1.113980682204
   567 -1.113980682204
   568 -1.113980682204
   569 -1.113980682204
   570 -1.113980682204
   571 -1.113980682204
   572 -1.113980682204
   573 -1.113980682204
   574 -1.113980682204
   575 -1.113980682204
   576 -1.113980682204
   577 -1.113980682204
   578 -1.113980682204
   579 -1.113980682204
   580 -1.113980682204
   581 -1.113980682204
   582 -1.113980682204
   583 -1.113980682204
   584 -1.113980682204
   585 -1.113980682204
   586 -1.113980682204
   587 -1.113980682204
   588 -1.113980682204
   589 -1.113980682204
   590 -1.113980682204
   591 -1.113980682204
   592 -1.113980682204
   593 -1.113980682204
   594 -1.113980682204
   595 -1.113980682204
   596 -1.113980682204
   597 -1.113980682204
   598 -1.113980682204
   599 -1.113980682204
   600 -1.113980682204
   601 -1.113980682204
   602 -1.113980682204
   603 -1.113980682204
   604 -1.113980682204
   605 -1.113980682204
   606 -1.113980682204
   607 -1.113980682204
   608 -1.113980682204
   609 -1.113980682204
   610 -1.113980682204
   611 -1.113980682204
   612 -1.113980682204
   613 -1.113980682204
   614 -1.113980682204
   615 -1.113980682204
   616 -1.113980682204
   617 -1.113980682204
   618 -1.113980682204
   619 -1.113980682204
   620 -1.113980682204
   621 -1.113980682204
   622 -1.113980682204
   623 -1.113980682204
   624 -1.113980682204
   625 -1.113980682204
   626 -1.113980682204
   627 -1.113980682204
   628 -1.113980682204
   629 -1.113980682204
   630 -1.113980682204
   631 -1.113980682204
   632 -1.113980682204
   633 -1.113980682204
   634 -1.113980682204
   635 -1.113980682204
   636 -1.113980682204
   637 -1.113980682204
   638 -1.113980682204
   639 -1.113980682204
   640 -1.113980682204
   641 -1.113980682204
   642 -1.113980682204
   643 -1.113980682204
   644 -1.113980682204
   645 -1.113980682204
   646 -1.113980682204
   647 -1.113980682204
   648 -1.113980682204
   649 -1.113980682204
   650 -1.113980682204
   651 -1.113980682204
   652 -1.113980682204
   653 -1.113980682204
   654 -1.113980682204
   655 -1.113980682204
   656 -1.113980682204
   657 -1.113980682204
   658 -1.113980682204
   659 -1.113980682204
   660 -1.113980682204
   661 -1.113980682204
   662 -1.113980682204
   663 -1.113980682204
   664 -1.113980682204
   665 -1.113980682204
   666 -1.113980682204
   667 -1.113980682204
   668 -1.113980682204
   669 -1.113980682204
   670 -1.113980682204
   671 -1.113980682204
   672 -1.113980682204
   673 -1.113980682204
   674 -1.113980682204
   675 -1.113980682204
   676 -1.113980682204
   677 -1.113980682204
   678 -1.113980682204
   679 -1.113980682204
   680 -1.113980682204
   681 -1.113980682204
   682 -1.113980682204
   683 -1.113980682204
   684 -1.113980682204
   685 -1.113980682204
   686 -1.113980682204
   687 -1.113980682204
   688 -1.113980682204
   689 -1.113980682204
   690 -1.113980682204
   691 -1.113980682204
   692 -1.113980682204
   693 -1.113980682204
   694 -1.113980682204
   695 -1.113980682204
   696 -1.113980682204
   697 -1.113980682204
   698 -1.113980682204
   699 -1.113980682204
   700 -1.113980682204
   701 -1.113980682204
   702 -1.113980682204
   703 -1.113980682204
   704 -1.113980682204
   705 -1.113980682204
   706 -1.113980682204
   707 -1.113980682204
   708 -1.113980682204
   709 -1.113980682204
   710 -1.113980682204
   711 -1.113980682204
   712 -1.113980682204
   713 -1.113980682204
   714 -1.113980682204
   715 -1.113980682204
   716 -1.113980682204
   717 -1.113980682204
   718 -1.113980682204
   719 -1.113980682204
   720 -1.113980682204
   721 -1.113980682204
   722 -1.113980682204
   723 -1.113980682204
   724 -1.113980682204
   725 -1.113980682204
   726 -1.113980682204
   727 -1.113980682204
   728 -1.113980682204
   729 -1.113980682204
   730 -1.113980682204
   731 -1.113980682204
   732 -1.113980682204
   733 -1.113980682204
   734 -1.113980682204
   735 -1.113980682204
   736 -1.113980682204
   737 -1.113980682204
   738 -1.113980682204
   739 -1.113980682204
   740 -1.113980682204
   741 -1.113980682204
   742 -1.113980682204
   743 -1.113980682204
   744 -1.113980682204
   745 -1.113980682204
   746 -1.113980682204
   747 -1.113980682204
   748 -1.113980682204
   749 -1.113980682204
   750 -1.113980682204
   751 -1.113980682204
   752 -1.113980682204
   753 -1.113980682204
   754 -1.113980682204
   755 -1.113980682204
   756 -1.113980682204
   757 -1.113980682204
   758 -1.113980682204
   759 -1.113980682204
   760 -1.113980682204
   761 -1.113980682204
   762 -1.113980682204
   763 -1.113980682204
   764 -1.113980682204
   765 -1.113980682204
   766 -1.113980682204
   767 -1.113980682204
   768 -1.113980682204
   769 -1.113980682204
   770 -1.113980682204
   771 -1.113980682204
   772 -1.113980682204
   773 -1.113980682204
   774 -1.113980682204
   775 -1.113980682204
   776 -1.113980682204
   777 -1.113980682204
   778 -1.113980682204
   779 -1.113980682204
   780 -1.113980682204
   781 -1.113980682204
   782 -1.113980682204
   783 -1.113980682204
   784 -1.113980682204
   785 -1.113980682204
   786 -1.113980682204
   787 -1.113980682204
   788 -1.113980682204
   789 -1.113980682204
   790 -1.113980682204
   791 -1.113980682204
   792 -1.113980682204
   793 -1.113980682204
   794 -1.113980682204
   795 -1.113980682204
   796 -1.113980682204
   797 -1.113980682204
   798 -1.113980682204
   799 -1.113980682204
   800 -1.113980682204
   801 -1.113980682204
   802 -1.113980682204
   803 -1.113980682204
   804 -1.113980682204
   805 -1.113980682204
   806 -1.113980682204
   807 -1.113980682204
   808 -1.113980682204
   809 -1.113980682204
   810 -1.113980682204
   811 -1.113980682204
   812 -1.113980682204
   813 -1.113980682204
   814 -1.113980682204
   815 -1.113980682204
   816 -1.113980682204
   817 -1.113980682204
   818 -1.113980682204
   819 -1.113980682204
   820 -1.113980682204
   821 -1.113980682204
   822 -1.113980682204
   823 -1.113980682204
   824 -1.113980682204
   825 -1.113980682204
   826 -1.113980682204
   827 -1.113980682204
   828 -1.113980682204
   829 -1.113980682204
   830 -1.113980682204
   831 -1.113980682204
   832 -1.113980682204
   833 -1.113980682204
   834 -1.113980682204
   835 -1.113980682204
   836 -1.113980682204
   837 -1.113980682204
   838 -1.113980682204
   839 -1.113980682204
   840 -1.113980682204
   841 -1.113980682204
   842 -1.113980682204
   843 -1.113980682204
   844 -1.113980682204
   845 -1.113980682204
   846 -1.113980682204
   847 -1.113980682204
   848 -1.113980682204
   849 -1.113980682204
   850 -1.113980682204
   851 -1.113980682204
   852 -1.113980682204
   853 -1.113980682204
   854 -1.113980682204
   855 -1.113980682204
   856 -1.113980682204
   857 -1.113980682204
   858 -1.113980682204
   859 -1.113980682204
   860 -1.113980682204
   861 -1.113980682204
   862 -1.113980682204
   863 -1.113980682204
   864 -1.113980682204
   865 -1.113980682204
   866 -1.113980682204
   867 -1.113980682204
   868 -1.113980682204
   869 -1.113980682204
   870 -1.113980682204
   871 -1.113980682204
   872 -1.113980682204
   873 -1.113980682204
   874 -1.113980682204
   875 -1.113980682204
   876 -1.113980682204
   877 -1.113980682204
   878 -1.113980682204
   879 -1.113980682204
   880 -1.113980682204
   881 -1.113980682204
   882 -1.113980682204
   883 -1.113980682204
   884 -1.113980682204
   885 -1.113980682204
   886 -1.113980682204
   887 -1.113980682204
   888 -1.113980682204
   889 -1.113980682204
   890 -1.113980682204
   891 -1.113980682204
   892 -1.113980682204
   893 -1.113980682204
   894 -1.113980682204
   895 -1.113980682204
   896 -1.113980682204
   897 -1.113980682204
   898 -1.113980682204
   899 -1.113980682204
   900 -1.113980682204
   901 -1.113980682204
   902 -1.113980682204
   903 -1.113980682204
   904 -1.113980682204
   905 -1.113980682204
   906 -1.113980682204
   907 -1.113980682204
   908 -1.113980682204
   909 -1.113980682204
   910 -1.113980682204
   911 -1.113980682204
   912 -1.113980682204
   913 -1.113980682204
   914 -1.113980682204
   915 -1.113980682204
   916 -1.113980682204
   917 -1.113980682204
   918 -1.113980682204
   919 -1.113980682204
   920 -1.113980682204
   921 -1.113980682204
   922 -1.113980682204
   923 -1.113980682204
   924 -1.113980682204
   925 -1.113980682204
   926 -1.113980682204
   927 -1.113980682204
   928 -1.113980682204
   929 -1.113980682204
   930 -1.113980682204
   931 -1.113980682204
   932 -1.113980682204
   933 -1.113980682204
   934 -1.113980682204
   935 -1.113980682204
   936 -1.113980682204
   937 -1.113980682204
   938 -1.113980682204
   939 -1.113980682204
   940 -1.113980682204
   941 -1.113980682204
   942 -1.113980682204
   943 -1.113980682204
   944 -1.113980682204
   945 -1.113980682204
   946 -1.113980682204
   947 -1.113980682204
   948 -1.113980682204
   949 -1.113980682204
   950 -1.113980682204
   951 -1.113980682204
   952 -1.113980682204
   953 -1.113980682204
   954 -1.113980682204
   955 -1.113980682204
   956 -1.113980682204
   957 -1.113980682204
   958 -1.113980682204
   959 -1.113980682204
   960 -1.113980682204
   961 -1.113980682204
   962 -1.113980682204
   963 -1.113980682204
   964 -1.113980682204
   965 -1.113980682204
   966 -1.113980682204
   967 -1.113980682204
   968 -1.113980682204
   969 -1.113980682204
   970 -1.113980682204
   971 -1.113980682204
   972 -1.113980682204
   973 -1.113980682204
   974 -1.113980682204
   975 -1.113980682204
   976 -1.113980682204
   977 -1.113980682204
   978 -1.113980682204
   979 -1.113980682204
   980 -1.113980682204
   981 -1.113980682204
   982 -1.113980682204
   983 -1.113980682204
   984 -1.113980682204
   985 -1.113980682204
   986 -1.113980682204
   987 -1.113980682204
   988 -1.113980682204
   989 -1.113980682204
   990 -1.113980682204
   991 -1.113980682204
   992 -1.113980682204
   993 -1.113980682204
   994 -1.113980682204
   995 -1.113980682204
   996 -1.113980682204
   997 -1.113980682204
   998 -1.113980682204
   999 -1.113980682204
  1000 -1.113980682204
  1001 -1.113980682204
  1002 -1.113980682204
  1003 -1.113980682204
  1004 -1.113980682204
  1005 -1.113980682204
  1006 -1.113980682204
  1007 -1.113980682204
  1008 -1.113980682204
  1009 -1.113980682204
  1010 -1.113980682204
  1011 -1.113980682204
  1012 -1.113980682204
  1013 -1.113980682204
  1014 -1.113980682204
  1015 -1.113980682204
  1016 -1.113980682204
  1017 -1.113980682204
  1018 -1.113980682204
  1019 -1.113980682204
  1020 -1.113980682204
  1021 -1.113980682204
  1022 -1.113980682204
  1023 -1.113980682204
  1024 -1.113980682204
  1025 -1.113980682204
  1026 -1.113980682204
  1027 -1.113980682204
  1028 -1.113980682204
  1029 -1.113980682204
  1030 -1.113980682204
  1031 -1.113980682204
  1032 -1.113980682204
  1033 -1.113980682204
  1034 -1.113980682204
  1035 -1.113980682204
  1036 -1.113980682204
  1037 -1.113980682204
  1038 -1.113980682204
  1039 -1.113980682204
  1040 -1.113980682204
  1041 -1.113980682204
  1042 -1.113980682204
  1043 -1.113980682204
  1044 -1.113980682204
  1045 -1.113980682204
  1046 -1.113980682204
  1047 -1.113980682204
  1048 -1.113980682204
  1049 -1.113980682204
  1050 -1.113980682204
  1051 -1.113980682204
  1052 -1.113980682204
  1053 -1.113980682204
  1054 -1.113980682204
  1055 -1.113980682204
  1056 -1.113980682204
  1057 -1.113980682204
  1058 -1.113980682204
  1059 -1.113980682204
  1060 -1.113980682204
  1061 -1.113980682204
  1062 -1.113980682204
  1063 -1.113980682204
  1064 -1.113980682204
  1065 -1.113980682204
  1066 -1.113980682204
  1067 -1.113980682204
  1068 -1.113980682204
  1069 -1.113980682204
  1070 -1.113980682204
  1071 -1.113980682204
  1072 -1.113980682204
  1073 -1.113980682204
  1074 -1.113980682204
  1075 -1.113980682204
  1076 -1.113980682204
  1077 -1.113980682204
  1078 -1.113980682204
  1079 -1.113980682204
  1080 -1.113980682204
  1081 -1.113980682204
  1082 -1.113980682204
  1083 -1.113980682204
  1084 -1.113980682204
  1085 -1.113980682204
  1086 -1.113980682204
  1087 -1.113980682204
  1088 -1.113980682204
  1089 -1.113980682204
  1090 -1.113980682204
  1091 -1.113980682204
  1092 -1.113980682204
  1093 -1.113980682204
  1094 -1.113980682204
  1095 -1.113980682204
  1096 -1.113980682204
  1097 -1.113980682204
  1098 -1.113980682204
  1099 -1.113980682204
  1100 -1.113980682204
  1101 -1.113980682204
  1102 -1.113980682204
  1103 -1.113980682204
  1104 -1.113980682204
  1105 -1.113980682204
  1106 -1.113980682204
  1107 -1.113980682204
  1108 -1.113980682204
  1109 -1.113980682204
  1110 -1.113980682204
  1111 -1.113980682204
  1112 -1.113980682204
  1113 -1.113980682204
  1114 -1.113980682204
  1115 -1.113980682204
  1116 -1.113980682204
  1117 -1.113980682204
  1118 -1.113980682204
  1119 -1.113980682204
  1120 -1.113980682204
  1121 -1.113980682204
  1122 -1.113980682204
  1123 -1.113980682204
  1124 -1.113980682204
  1125 -1.113980682204
  1126 -1.113980682204
  1127 -1.113980682204
  1128 -1.113980682204
  1129 -1.113980682204
  1130 -1.113980682204
  1131 -1.113980682204
  1132 -1.113980682204
  1133 -1.113980682204
  1134 -1.113980682204
  1135 -1.113980682204
  1136 -1.113980682204
  1137 -1.113980682204
  1138 -1.113980682204
  1139 -1.113980682204
  1140 -1.113980682204
  1141 -1.113980682204
  1142 -1.113980682204
  1143 -1.113980682204
  1144 -1.113980682204
  1145 -1.113980682204
  1146 -1.113980682204
  1147 -1.113980682204
  1148 -1.113980682204
  1149 -1.113980682204
  1150 -1.113980682204
  1151 -1.113980682204
  1152 -1.113980682204
  1153 -1.113980682204
  1154 -1.113980682204
  1155 -1.113980682204
  1156 -1.113980682204
  1157 -1.113980682204
  1158 -1.113980682204
  1159 -1.113980682204
  1160 -1.113980682204
  1161 -1.113980682204
  1162 -1.113980682204
  1163 -1.113980682204
  1164 -1.113980682204
  1165 -1.113980682204
  1166 -1.113980682204
  1167 -1.113980682204
  1168 -1.113980682204
  1169 -1.113980682204
  1170 -1.113980682204
  1171 -1.113980682204
  1172 -1.113980682204
  1173 -1.113980682204
  1174 -1.113980682204
  1175 -1.113980682204
  1176 -1.113980682204
  1177 -1.113980682204
  1178 -1.113980682204
  1179 -1.113980682204
  1180 -1.113980682204
  1181 -1.113980682204
  1182 -1.113980682204
  1183 -1.113980682204
  1184 -1.113980682204
  1185 -1.113980682204
  1186 -1.113980682204
  1187 -1.113980682204
  1188 -1.113980682204
  1189 -1.113980682204
  1190 -1.113980682204
  1191 -1.113980682204
  1192 -1.113980682204
  1193 -1.113980682204
  1194 -1.113980682204
  1195 -1.113980682204
  1196 -1.113980682204
  1197 -1.113980682204
  1198 -1.113980682204
  1199 -1.113980682204
  1200 -1.113980682204
  1201 -1.113980682204
  1202 -1.113980682204
  1203 -1.113980682204
  1204 -1.113980682204
  1205 -1.113980682204
  1206 -1.113980682204
  1207 -1.113980682204
  1208 -1.113980682204
  1209 -1.113980682204
  1210 -1.113980682204
  1211 -1.113980682204
  1212 -1.113980682204
  1213 -1.113980682204
  1214 -1.113980682204
  1215 -1.113980682204
  1216 -1.113980682204
  1217 -1.113980682204
  1218 -1.113980682204
  1219 -1.113980682204
  1220 -1.113980682204
  1221 -1.113980682204
  1222 -1.113980682204
  1223 -1.113980682204
  1224 -1.113980682204
  1225 -1.113980682204
  1226 -1.113980682204
  1227 -1.113980682204
  1228 -1.113980682204
  1229 -1.113980682204
  1230 -1.113980682204
  1231 -1.113980682204
  1232 -1.113980682204
  1233 -1.113980682204
  1234 -1.113980682204
  1235 -1.113980682204
  1236 -1.113980682204
  1237 -1.113980682204
  1238 -1.113980682204
  1239 -1.113980682204
  1240 -1.113980682204
  1241 -1.113980682204
  1242 -1.113980682204
  1243 -1.113980682204
  1244 -1.113980682204
  1245 -1.113980682204
  1246 -1.113980682204
  1247 -1.113980682204
  1248 -1.113980682204
  1249 -1.113980682204
  1250 -1.113980682204
  1251 -1.113980682204
  1252 -1.113980682204
  1253 -1.113980682204
  1254 -1.113980682204
  1255 -1.113980682204
  1256 -1.113980682204
  1257 -1.113980682204
  1258 -1.113980682204
  1259 -1.113980682204
  1260 -1.113980682204
  1261 -1.113980682204
  1262 -1.113980682204
  1263 -1.113980682204
  1264 -1.113980682204
  1265 -1.113980682204
  1266 -1.113980682204
  1267 -1.113980682204
  1268 -1.113980682204
  1269 -1.113980682204
  1270 -1.113980682204
  1271 -1.113980682204
  1272 -1.113980682204
  1273 -1.113980682204
  1274 -1.113980682204
  1275 -1.113980682204
  1276 -1.113980682204
  1277 -1.113980682204
  1278 -1.113980682204
  1279 -1.113980682204
  1280 -1.113980682204
  1281 -1.113980682204
  1282 -1.113980682204
  1283 -1.113980682204
  1284 -1.113980682204
  1285 -1.113980682204
  1286 -1.113980682204
  1287 -1.113980682204
  1288 -1.113980682204
  1289 -1.113980682204
  1290 -1.113980682204
  1291 -1.113980682204
  1292 -1.113980682204
  1293 -1.113980682204
  1294 -1.113980682204
  1295 -1.113980682204
  1296 -1.113980682204
  1297 -1.113980682204
  1298 -1.113980682204
  1299 -1.113980682204
  1300 -1.113980682204
  1301 -1.113980682204
  1302 -1.113980682204
  1303 -1.113980682204
  1304 -1.113980682204
  1305 -1.113980682204
  1306 -1.113980682204
  1307 -1.113980682204
  1308 -1.113980682204
  1309 -1.113980682204
  1310 -1.113980682204
  1311 -1.113980682204
  1312 -1.113980682204
  1313 -1.113980682204
  1314 -1.113980682204
  1315 -1.113980682204
  1316 -1.113980682204
  1317 -1.113980682204
  1318 -1.113980682204
  1319 -1.113980682204
  1320 -1.113980682204
  1321 -1.113980682204
  1322 -1.113980682204
  1323 -1.113980682204
  1324 -1.113980682204
  1325 -1.113980682204
  1326 -1.113980682204
  1327 -1.113980682204
  1328 -1.113980682204
  1329 -1.113980682204
  1330 -1.113980682204
  1331 -1.113980682204
  1332 -1.113980682204
  1333 -1.113980682204
  1334 -1.113980682204
  1335 -1.113980682204
  1336 -1.113980682204
  1337 -1.113980682204
  1338 -1.113980682204
  1339 -1.113980682204
  1340 -1.113980682204
  1341 -1.113980682204
  1342 -1.113980682204
  1343 -1.113980682204
  1344 -1.113980682204
  1345 -1.113980682204
  1346 -1.113980682204
  1347 -1.113980682204
  1348 -1.113980682204
  1349 -1.113980682204
  1350 -1.113980682204
  1351 -1.113980682204
  1352 -1.113980682204
  1353 -1.113980682204
  1354 -1.113980682204
  1355 -1.113980682204
  1356 -1.113980682204
  1357 -1.113980682204
  1358 -1.113980682204
  1359 -1.113980682204
  1360 -1.113980682204
  1361 -1.113980682204
  1362 -1.113980682204
  1363 -1.113980682204
  1364 -1.113980682204
  1365 -1.113980682204
  1366 -1.113980682204
  1367 -1.113980682204
  1368 -1.113980682204
  1369 -1.113980682204
  1370 -1.113980682204
  1371 -1.113980682204
  1372 -1.113980682204
  1373 -1.113980682204
  1374 -1.113980682204
  1375 -1.113980682204
  1376 -1.113980682204
  1377 -1.113980682204
  1378 -1.113980682204
  1379 -1.113980682204
  1380 -1.113980682204
  1381 -1.113980682204
  1382 -1.113980682204
  1383 -1.113980682204
  1384 -1.113980682204
  1385 -1.113980682204
  1386 -1.113980682204
  1387 -1.113980682204
  1388 -1.113980682204
  1389 -1.113980682204
  1390 -1.113980682204
  1391 -1.113980682204
  1392 -1.113980682204
  1393 -1.113980682204
  1394 -1.113980682204
  1395 -1.113980682204
  1396 -1.113980682204
  1397 -1.113980682204
  1398 -1.113980682204
  1399 -1.113980682204
  1400 -1.113980682204
  1401 -1.113980682204
  1402 -1.113980682204
  1403 -1.113980682204
  1404 -1.113980682204
  1405 -1.113980682204
  1406 -1.113980682204
  1407 -1.113980682204
  1408 -1.113980682204
  1409 -1.113980682204
  1410 -1.113980682204
  1411 -1.113980682204
  1412 -1.113980682204
  1413 -1.113980682204
  1414 -1.113980682204
  1415 -1.113980682204
  1416 -1.113980682204
  1417 -1.113980682204
  1418 -1.113980682204
  1419 -1.113980682204
  1420 -1.113980682204
  1421 -1.113980682204
  1422 -1.113980682204
  1423 -1.113980682204
  1424 -1.113980682204
  1425 -1.113980682204
  1426 -1.113980682204
  1427 -1.113980682204
  1428 -1.113980682204
  1429 -1.113980682204
  1430 -1.113980682204
  1431 -1.113980682204
  1432 -1.113980682204
  1433 -1.113980682204
  1434 -1.113980682204
  1435 -1.113980682204
  1436 -1.113980682204
  1437 -1.113980682204
  1438 -1.113980682204
  1439 -1.113980682204
  1440 -1.113980682204
  1441 -1.113980682204
  1442 -1.113980682204
  1443 -1.113980682204
  1444 -1.113980682204
  1445 -1.113980682204
  1446 -1.113980682204
  1447 -1.113980682204
  1448 -1.113980682204
  1449 -1.113980682204
  1450 -1.113980682204
  1451 -1.113980682204
  1452 -1.113980682204
  1453 -1.113980682204
  1454 -1.113980682204
  1455 -1.113980682204
  1456 -1.113980682204
  1457 -1.113980682204
  1458 -1.113980682204
  1459 -1.113980682204
  1460 -1.113980682204
  1461 -1.113980682204
  1462 -1.113980682204
  1463 -1.113980682204
  1464 -1.113980682204
  1465 -1.113980682204
  1466 -1.113980682204
  1467 -1.113980682204
  1468 -1.113980682204
  1469 -1.113980682204
  1470 -1.113980682204
  1471 -1.113980682204
  1472 -1.113980682204
  1473 -1.113980682204
  1474 -1.113980682204
  1475 -1.113980682204
  1476 -1.113980682204
  1477 -1.113980682204
  1478 -1.113980682204
  1479 -1.113980682204
  1480 -1.113980682204
  1481 -1.113980682204
  1482 -1.113980682204
  1483 -1.113980682204
  1484 -1.113980682204
  1485 -1.113980682204
  1486 -1.113980682204
  1487 -1.113980682204
  1488 -1.113980682204
  1489 -1.113980682204
  1490 -1.113980682204
  1491 -1.113980682204
  1492 -1.113980682204
  1493 -1.113980682204
  1494 -1.113980682204
  1495 -1.113980682204
  1496 -1.113980682204
  1497 -1.113980682204
  1498 -1.113980682204
  1499 -1.113980682204
  1500 -1.113980682204
  1501 -1.113980682204
  1502 -1.113980682204
  1503 -1.113980682204
  1504 -1.113980682204
  1505 -1.113980682204
  1506 -1.113980682204
  1507 -1.113980682204
  1508 -1.113980682204
  1509 -1.113980682204
  1510 -1.113980682204
  1511 -1.113980682204
  1512 -1.113980682204
  1513 -1.113980682204
  1514 -1.113980682204
  1515 -1.113980682204
  1516 -1.113980682204
  1517 -1.113980682204
  1518 -1.113980682204
  1519 -1.113980682204
  1520 -1.113980682204
  1521 -1.113980682204
  1522 -1.113980682204
  1523 -1.113980682204
  1524 -1.113980682204
  1525 -1.113980682204
  1526 -1.113980682204
  1527 -1.113980682204
  1528 -1.113980682204
  1529 -1.113980682204
  1530 -1.113980682204
  1531 -1.113980682204
  1532 -1.113980682204
  1533 -1.113980682204
  1534 -1.113980682204
  1535 -1.113980682204
  1536 -1.113980682204
  1537 -1.113980682204
  1538 -1.113980682204
  1539 -1.113980682204
  1540 -1.113980682204
  1541 -1.113980682204
  1542 -1.113980682204
  1543 -1.113980682204
  1544 -1.113980682204
  1545 -1.113980682204
  1546 -1.113980682204
  1547 -1.113980682204
  1548 -1.113980682204
  1549 -1.113980682204
  1550 -1.113980682204
  1551 -1.113980682204
  1552 -1.113980682204
  1553 -1.113980682204
  1554 -1.113980682204
  1555 -1.113980682204
  1556 -1.113980682204
  1557 -1.113980682204
  1558 -1.113980682204
  1559 -1.113980682204
  1560 -1.113980682204
  1561 -1.113980682204
  1562 -1.113980682204
  1563 -1.113980682204
  1564 -1.113980682204
  1565 -1.113980682204
  1566 -1.113980682204
  1567 -1.113980682204
  1568 -1.113980682204
  1569 -1.113980682204
  1570 -1.113980682204
  1571 -1.113980682204
  1572 -1.113980682204
  1573 -1.113980682204
  1574 -1.113980682204
  1575 -1.113980682204
  1576 -1.113980682204
  1577 -1.113980682204
  1578 -1.113980682204
  1579 -1.113980682204
  1580 -1.113980682204
  1581 -1.113980682204
  1582 -1.113980682204
  1583 -1.113980682204
  1584 -1.113980682204
  1585 -1.113980682204
  1586 -1.113980682204
  1587 -1.113980682204
  1588 -1.113980682204
  1589 -1.113980682204
  1590 -1.113980682204
  1591 -1.113980682204
  1592 -1.113980682204
  1593 -1.113980682204
  1594 -1.113980682204
  1595 -1.113980682204
  1596 -1.113980682204
  1597 -1.113980682204
  1598 -1.113980682204
  1599 -1.113980682204
  1600 -1.113980682204
  1601 -1.113980682204
  1602 -1.113980682204
  1603 -1.113980682204
  1604 -1.113980682204
  1605 -1.113980682204
  1606 -1.113980682204
  1607 -1.113980682204
  1608 -1.113980682204
  1609 -1.113980682204
  1610 -1.113980682204
  1611 -1.113980682204
  1612 -1.113980682204
  1613 -1.113980682204
  1614 -1.113980682204
  1615 -1.113980682204
  1616 -1.113980682204
  1617 -1.113980682204
  1618 -1.113980682204
  1619 -1.113980682204
  1620 -1.113980682204
  1621 -1.113980682204
  1622 -1.113980682204
  1623 -1.113980682204
  1624 -1.113980682204
  1625 -1.113980682204
  1626 -1.113980682204
  1627 -1.113980682204
  1628 -1.113980682204
  1629 -1.113980682204
  1630 -1.113980682204
  1631 -1.113980682204
  1632 -1.113980682204
  1633 -1.113980682204
  1634 -1.113980682204
  1635 -1.113980682204
  1636 -1.113980682204
  1637 -1.113980682204
  1638 -1.113980682204
  1639 -1.113980682204
  1640 -1.113980682204
  1641 -1.113980682204
  1642 -1.113980682204
  1643 -1.113980682204
  1644 -1.113980682204
  1645 -1.113980682204
  1646 -1.113980682204
  1647 -1.113980682204
  1648 -1.113980682204
  1649 -1.113980682204
  1650 -1.113980682204
  1651 -1.113980682204
  1652 -1.113980682204
  1653 -1.113980682204
  1654 -1.113980682204
  1655 -1.113980682204
  1656 -1.113980682204
  1657 -1.113980682204
  1658 -1.113980682204
  1659 -1.113980682204
  1660 -1.113980682204
  1661 -1.113980682204
  1662 -1.113980682204
  1663 -1.113980682204
  1664 -1.113980682204
  1665 -1.113980682204
  1666 -1.113980682204
  1667 -1.113980682204
  1668 -1.113980682204
  1669 -1.113980682204
  1670 -1.113980682204
  1671 -1.113980682204
  1672 -1.113980682204
  1673 -1.113980682204
  1674 -1.113980682204
  1675 -1.113980682204
  1676 -1.113980682204
  1677 -1.113980682204
  1678 -1.113980682204
  1679 -1.113980682204
  1680 -1.113980682204
  1681 -1.113980682204
  1682 -1.113980682204
  1683 -1.113980682204
  1684 -1.113980682204
  1685 -1.113980682204
  1686 -1.113980682204
  1687 -1.113980682204
  1688 -1.113980682204
  1689 -1.113980682204
  1690 -1.113980682204
  1691 -1.113980682204
  1692 -1.113980682204
  1693 -1.113980682204
  1694 -1.113980682204
  1695 -1.113980682204
  1696 -1.113980682204
  1697 -1.113980682204
  1698 -1.113980682204
  1699 -1.113980682204
  1700 -1.113980682204
  1701 -1.113980682204
  1702 -1.113980682204
  1703 -1.113980682204
  1704 -1.113980682204
  1705 -1.113980682204
  1706 -1.113980682204
  1707 -1.113980682204
  1708 -1.113980682204
  1709 -1.113980682204
  1710 -1.113980682204
  1711 -1.113980682204
  1712 -1.113980682204
  1713 -1.113980682204
  1714 -1.113980682204
  1715 -1.113980682204
  1716 -1.113980682204
  1717 -1.113980682204
  1718 -1.113980682204
  1719 -1.113980682204
  1720 -1.113980682204
  1721 -1.113980682204
  1722 -1.113980682204
  1723 -1.113980682204
  1724 -1.113980682204
  1725 -1.113980682204
  1726 -1.113980682204
  1727 -1.113980682204
  1728 -1.113980682204
  1729 -1.113980682204
  1730 -1.113980682204
  1731 -1.113980682204
  1732 -1.113980682204
  1733 -1.113980682204
  1734 -1.113980682204
  1735 -1.113980682204
  1736 -1.113980682204
  1737 -1.113980682204
  1738 -1.113980682204
  1739 -1.113980682204
  1740 -1.113980682204
  1741 -1.113980682204
  1742 -1.113980682204
  1743 -1.113980682204
  1744 -1.113980682204
  1745 -1.113980682204
  1746 -1.113980682204
  1747 -1.113980682204
  1748 -1.113980682204
  1749 -1.113980682204
  1750 -1.113980682204
  1751 -1.113980682204
  1752 -1.113980682204
  1753 -1.113980682204
  1754 -1.113980682204
  1755 -1.113980682204
  1756 -1.113980682204
  1757 -1.113980682204
  1758 -1.113980682204
  1759 -1.113980682204
  1760 -1.113980682204
  1761 -1.113980682204
  1762 -1.113980682204
  1763 -1.113980682204
  1764 -1.113980682204
  1765 -1.113980682204
  1766 -1.113980682204
  1767 -1.113980682204
  1768 -1.113980682204
  1769 -1.113980682204
  1770 -1.113980682204
  1771 -1.113980682204
  1772 -1.113980682204
  1773 -1.113980682204
  1774 -1.113980682204
  1775 -1.113980682204
  1776 -1.113980682204
  1777 -1.113980682204
  1778 -1.113980682204
  1779 -1.113980682204
  1780 -1.113980682204
  1781 -1.113980682204
  1782 -1.113980682204
  1783 -1.113980682204
  1784 -1.113980682204
  1785 -1.113980682204
  1786 -1.113980682204
  1787 -1.113980682204
  1788 -1.113980682204
  1789 -1.113980682204
  1790 -1.113980682204
  1791 -1.113980682204
  1792 -1.113980682204
  1793 -1.113980682204
  1794 -1.113980682204
  1795 -1.113980682204
  1796 -1.113980682204
  1797 -1.113980682204
  1798 -1.113980682204
  1799 -1.113980682204
  1800 -1.113980682204
  1801 -1.113980682204
  1802 -1.113980682204
  1803 -1.113980682204
  1804 -1.113980682204
  1805 -1.113980682204
  1806 -1.113980682204
  1807 -1.113980682204
  1808 -1.113980682204
  1809 -1.113980682204
  1810 -1.113980682204
  1811 -1.113980682204
  1812 -1.113980682204
  1813 -1.113980682204
  1814 -1.113980682204
  1815 -1.113980682204
  1816 -1.113980682204
  1817 -1.113980682204
  1818 -1.113980682204
  1819 -1.113980682204
  1820 -1.113980682204
  1821 -1.113980682204
  1822 -1.113980682204
  1823 -1.113980682204
  1824 -1.113980682204
  1825 -1.113980682204
  1826 -1.113980682204
  1827 -1.113980682204
  1828 -1.113980682204
  1829 -1.113980682204
  1830 -1.113980682204
  1831 -1.113980682204
  1832 -1.113980682204
  1833 -1.113980682204
  1834 -1.113980682204
  1835 -1.113980682204
  1836 -1.113980682204
  1837 -1.113980682204
  1838 -1.113980682204
  1839 -1.113980682204
  1840 -1.113980682204
  1841 -1.113980682204
  1842 -1.113980682204
  1843 -1.113980682204
  1844 -1.113980682204
  1845 -1.113980682204
  1846 -1.113980682204
  1847 -1.113980682204
  1848 -1.113980682204
  1849 -1.113980682204
  1850 -1.113980682204
  1851 -1.113980682204
  1852 -1.113980682204
  1853 -1.113980682204
  1854 -1.113980682204
  1855 -1.113980682204
  1856 -1.113980682204
  1857 -1.113980682204
  1858 -1.113980682204
  1859 -1.113980682204
  1860 -1.113980682204
  1861 -1.113980682204
  1862 -1.113980682204
  1863 -1.113980682204
  1864 -1.113980682204
  1865 -1.113980682204
  1866 -1.113980682204
  1867 -1.113980682204
  1868 -1.113980682204
  1869 -1.113980682204
  1870 -1.113980682204
  1871 -1.113980682204
  1872 -1.113980682204
  1873 -1.113980682204
  1874 -1.113980682204
  1875 -1.113980682204
  1876 -1.113980682204
  1877 -1.113980682204
  1878 -1.113980682204
  1879 -1.113980682204
  1880 -1.113980682204
  1881 -1.113980682204
  1882 -1.113980682204
  1883 -1.113980682204
  1884 -1.113980682204
  1885 -1.113980682204
  1886 -1.113980682204
  1887 -1.113980682204
  1888 -1.113980682204
  1889 -1.113980682204
  1890 -1.113980682204
  1891 -1.113980682204
  1892 -1.113980682204
  1893 -1.113980682204
  1894 -1.113980682204
  1895 -1.113980682204
  1896 -1.113980682204
  1897 -1.113980682204
  1898 -1.113980682204
  1899 -1.113980682204
  1900 -1.113980682204
  1901 -1.113980682204
  1902 -1.113980682204
  1903 -1.113980682204
  1904 -1.113980682204
  1905 -1.113980682204
  1906 -1.113980682204
  1907 -1.113980682204
  1908 -1.113980682204
  1909 -1.113980682204
  1910 -1.113980682204
  1911 -1.113980682204
  1912 -1.113980682204
  1913 -1.113980682204
  1914 -1.113980682204
  1915 -1.113980682204
  1916 -1.113980682204
  1917 -1.113980682204
  1918 -1.113980682204
  1919 -1.113980682204
  1920 -1.113980682204
  1921 -1.113980682204
  1922 -1.113980682204
  1923 -1.113980682204
  1924 -1.113980682204
  1925 -1.113980682204
  1926 -1.113980682204
  1927 -1.113980682204
  1928 -1.113980682204
  1929 -1.113980682204
  1930 -1.113980682204
  1931 -1.113980682204
  1932 -1.113980682204
  1933 -1.113980682204
  1934 -1.113980682204
  1935 -1.113980682204
  1936 -1.113980682204
  1937 -1.113980682204
  1938 -1.113980682204
  1939 -1.113980682204
  1940 -1.113980682204
  1941 -1.113980682204
  1942 -1.113980682204
  1943 -1.113980682204
  1944 -1.113980682204
  1945 -1.113980682204
  1946 -1.113980682204
  1947 -1.113980682204
  1948 -1.113980682204
  1949 -1.113980682204
  1950 -1.113980682204
  1951 -1.113980682204
  1952 -1.113980682204
  1953 -1.113980682204
  1954 -1.113980682204
  1955 -1.113980682204
  1956 -1.113980682204
  1957 -1.113980682204
  1958 -1.113980682204
  1959 -1.113980682204
  1960 -1.113980682204
  1961 -1.113980682204
  1962 -1.113980682204
  1963 -1.113980682204
  1964 -1.113980682204
  1965 -1.113980682204
  1966 -1.113980682204
  1967 -1.113980682204
  1968 -1.113980682204
  1969 -1.113980682204
  1970 -1.113980682204
  1971 -1.113980682204
  1972 -1.113980682204
  1973 -1.113980682204
  1974 -1.113980682204
  1975 -1.113980682204
  1976 -1.113980682204
  1977 -1.113980682204
  1978 -1.113980682204
  1979 -1.113980682204
  1980 -1.113980682204
  1981 -1.113980682204
  1982 -1.113980682204
  1983 -1.113980682204
  1984 -1.113980682204
  1985 -1.113980682204
  1986 -1.113980682204
  1987 -1.113980682204
  1988 -1.113980682204
  1989 -1.113980682204
  1990 -1.113980682204
  1991 -1.113980682204
  1992 -1.113980682204
  1993 -1.113980682204
  1994 -1.113980682204
  1995 -1.113980682204
  1996 -1.113980682204
  1997 -1.113980682204
  1998 -1.113980682204
  1999 -1.113980682204
  2000 -1.113980682204
