     1 -0.912038468751
     2 -0.981876484116
     3 -0.995157954405
     4 -1.001061365919
     5 -1.003926842434
     6 -1.005260959388
     7 -1.005891051418
     8 -1.006204357520
     9 -1.006371100040
    10 -1.006467852329
    11 -1.006530176591
    12 -1.006575076819
    13 -1.006610901969
    14 -1.006641858350
    15 -1.006670119474
    16 -1.006696835014
    17 -1.006722621931
    18 -1.006747808402
    19 -1.006772557781
    20 -1.006796933800
    21 -1.006820936828
    22 -1.006844525646
    23 -1.006867632034
    24 -1.006890171554
    25 -1.006912052193
    26 -1.006933181533
    27 -1.006953472691
    28 -1.006972849045
    29 -1.006991247732
    30 -1.007008621881
    31 -1.007024941662
    32 -1.007040194250
    33 -1.007054382889
    34 -1.007067525264
    35 -1.007079651414
    36 -1.007090801406
    37 -1.007101022952
    38 -1.007110369132
    39 -1.007118896322
    40 -1.007126662389
    41 -1.007133725203
    42 -1.007140141443
    43 -1.007145965704
    44 -1.007151249854
    45 -1.007156042613
    46 -1.007160389324
    47 -1.007164331852
    48 -1.007167908614
    49 -1.007171154672
    50 -1.007174101891
    51 -1.127843506063
    52 -0.996007614449
    53 -0.998566281981
    54 -1.001752475764
    55 -1.003744279919
    56 -1.004831011384
    57 -1.005566270022
    58 -1.006037960510
    59 -1.006371996926
    60 -1.006607731376
    61 -1.006776907528
    62 -1.006898111254
    63 -1.006984761716
    64 -1.007046510914
    65 -1.007090424889
    66 -1.007121641315
    67 -1.007143860026
    68 -1.007159722355
    69 -1.007171100590
    70 -1.007179314560
    71 -1.007185291206
    72 -1.007189680173
    73 -1.007192936604
    74 -1.007195379841
    75 -1.007197234554
    76 -1.007198659516
    77 -1.007199767527
    78 -1.007200639276
    79 -1.007201332938
    80 -1.007201890804
    81 -1.007202343936
    82 -1.007202715358
    83 -1.007203022325
    84 -1.007203277916
    85 -1.007203492143
    86 -1.007203672767
    87 -1.007203825854
    88 -1.007203956206
    89 -1.007204067659
    90 -1.007204163301
    91 -1.007204245644
    92 -1.007204316745
    93 -1.007204378301
    94 -1.007204431720
    95 -1.007204478180
    96 -1.007204518670
    97 -1.007204554019
    98 -1.007204584936
    99 -1.007204612020
   100 -1.007204635781
   101 -1.092413089312
   102 -0.990502703624
   103 -0.994930431796
   104 -0.999396002270
   105 -1.002009513703
   106 -1.003577958364
   107 -1.004614382369
   108 -1.005320258421
   109 -1.005820148003
   110 -1.006177602374
   111 -1.006437109669
   112 -1.006626763373
   113 -1.006765171894
   114 -1.006865700225
   115 -1.006938558584
   116 -1.006991578612
   117 -1.007030594878
   118 -1.007059798924
   119 -1.007082115786
   120 -1.007099551466
   121 -1.007113473530
   122 -1.007124817235
   123 -1.007134228490
   124 -1.007142159712
   125 -1.007148933146
   126 -1.007154782534
   127 -1.007159880682
   128 -1.007164357836
   129 -1.007168314067
   130 -1.007171827715
   131 -1.007174961219
   132 -1.007177765188
   133 -1.007180281285
   134 -1.007182544279
   135 -1.007184583552
   136 -1.007186424202
   137 -1.007188087856
   138 -1.007189593308
   139 -1.007190956989
   140 -1.007192193349
   141 -1.007193315153
   142 -1.007194333727
   143 -1.007195259146
   144 -1.007196100400
   145 -1.007196865537
   146 -1.007197561770
   147 -1.007198195571
   148 -1.007198772767
   149 -1.007199298603
   150 -1.007199777811
   151 -1.099637836112
   152 -0.995457206451
   153 -0.998246251842
   154 -1.001364165234
   155 -1.003253085831
   156 -1.004429220961
   157 -1.005220033888
   158 -1.005781671968
   159 -1.006187665092
   160 -1.006480071290
   161 -1.006687498436
   162 -1.006832636161
   163 -1.006933326959
   164 -1.007003071180
   165 -1.007051653267
   166 -1.007085925184
   167 -1.007110556773
   168 -1.007128666544
   169 -1.007142310730
   170 -1.007152839454
   171 -1.007161143251
   172 -1.007167816928
   173 -1.007173265467
   174 -1.007177771143
   175 -1.007181535829
   176 -1.007184707661
   177 -1.007187398018
   178 -1.007189692498
   179 -1.007191658159
   180 -1.007193348403
   181 -1.007194806361
   182 -1.007196067272
   183 -1.007197160223
   184 -1.007198109421
   185 -1.007198935161
   186 -1.007199654558
   187 -1.007200282125
   188 -1.007200830220
   189 -1.007201309409
   190 -1.007201728756
   191 -1.007202096056
   192 -1.007202418032
   193 -1.007202700494
   194 -1.007202948471
   195 -1.007203166328
   196 -1.007203357851
   197 -1.007203526334
   198 -1.007203674645
   199 -1.007203805283
   200 -1.007203920425
   201 -1.100341542628
   202 -0.990761101102
   203 -0.995739970942
   204 -1.000223846778
   205 -1.002864079898
   206 -1.004448492423
   207 -1.005423991449
   208 -1.006032918884
   209 -1.006415856574
   210 -1.006657853100
   211 -1.006812961934
   212 -1.006914640209
   213 -1.006983280994
   214 -1.007031186958
   215 -1.007065778040
   216 -1.007091566715
   217 -1.007111342449
   218 -1.007126870248
   219 -1.007139299295
   220 -1.007149401773
   221 -1.007157713579
   222 -1.007164618259
   223 -1.007170398152
   224 -1.007175266296
   225 -1.007179386905
   226 -1.007182888875
   227 -1.007185874948
   228 -1.007188428102
   229 -1.007190616101
   230 -1.007192494798
   231 -1.007194110602
   232 -1.007195502332
   233 -1.007196702628
   234 -1.007197739070
   235 -1.007198635040
   236 -1.007199410426
   237 -1.007200082181
   238 -1.007200664792
   239 -1.007201170643
   240 -1.007201610346
   241 -1.007201993000
   242 -1.007202326409
   243 -1.007202617275
   244 -1.007202871359
   245 -1.007203093610
   246 -1.007203288285
   247 -1.007203459049
   248 -1.007203609056
   249 -1.007203741024
   250 -1.007203857297
   251 -1.128047518858
   252 -0.996852249173
   253 -0.999075073270
   254 -1.002456573597
   255 -1.004488128143
   256 -1.005642430995
   257 -1.006293697184
   258 -1.006662898351
   259 -1.006874695603
   260 -1.006998151182
   261 -1.007071527581
   262 -1.007116149518
   263 -1.007143991156
   264 -1.007161847423
   265 -1.007173627155
   266 -1.007181617484
   267 -1.007187183123
   268 -1.007191156424
   269 -1.007194057075
   270 -1.007196217476
   271 -1.007197855443
   272 -1.007199117095
   273 -1.007200102662
   274 -1.007200882333
   275 -1.007201506188
   276 -1.007202010570
   277 -1.007202422252
   278 -1.007202761229
   279 -1.007203042610
   280 -1.007203277940
   281 -1.007203476131
   282 -1.007203644123
   283 -1.007203787368
   284 -1.007203910185
   285 -1.007204016022
   286 -1.007204107651
   287 -1.007204187320
   288 -1.007204256859
   289 -1.007204317772
   290 -1.007204371304
   291 -1.007204418488
   292 -1.007204460190
   293 -1.007204497135
   294 -1.007204529942
   295 -1.007204559132
   296 -1.007204585153
   297 -1.007204608388
   298 -1.007204629168
   299 -1.007204647779
   300 -1.007204664470
   301 -1.125629098671
   302 -0.994542581955
   303 -0.997258197567
   304 -1.000780833919
   305 -1.003229218919
   306 -1.004700269646
   307 -1.005646632751
   308 -1.006220630312
   309 -1.006565325837
   310 -1.006772754934
   311 -1.006899740100
   312 -1.006979503396
   313 -1.007031270090
   314 -1.007066167137
   315 -1.007090674632
   316 -1.007108607926
   317 -1.007122248010
   318 -1.007132985080
   319 -1.007141686103
   320 -1.007148906156
   321 -1.007155011141
   322 -1.007160249891
   323 -1.007164797150
   324 -1.007168779603
   325 -1.007172291922
   326 -1.007175406865
   327 -1.007178181746
   328 -1.007180662696
   329 -1.007182887542
   330 -1.007184887760
   331 -1.007186689894
   332 -1.007188316558
   333 -1.007189787193
   334 -1.007191118632
   335 -1.007192325539
   336 -1.007193420762
   337 -1.007194415610
   338 -1.007195320065
   339 -1.007196142987
   340 -1.007196892249
   341 -1.007197574876
   342 -1.007198197143
   343 -1.007198764676
   344 -1.007199282529
   345 -1.007199755243
   346 -1.007200186911
   347 -1.007200581229
   348 -1.007200941535
   349 -1.007201270851
   350 -1.007201571916
   351 -1.007201847210
   352 -1.007202098986
   353 -1.007202329295
   354 -1.007202539997
   355 -1.007202732787
   356 -1.007202909208
   357 -1.007203070668
   358 -1.007203218449
   359 -1.007203353720
   360 -1.007203477549
   361 -1.007203590911
   362 -1.007203694696
   363 -1.007203789717
   364 -1.007203876719
   365 -1.007203956380
   366 -1.007204029321
   367 -1.007204096112
   368 -1.007204157270
   369 -1.007204213274
   370 -1.007204264557
   371 -1.007204311518
   372 -1.007204354521
   373 -1.007204393901
   374 -1.007204429962
   375 -1.007204462984
   376 -1.007204493223
   377 -1.007204520914
   378 -1.007204546271
   379 -1.007204569491
   380 -1.007204590754
   381 -1.007204610224
   382 -1.007204628052
   383 -1.007204644378
   384 -1.007204659327
   385 -1.007204673015
   386 -1.007204685549
   387 -1.007204697025
   388 -1.007204707534
   389 -1.007204717156
   390 -1.007204725966
   391 -1.007204734033
   392 -1.007204741419
   393 -1.007204748181
   394 -1.007204754373
   395 -1.007204760041
   396 -1.007204765232
   397 -1.007204769984
   398 -1.007204774335
   399 -1.007204778318
   400 -1.007204781965
   401 -1.007204785303
   402 -1.007204788360
   403 -1.007204791159
   404 -1.007204793721
   405 -1.007204796066
   406 -1.007204798213
   407 -1.007204800179
   408 -1.007204801979
   409 -1.007204803626
   410 -1.007204805134
   411 -1.007204806515
   412 -1.007204807779
   413 -1.007204808936
   414 -1.007204809996
   415 -1.007204810965
   416 -1.007204811853
   417 -1.007204812666
   418 -1.007204813409
   419 -1.007204814090
   420 -1.007204814714
   421 -1.007204815284
   422 -1.007204815807
   423 -1.007204816285
   424 -1.007204816722
   425 -1.007204817123
   426 -1.007204817490
   427 -1.007204817826
   428 -1.007204818133
   429 -1.007204818414
   430 -1.007204818672
   431 -1.007204818907
   432 -1.007204819123
   433 -1.007204819321
   434 -1.007204819501
   435 -1.007204819667
   436 -1.007204819818
   437 -1.007204819957
   438 -1.007204820084
   439 -1.007204820200
   440 -1.007204820306
   441 -1.007204820404
   442 -1.007204820493
   443 -1.007204820574
   444 -1.007204820649
   445 -1.007204820717
   446 -1.007204820780
   447 -1.007204820837
   448 -1.007204820889
   449 -1.007204820937
   450 -1.007204820981
   451 -1.007204821021
   452 -1.007204821058
   453 -1.007204821092
   454 -1.007204821123
   455 -1.007204821151
   456 -1.007204821177
   457 -1.007204821200
   458 -1.007204821222
   459 -1.007204821242
   460 -1.007204821260
   461 -1.007204821277
   462 -1.007204821292
   463 -1.007204821306
   464 -1.007204821318
   465 -1.007204821330
   466 -1.007204821341
   467 -1.007204821350
   468 -1.007204821359
   469 -1.007204821367
   470 -1.007204821375
   471 -1.007204821382
   472 -1.007204821388
   473 -1.007204821394
   474 -1.007204821399
   475 -1.007204821404
   476 -1.007204821408
   477 -1.007204821412
   478 -1.007204821416
   479 -1.007204821419
   480 -1.007204821422
   481 -1.007204821425
   482 -1.007204821428
   483 -1.007204821430
   484 -1.007204821432
   485 -1.007204821434
   486 -1.007204821436
   487 -1.007204821438
   488 -1.007204821439
   489 -1.007204821441
   490 -1.007204821442
   491 -1.007204821443
   492 -1.007204821444
   493 -1.007204821445
   494 -1.007204821446
   495 -1.007204821447
   496 -1.007204821448
   497 -1.007204821448
   498 -1.007204821449
   499 -1.007204821450
   500 -1.007204821450
   501 -1.007204821451
   502 -1.007204821451
   503 -1.007204821451
   504 -1.007204821452
   505 -1.007204821452
   506 -1.007204821452
   507 -1.007204821453
   508 -1.007204821453
   509 -1.007204821453
   510 -1.007204821453
   511 -1.007204821454
   512 -1.007204821454
   513 -1.007204821454
   514 -1.007204821454
   515 -1.007204821454
   516 -1.007204821454
   517 -1.007204821454
   518 -1.007204821455
   519 -1.007204821455
   520 -1.007204821455
   521 -1.007204821455
   522 -1.007204821455
   523 -1.007204821455
   524 -1.007204821455
   525 -1.007204821455
   526 -1.007204821455
   527 -1.007204821455
   528 -1.007204821455
   529 -1.007204821455
   530 -1.007204821455
   531 -1.007204821455
   532 -1.007204821455
   533 -1.007204821455
   534 -1.007204821455
   535 -1.007204821455
   536 -1.007204821456
   537 -1.007204821456
   538 -1.007204821456
   539 -1.007204821456
   540 -1.007204821456
   541 -1.007204821456
   542 -1.007204821456
   543 -1.007204821456
   544 -1.007204821456
   545 -1.007204821456
   546 -1.007204821456
   547 -1.007204821456
   548 -1.007204821456
   549 -1.007204821456
   550 -1.007204821456
   551 -1.007204821456
   552 -1.007204821456
   553 -1.007204821456
   554 -1.007204821456
   555 -1.007204821456
   556 -1.007204821456
   557 -1.007204821456
   558 -1.007204821456
   559 -1.007204821456
   560 -1.007204821456
   561 -1.007204821456
   562 -1.007204821456
   563 -1.007204821456
   564 -1.007204821456
   565 -1.007204821456
   566 -1.007204821456
   567 -1.007204821456
   568 -1.007204821456
   569 -1.007204821456
   570 -1.007204821456
   571 -1.007204821456
   572 -1.007204821456
   573 -1.007204821456
   574 -1.007204821456
   575 -1.007204821456
   576 -1.007204821456
   577 -1.007204821456
   578 -1.007204821456
   579 -1.007204821456
   580 -1.007204821456
   581 -1.007204821456
   582 -1.007204821456
   583 -1.007204821456
   584 -1.007204821456
   585 -1.007204821456
   586 -1.007204821456
   587 -1.007204821456
   588 -1.007204821456
   589 -1.007204821456
   590 -1.007204821456
   591 -1.007204821456
   592 -1.007204821456
   593 -1.007204821456
   594 -1.007204821456
   595 -1.007204821456
   596 -1.007204821456
   597 -1.007204821456
   598 -1.007204821456
   599 -1.007204821456
   600 -1.007204821456
   601 -1.007204821456
   602 -1.007204821456
   603 -1.007204821456
   604 -1.007204821456
   605 -1.007204821456
   606 -1.007204821456
   607 -1.007204821456
   608 -1.007204821456
   609 -1.007204821456
   610 -1.007204821456
   611 -1.007204821456
   612 -1.007204821456
   613 -1.007204821456
   614 -1.007204821456
   615 -1.007204821456
   616 -1.007204821456
   617 -1.007204821456
   618 -1.007204821456
   619 -1.007204821456
   620 -1.007204821456
   621 -1.007204821456
   622 -1.007204821456
   623 -1.007204821456
   624 -1.007204821456
   625 -1.007204821456
   626 -1.007204821456
   627 -1.007204821456
   628 -1.007204821456
   629 -1.007204821456
   630 -1.007204821456
   631 -1.007204821456
   632 -1.007204821456
   633 -1.007204821456
   634 -1.007204821456
   635 -1.007204821456
   636 -1.007204821456
   637 -1.007204821456
   638 -1.007204821456
   639 -1.007204821456
   640 -1.007204821456
   641 -1.007204821456
   642 -1.007204821456
   643 -1.007204821456
   644 -1.007204821456
   645 -1.007204821456
   646 -1.007204821456
   647 -1.007204821456
   648 -1.007204821456
   649 -1.007204821456
   650 -1.007204821456
   651 -1.007204821456
   652 -1.007204821456
   653 -1.007204821456
   654 -1.007204821456
   655 -1.007204821456
   656 -1.007204821456
   657 -1.007204821456
   658 -1.007204821456
   659 -1.007204821456
   660 -1.007204821456
   661 -1.007204821456
   662 -1.007204821456
   663 -1.007204821456
   664 -1.007204821456
   665 -1.007204821456
   666 -1.007204821456
   667 -1.007204821456
   668 -1.007204821456
   669 -1.007204821456
   670 -1.007204821456
   671 -1.007204821456
   672 -1.007204821456
   673 -1.007204821456
   674 -1.007204821456
   675 -1.007204821456
   676 -1.007204821456
   677 -1.007204821456
   678 -1.007204821456
   679 -1.007204821456
   680 -1.007204821456
   681 -1.007204821456
   682 -1.007204821456
   683 -1.007204821456
   684 -1.007204821456
   685 -1.007204821456
   686 -1.007204821456
   687 -1.007204821456
   688 -1.007204821456
   689 -1.007204821456
   690 -1.007204821456
   691 -1.007204821456
   692 -1.007204821456
   693 -1.007204821456
   694 -1.007204821456
   695 -1.007204821456
   696 -1.007204821456
   697 -1.007204821456
   698 -1.007204821456
   699 -1.007204821456
   700 -1.007204821456
   701 -1.007204821456
   702 -1.007204821456
   703 -1.007204821456
   704 -1.007204821456
   705 -1.007204821456
   706 -1.007204821456
   707 -1.007204821456
   708 -1.007204821456
   709 -1.007204821456
   710 -1.007204821456
   711 -1.007204821456
   712 -1.007204821456
   713 -1.007204821456
   714 -1.007204821456
   715 -1.007204821456
   716 -1.007204821456
   717 -1.007204821456
   718 -1.007204821456
   719 -1.007204821456
   720 -1.007204821456
   721 -1.007204821456
   722 -1.007204821456
   723 -1.007204821456
   724 -1.007204821456
   725 -1.007204821456
   726 -1.007204821456
   727 -1.007204821456
   728 -1.007204821456
   729 -1.007204821456
   730 -1.007204821456
   731 -1.007204821456
   732 -1.007204821456
   733 -1.007204821456
   734 -1.007204821456
   735 -1.007204821456
   736 -1.007204821456
   737 -1.007204821456
   738 -1.007204821456
   739 -1.007204821456
   740 -1.007204821456
   741 -1.007204821456
   742 -1.007204821456
   743 -1.007204821456
   744 -1.007204821456
   745 -1.007204821456
   746 -1.007204821456
   747 -1.007204821456
   748 -1.007204821456
   749 -1.007204821456
   750 -1.007204821456
   751 -1.007204821456
   752 -1.007204821456
   753 -1.007204821456
   754 -1.007204821456
   755 -1.007204821456
   756 -1.007204821456
   757 -1.007204821456
   758 -1.007204821456
   759 -1.007204821456
   760 -1.007204821456
   761 -1.007204821456
   762 -1.007204821456
   763 -1.007204821456
   764 -1.007204821456
   765 -1.007204821456
   766 -1.007204821456
   767 -1.007204821456
   768 -1.007204821456
   769 -1.007204821456
   770 -1.007204821456
   771 -1.007204821456
   772 -1.007204821456
   773 -1.007204821456
   774 -1.007204821456
   775 -1.007204821456
   776 -1.007204821456
   777 -1.007204821456
   778 -1.007204821456
   779 -1.007204821456
   780 -1.007204821456
   781 -1.007204821456
   782 -1.007204821456
   783 -1.007204821456
   784 -1.007204821456
   785 -1.007204821456
   786 -1.007204821456
   787 -1.007204821456
   788 -1.007204821456
   789 -1.007204821456
   790 -1.007204821456
   791 -1.007204821456
   792 -1.007204821456
   793 -1.007204821456
   794 -1.007204821456
   795 -1.007204821456
   796 -1.007204821456
   797 -1.007204821456
   798 -1.007204821456
   799 -1.007204821456
   800 -1.007204821456
   801 -1.007204821456
   802 -1.007204821456
   803 -1.007204821456
   804 -1.007204821456
   805 -1.007204821456
   806 -1.007204821456
   807 -1.007204821456
   808 -1.007204821456
   809 -1.007204821456
   810 -1.007204821456
   811 -1.007204821456
   812 -1.007204821456
   813 -1.007204821456
   814 -1.007204821456
   815 -1.007204821456
   816 -1.007204821456
   817 -1.007204821456
   818 -1.007204821456
   819 -1.007204821456
   820 -1.007204821456
   821 -1.007204821456
   822 -1.007204821456
   823 -1.007204821456
   824 -1.007204821456
   825 -1.007204821456
   826 -1.007204821456
   827 -1.007204821456
   828 -1.007204821456
   829 -1.007204821456
   830 -1.007204821456
   831 -1.007204821456
   832 -1.007204821456
   833 -1.007204821456
   834 -1.007204821456
   835 -1.007204821456
   836 -1.007204821456
   837 -1.007204821456
   838 -1.007204821456
   839 -1.007204821456
   840 -1.007204821456
   841 -1.007204821456
   842 -1.007204821456
   843 -1.007204821456
   844 -1.007204821456
   845 -1.007204821456
   846 -1.007204821456
   847 -1.007204821456
   848 -1.007204821456
   849 -1.007204821456
   850 -1.007204821456
   851 -1.007204821456
   852 -1.007204821456
   853 -1.007204821456
   854 -1.007204821456
   855 -1.007204821456
   856 -1.007204821456
   857 -1.007204821456
   858 -1.007204821456
   859 -1.007204821456
   860 -1.007204821456
   861 -1.007204821456
   862 -1.007204821456
   863 -1.007204821456
   864 -1.007204821456
   865 -1.007204821456
   866 -1.007204821456
   867 -1.007204821456
   868 -1.007204821456
   869 -1.007204821456
   870 -1.007204821456
   871 -1.007204821456
   872 -1.007204821456
   873 -1.007204821456
   874 -1.007204821456
   875 -1.007204821456
   876 -1.007204821456
   877 -1.007204821456
   878 -1.007204821456
   879 -1.007204821456
   880 -1.007204821456
   881 -1.007204821456
   882 -1.007204821456
   883 -1.007204821456
   884 -1.007204821456
   885 -1.007204821456
   886 -1.007204821456
   887 -1.007204821456
   888 -1.007204821456
   889 -1.007204821456
   890 -1.007204821456
   891 -1.007204821456
   892 -1.007204821456
   893 -1.007204821456
   894 -1.007204821456
   895 -1.007204821456
   896 -1.007204821456
   897 -1.007204821456
   898 -1.007204821456
   899 -1.007204821456
   900 -1.007204821456
   901 -1.007204821456
   902 -1.007204821456
   903 -1.007204821456
   904 -1.007204821456
   905 -1.007204821456
   906 -1.007204821456
   907 -1.007204821456
   908 -1.007204821456
   909 -1.007204821456
   910 -1.007204821456
   911 -1.007204821456
   912 -1.007204821456
   913 -1.007204821456
   914 -1.007204821456
   915 -1.007204821456
   916 -1.007204821456
   917 -1.007204821456
   918 -1.007204821456
   919 -1.007204821456
   920 -1.007204821456
   921 -1.007204821456
   922 -1.007204821456
   923 -1.007204821456
   924 -1.007204821456
   925 -1.007204821456
   926 -1.007204821456
   927 -1.007204821456
   928 -1.007204821456
   929 -1.007204821456
   930 -1.007204821456
   931 -1.007204821456
   932 -1.007204821456
   933 -1.007204821456
   934 -1.007204821456
   935 -1.007204821456
   936 -1.007204821456
   937 -1.007204821456
   938 -1.007204821456
   939 -1.007204821456
   940 -1.007204821456
   941 -1.007204821456
   942 -1.007204821456
   943 -1.007204821456
   944 -1.007204821456
   945 -1.007204821456
   946 -1.007204821456
   947 -1.007204821456
   948 -1.007204821456
   949 -1.007204821456
   950 -1.007204821456
   951 -1.007204821456
   952 -1.007204821456
   953 -1.007204821456
   954 -1.007204821456
   955 -1.007204821456
   956 -1.007204821456
   957 -1.007204821456
   958 -1.007204821456
   959 -1.007204821456
   960 -1.007204821456
   961 -1.007204821456
   962 -1.007204821456
   963 -1.007204821456
   964 -1.007204821456
   965 -1.007204821456
   966 -1.007204821456
   967 -1.007204821456
   968 -1.007204821456
   969 -1.007204821456
   970 -1.007204821456
   971 -1.007204821456
   972 -1.007204821456
   973 -1.007204821456
   974 -1.007204821456
   975 -1.007204821456
   976 -1.007204821456
   977 -1.007204821456
   978 -1.007204821456
   979 -1.007204821456
   980 -1.007204821456
   981 -1.007204821456
   982 -1.007204821456
   983 -1.007204821456
   984 -1.007204821456
   985 -1.007204821456
   986 -1.007204821456
   987 -1.007204821456
   988 -1.007204821456
   989 -1.007204821456
   990 -1.007204821456
   991 -1.007204821456
   992 -1.007204821456
   993 -1.007204821456
   994 -1.007204821456
   995 -1.007204821456
   996 -1.007204821456
   997 -1.007204821456
   998 -1.007204821456
   999 -1.007204821456
  1000 -1.007204821456
  1001 -1.007204821456
  1002 -1.007204821456
  1003 -1.007204821456
  1004 -1.007204821456
  1005 -1.007204821456
  1006 -1.007204821456
  1007 -1.007204821456
  1008 -1.007204821456
  1009 -1.007204821456
  1010 -1.007204821456
  1011 -1.007204821456
  1012 -1.007204821456
  1013 -1.007204821456
  1014 -1.007204821456
  1015 -1.007204821456
  1016 -1.007204821456
  1017 -1.007204821456
  1018 -1.007204821456
  1019 -1.007204821456
  1020 -1.007204821456
  1021 -1.007204821456
  1022 -1.007204821456
  1023 -1.007204821456
  1024 -1.007204821456
  1025 -1.007204821456
  1026 -1.007204821456
  1027 -1.007204821456
  1028 -1.007204821456
  1029 -1.007204821456
  1030 -1.007204821456
  1031 -1.007204821456
  1032 -1.007204821456
  1033 -1.007204821456
  1034 -1.007204821456
  1035 -1.007204821456
  1036 -1.007204821456
  1037 -1.007204821456
  1038 -1.007204821456
  1039 -1.007204821456
  1040 -1.007204821456
  1041 -1.007204821456
  1042 -1.007204821456
  1043 -1.007204821456
  1044 -1.007204821456
  1045 -1.007204821456
  1046 -1.007204821456
  1047 -1.007204821456
  1048 -1.007204821456
  1049 -1.007204821456
  1050 -1.007204821456
  1051 -1.007204821456
  1052 -1.007204821456
  1053 -1.007204821456
  1054 -1.007204821456
  1055 -1.007204821456
  1056 -1.007204821456
  1057 -1.007204821456
  1058 -1.007204821456
  1059 -1.007204821456
  1060 -1.007204821456
  1061 -1.007204821456
  1062 -1.007204821456
  1063 -1.007204821456
  1064 -1.007204821456
  1065 -1.007204821456
  1066 -1.007204821456
  1067 -1.007204821456
  1068 -1.007204821456
  1069 -1.007204821456
  1070 -1.007204821456
  1071 -1.007204821456
  1072 -1.007204821456
  1073 -1.007204821456
  1074 -1.007204821456
  1075 -1.007204821456
  1076 -1.007204821456
  1077 -1.007204821456
  1078 -1.007204821456
  1079 -1.007204821456
  1080 -1.007204821456
  1081 -1.007204821456
  1082 -1.007204821456
  1083 -1.007204821456
  1084 -1.007204821456
  1085 -1.007204821456
  1086 -1.007204821456
  1087 -1.007204821456
  1088 -1.007204821456
  1089 -1.007204821456
  1090 -1.007204821456
  1091 -1.007204821456
  1092 -1.007204821456
  1093 -1.007204821456
  1094 -1.007204821456
  1095 -1.007204821456
  1096 -1.007204821456
  1097 -1.007204821456
  1098 -1.007204821456
  1099 -1.007204821456
  1100 -1.007204821456
  1101 -1.007204821456
  1102 -1.007204821456
  1103 -1.007204821456
  1104 -1.007204821456
  1105 -1.007204821456
  1106 -1.007204821456
  1107 -1.007204821456
  1108 -1.007204821456
  1109 -1.007204821456
  1110 -1.007204821456
  1111 -1.007204821456
  1112 -1.007204821456
  1113 -1.007204821456
  1114 -1.007204821456
  1115 -1.007204821456
  1116 -1.007204821456
  1117 -1.007204821456
  1118 -1.007204821456
  1119 -1.007204821456
  1120 -1.007204821456
  1121 -1.007204821456
  1122 -1.007204821456
  1123 -1.007204821456
  1124 -1.007204821456
  1125 -1.007204821456
  1126 -1.007204821456
  1127 -1.007204821456
  1128 -1.007204821456
  1129 -1.007204821456
  1130 -1.007204821456
  1131 -1.007204821456
  1132 -1.007204821456
  1133 -1.007204821456
  1134 -1.007204821456
  1135 -1.007204821456
  1136 -1.007204821456
  1137 -1.007204821456
  1138 -1.007204821456
  1139 -1.007204821456
  1140 -1.007204821456
  1141 -1.007204821456
  1142 -1.007204821456
  1143 -1.007204821456
  1144 -1.007204821456
  1145 -1.007204821456
  1146 -1.007204821456
  1147 -1.007204821456
  1148 -1.007204821456
  1149 -1.007204821456
  1150 -1.007204821456
  1151 -1.007204821456
  1152 -1.007204821456
  1153 -1.007204821456
  1154 -1.007204821456
  1155 -1.007204821456
  1156 -1.007204821456
  1157 -1.007204821456
  1158 -1.007204821456
  1159 -1.007204821456
  1160 -1.007204821456
  1161 -1.007204821456
  1162 -1.007204821456
  1163 -1.007204821456
  1164 -1.007204821456
  1165 -1.007204821456
  1166 -1.007204821456
  1167 -1.007204821456
  1168 -1.007204821456
  1169 -1.007204821456
  1170 -1.007204821456
  1171 -1.007204821456
  1172 -1.007204821456
  1173 -1.007204821456
  1174 -1.007204821456
  1175 -1.007204821456
  1176 -1.007204821456
  1177 -1.007204821456
  1178 -1.007204821456
  1179 -1.007204821456
  1180 -1.007204821456
  1181 -1.007204821456
  1182 -1.007204821456
  1183 -1.007204821456
  1184 -1.007204821456
  1185 -1.007204821456
  1186 -1.007204821456
  1187 -1.007204821456
  1188 -1.007204821456
  1189 -1.007204821456
  1190 -1.007204821456
  1191 -1.007204821456
  1192 -1.007204821456
  1193 -1.007204821456
  1194 -1.007204821456
  1195 -1.007204821456
  1196 -1.007204821456
  1197 -1.007204821456
  1198 -1.007204821456
  1199 -1.007204821456
  1200 -1.007204821456
  1201 -1.007204821456
  1202 -1.007204821456
  1203 -1.007204821456
  1204 -1.007204821456
  1205 -1.007204821456
  1206 -1.007204821456
  1207 -1.007204821456
  1208 -1.007204821456
  1209 -1.007204821456
  1210 -1.007204821456
  1211 -1.007204821456
  1212 -1.007204821456
  1213 -1.007204821456
  1214 -1.007204821456
  1215 -1.007204821456
  1216 -1.007204821456
  1217 -1.007204821456
  1218 -1.007204821456
  1219 -1.007204821456
  1220 -1.007204821456
  1221 -1.007204821456
  1222 -1.007204821456
  1223 -1.007204821456
  1224 -1.007204821456
  1225 -1.007204821456
  1226 -1.007204821456
  1227 -1.007204821456
  1228 -1.007204821456
  1229 -1.007204821456
  1230 -1.007204821456
  1231 -1.007204821456
  1232 -1.007204821456
  1233 -1.007204821456
  1234 -1.007204821456
  1235 -1.007204821456
  1236 -1.007204821456
  1237 -1.007204821456
  1238 -1.007204821456
  1239 -1.007204821456
  1240 -1.007204821456
  1241 -1.007204821456
  1242 -1.007204821456
  1243 -1.007204821456
  1244 -1.007204821456
  1245 -1.007204821456
  1246 -1.007204821456
  1247 -1.007204821456
  1248 -1.007204821456
  1249 -1.007204821456
  1250 -1.007204821456
  1251 -1.007204821456
  1252 -1.007204821456
  1253 -1.007204821456
  1254 -1.007204821456
  1255 -1.007204821456
  1256 -1.007204821456
  1257 -1.007204821456
  1258 -1.007204821456
  1259 -1.007204821456
  1260 -1.007204821456
  1261 -1.007204821456
  1262 -1.007204821456
  1263 -1.007204821456
  1264 -1.007204821456
  1265 -1.007204821456
  1266 -1.007204821456
  1267 -1.007204821456
  1268 -1.007204821456
  1269 -1.007204821456
  1270 -1.007204821456
  1271 -1.007204821456
  1272 -1.007204821456
  1273 -1.007204821456
  1274 -1.007204821456
  1275 -1.007204821456
  1276 -1.007204821456
  1277 -1.007204821456
  1278 -1.007204821456
  1279 -1.007204821456
  1280 -1.007204821456
  1281 -1.007204821456
  1282 -1.007204821456
  1283 -1.007204821456
  1284 -1.007204821456
  1285 -1.007204821456
  1286 -1.007204821456
  1287 -1.007204821456
  1288 -1.007204821456
  1289 -1.007204821456
  1290 -1.007204821456
  1291 -1.007204821456
  1292 -1.007204821456
  1293 -1.007204821456
  1294 -1.007204821456
  1295 -1.007204821456
  1296 -1.007204821456
  1297 -1.007204821456
  1298 -1.007204821456
  1299 -1.007204821456
  1300 -1.007204821456
  1301 -1.007204821456
  1302 -1.007204821456
  1303 -1.007204821456
  1304 -1.007204821456
  1305 -1.007204821456
  1306 -1.007204821456
  1307 -1.007204821456
  1308 -1.007204821456
  1309 -1.007204821456
  1310 -1.007204821456
  1311 -1.007204821456
  1312 -1.007204821456
  1313 -1.007204821456
  1314 -1.007204821456
  1315 -1.007204821456
  1316 -1.007204821456
  1317 -1.007204821456
  1318 -1.007204821456
  1319 -1.007204821456
  1320 -1.007204821456
  1321 -1.007204821456
  1322 -1.007204821456
  1323 -1.007204821456
  1324 -1.007204821456
  1325 -1.007204821456
  1326 -1.007204821456
  1327 -1.007204821456
  1328 -1.007204821456
  1329 -1.007204821456
  1330 -1.007204821456
  1331 -1.007204821456
  1332 -1.007204821456
  1333 -1.007204821456
  1334 -1.007204821456
  1335 -1.007204821456
  1336 -1.007204821456
  1337 -1.007204821456
  1338 -1.007204821456
  1339 -1.007204821456
  1340 -1.007204821456
  1341 -1.007204821456
  1342 -1.007204821456
  1343 -1.007204821456
  1344 -1.007204821456
  1345 -1.007204821456
  1346 -1.007204821456
  1347 -1.007204821456
  1348 -1.007204821456
  1349 -1.007204821456
  1350 -1.007204821456
  1351 -1.007204821456
  1352 -1.007204821456
  1353 -1.007204821456
  1354 -1.007204821456
  1355 -1.007204821456
  1356 -1.007204821456
  1357 -1.007204821456
  1358 -1.007204821456
  1359 -1.007204821456
  1360 -1.007204821456
  1361 -1.007204821456
  1362 -1.007204821456
  1363 -1.007204821456
  1364 -1.007204821456
  1365 -1.007204821456
  1366 -1.007204821456
  1367 -1.007204821456
  1368 -1.007204821456
  1369 -1.007204821456
  1370 -1.007204821456
  1371 -1.007204821456
  1372 -1.007204821456
  1373 -1.007204821456
  1374 -1.007204821456
  1375 -1.007204821456
  1376 -1.007204821456
  1377 -1.007204821456
  1378 -1.007204821456
  1379 -1.007204821456
  1380 -1.007204821456
  1381 -1.007204821456
  1382 -1.007204821456
  1383 -1.007204821456
  1384 -1.007204821456
  1385 -1.007204821456
  1386 -1.007204821456
  1387 -1.007204821456
  1388 -1.007204821456
  1389 -1.007204821456
  1390 -1.007204821456
  1391 -1.007204821456
  1392 -1.007204821456
  1393 -1.007204821456
  1394 -1.007204821456
  1395 -1.007204821456
  1396 -1.007204821456
  1397 -1.007204821456
  1398 -1.007204821456
  1399 -1.007204821456
  1400 -1.007204821456
  1401 -1.007204821456
  1402 -1.007204821456
  1403 -1.007204821456
  1404 -1.007204821456
  1405 -1.007204821456
  1406 -1.007204821456
  1407 -1.007204821456
  1408 -1.007204821456
  1409 -1.007204821456
  1410 -1.007204821456
  1411 -1.007204821456
  1412 -1.007204821456
  1413 -1.007204821456
  1414 -1.007204821456
  1415 -1.007204821456
  1416 -1.007204821456
  1417 -1.007204821456
  1418 -1.007204821456
  1419 -1.007204821456
  1420 -1.007204821456
  1421 -1.007204821456
  1422 -1.007204821456
  1423 -1.007204821456
  1424 -1.007204821456
  1425 -1.007204821456
  1426 -1.007204821456
  1427 -1.007204821456
  1428 -1.007204821456
  1429 -1.007204821456
  1430 -1.007204821456
  1431 -1.007204821456
  1432 -1.007204821456
  1433 -1.007204821456
  1434 -1.007204821456
  1435 -1.007204821456
  1436 -1.007204821456
  1437 -1.007204821456
  1438 -1.007204821456
  1439 -1.007204821456
  1440 -1.007204821456
  1441 -1.007204821456
  1442 -1.007204821456
  1443 -1.007204821456
  1444 -1.007204821456
  1445 -1.007204821456
  1446 -1.007204821456
  1447 -1.007204821456
  1448 -1.007204821456
  1449 -1.007204821456
  1450 -1.007204821456
  1451 -1.007204821456
  1452 -1.007204821456
  1453 -1.007204821456
  1454 -1.007204821456
  1455 -1.007204821456
  1456 -1.007204821456
  1457 -1.007204821456
  1458 -1.007204821456
  1459 -1.007204821456
  1460 -1.007204821456
  1461 -1.007204821456
  1462 -1.007204821456
  1463 -1.007204821456
  1464 -1.007204821456
  1465 -1.007204821456
  1466 -1.007204821456
  1467 -1.007204821456
  1468 -1.007204821456
  1469 -1.007204821456
  1470 -1.007204821456
  1471 -1.007204821456
  1472 -1.007204821456
  1473 -1.007204821456
  1474 -1.007204821456
  1475 -1.007204821456
  1476 -1.007204821456
  1477 -1.007204821456
  1478 -1.007204821456
  1479 -1.007204821456
  1480 -1.007204821456
  1481 -1.007204821456
  1482 -1.007204821456
  1483 -1.007204821456
  1484 -1.007204821456
  1485 -1.007204821456
  1486 -1.007204821456
  1487 -1.007204821456
  1488 -1.007204821456
  1489 -1.007204821456
  1490 -1.007204821456
  1491 -1.007204821456
  1492 -1.007204821456
  1493 -1.007204821456
  1494 -1.007204821456
  1495 -1.007204821456
  1496 -1.007204821456
  1497 -1.007204821456
  1498 -1.007204821456
  1499 -1.007204821456
  1500 -1.007204821456
  1501 -1.007204821456
  1502 -1.007204821456
  1503 -1.007204821456
  1504 -1.007204821456
  1505 -1.007204821456
  1506 -1.007204821456
  1507 -1.007204821456
  1508 -1.007204821456
  1509 -1.007204821456
  1510 -1.007204821456
  1511 -1.007204821456
  1512 -1.007204821456
  1513 -1.007204821456
  1514 -1.007204821456
  1515 -1.007204821456
  1516 -1.007204821456
  1517 -1.007204821456
  1518 -1.007204821456
  1519 -1.007204821456
  1520 -1.007204821456
  1521 -1.007204821456
  1522 -1.007204821456
  1523 -1.007204821456
  1524 -1.007204821456
  1525 -1.007204821456
  1526 -1.007204821456
  1527 -1.007204821456
  1528 -1.007204821456
  1529 -1.007204821456
  1530 -1.007204821456
  1531 -1.007204821456
  1532 -1.007204821456
  1533 -1.007204821456
  1534 -1.007204821456
  1535 -1.007204821456
  1536 -1.007204821456
  1537 -1.007204821456
  1538 -1.007204821456
  1539 -1.007204821456
  1540 -1.007204821456
  1541 -1.007204821456
  1542 -1.007204821456
  1543 -1.007204821456
  1544 -1.007204821456
  1545 -1.007204821456
  1546 -1.007204821456
  1547 -1.007204821456
  1548 -1.007204821456
  1549 -1.007204821456
  1550 -1.007204821456
  1551 -1.007204821456
  1552 -1.007204821456
  1553 -1.007204821456
  1554 -1.007204821456
  1555 -1.007204821456
  1556 -1.007204821456
  1557 -1.007204821456
  1558 -1.007204821456
  1559 -1.007204821456
  1560 -1.007204821456
  1561 -1.007204821456
  1562 -1.007204821456
  1563 -1.007204821456
  1564 -1.007204821456
  1565 -1.007204821456
  1566 -1.007204821456
  1567 -1.007204821456
  1568 -1.007204821456
  1569 -1.007204821456
  1570 -1.007204821456
  1571 -1.007204821456
  1572 -1.007204821456
  1573 -1.007204821456
  1574 -1.007204821456
  1575 -1.007204821456
  1576 -1.007204821456
  1577 -1.007204821456
  1578 -1.007204821456
  1579 -1.007204821456
  1580 -1.007204821456
  1581 -1.007204821456
  1582 -1.007204821456
  1583 -1.007204821456
  1584 -1.007204821456
  1585 -1.007204821456
  1586 -1.007204821456
  1587 -1.007204821456
  1588 -1.007204821456
  1589 -1.007204821456
  1590 -1.007204821456
  1591 -1.007204821456
  1592 -1.007204821456
  1593 -1.007204821456
  1594 -1.007204821456
  1595 -1.007204821456
  1596 -1.007204821456
  1597 -1.007204821456
  1598 -1.007204821456
  1599 -1.007204821456
  1600 -1.007204821456
  1601 -1.007204821456
  1602 -1.007204821456
  1603 -1.007204821456
  1604 -1.007204821456
  1605 -1.007204821456
  1606 -1.007204821456
  1607 -1.007204821456
  1608 -1.007204821456
  1609 -1.007204821456
  1610 -1.007204821456
  1611 -1.007204821456
  1612 -1.007204821456
  1613 -1.007204821456
  1614 -1.007204821456
  1615 -1.007204821456
  1616 -1.007204821456
  1617 -1.007204821456
  1618 -1.007204821456
  1619 -1.007204821456
  1620 -1.007204821456
  1621 -1.007204821456
  1622 -1.007204821456
  1623 -1.007204821456
  1624 -1.007204821456
  1625 -1.007204821456
  1626 -1.007204821456
  1627 -1.007204821456
  1628 -1.007204821456
  1629 -1.007204821456
  1630 -1.007204821456
  1631 -1.007204821456
  1632 -1.007204821456
  1633 -1.007204821456
  1634 -1.007204821456
  1635 -1.007204821456
  1636 -1.007204821456
  1637 -1.007204821456
  1638 -1.007204821456
  1639 -1.007204821456
  1640 -1.007204821456
  1641 -1.007204821456
  1642 -1.007204821456
  1643 -1.007204821456
  1644 -1.007204821456
  1645 -1.007204821456
  1646 -1.007204821456
  1647 -1.007204821456
  1648 -1.007204821456
  1649 -1.007204821456
  1650 -1.007204821456
  1651 -1.007204821456
  1652 -1.007204821456
  1653 -1.007204821456
  1654 -1.007204821456
  1655 -1.007204821456
  1656 -1.007204821456
  1657 -1.007204821456
  1658 -1.007204821456
  1659 -1.007204821456
  1660 -1.007204821456
  1661 -1.007204821456
  1662 -1.007204821456
  1663 -1.007204821456
  1664 -1.007204821456
  1665 -1.007204821456
  1666 -1.007204821456
  1667 -1.007204821456
  1668 -1.007204821456
  1669 -1.007204821456
  1670 -1.007204821456
  1671 -1.007204821456
  1672 -1.007204821456
  1673 -1.007204821456
  1674 -1.007204821456
  1675 -1.007204821456
  1676 -1.007204821456
  1677 -1.007204821456
  1678 -1.007204821456
  1679 -1.007204821456
  1680 -1.007204821456
  1681 -1.007204821456
  1682 -1.007204821456
  1683 -1.007204821456
  1684 -1.007204821456
  1685 -1.007204821456
  1686 -1.007204821456
  1687 -1.007204821456
  1688 -1.007204821456
  1689 -1.007204821456
  1690 -1.007204821456
  1691 -1.007204821456
  1692 -1.007204821456
  1693 -1.007204821456
  1694 -1.007204821456
  1695 -1.007204821456
  1696 -1.007204821456
  1697 -1.007204821456
  1698 -1.007204821456
  1699 -1.007204821456
  1700 -1.007204821456
  1701 -1.007204821456
  1702 -1.007204821456
  1703 -1.007204821456
  1704 -1.007204821456
  1705 -1.007204821456
  1706 -1.007204821456
  1707 -1.007204821456
  1708 -1.007204821456
  1709 -1.007204821456
  1710 -1.007204821456
  1711 -1.007204821456
  1712 -1.007204821456
  1713 -1.007204821456
  1714 -1.007204821456
  1715 -1.007204821456
  1716 -1.007204821456
  1717 -1.007204821456
  1718 -1.007204821456
  1719 -1.007204821456
  1720 -1.007204821456
  1721 -1.007204821456
  1722 -1.007204821456
  1723 -1.007204821456
  1724 -1.007204821456
  1725 -1.007204821456
  1726 -1.007204821456
  1727 -1.007204821456
  1728 -1.007204821456
  1729 -1.007204821456
  1730 -1.007204821456
  1731 -1.007204821456
  1732 -1.007204821456
  1733 -1.007204821456
  1734 -1.007204821456
  1735 -1.007204821456
  1736 -1.007204821456
  1737 -1.007204821456
  1738 -1.007204821456
  1739 -1.007204821456
  1740 -1.007204821456
  1741 -1.007204821456
  1742 -1.007204821456
  1743 -1.007204821456
  1744 -1.007204821456
  1745 -1.007204821456
  1746 -1.007204821456
  1747 -1.007204821456
  1748 -1.007204821456
  1749 -1.007204821456
  1750 -1.007204821456
  1751 -1.007204821456
  1752 -1.007204821456
  1753 -1.007204821456
  1754 -1.007204821456
  1755 -1.007204821456
  1756 -1.007204821456
  1757 -1.007204821456
  1758 -1.007204821456
  1759 -1.007204821456
  1760 -1.007204821456
  1761 -1.007204821456
  1762 -1.007204821456
  1763 -1.007204821456
  1764 -1.007204821456
  1765 -1.007204821456
  1766 -1.007204821456
  1767 -1.007204821456
  1768 -1.007204821456
  1769 -1.007204821456
  1770 -1.007204821456
  1771 -1.007204821456
  1772 -1.007204821456
  1773 -1.007204821456
  1774 -1.007204821456
  1775 -1.007204821456
  1776 -1.007204821456
  1777 -1.007204821456
  1778 -1.007204821456
  1779 -1.007204821456
  1780 -1.007204821456
  1781 -1.007204821456
  1782 -1.007204821456
  1783 -1.007204821456
  1784 -1.007204821456
  1785 -1.007204821456
  1786 -1.007204821456
  1787 -1.007204821456
  1788 -1.007204821456
  1789 -1.007204821456
  1790 -1.007204821456
  1791 -1.007204821456
  1792 -1.007204821456
  1793 -1.007204821456
  1794 -1.007204821456
  1795 -1.007204821456
  1796 -1.007204821456
  1797 -1.007204821456
  1798 -1.007204821456
  1799 -1.007204821456
  1800 -1.007204821456
  1801 -1.007204821456
  1802 -1.007204821456
  1803 -1.007204821456
  1804 -1.007204821456
  1805 -1.007204821456
  1806 -1.007204821456
  1807 -1.007204821456
  1808 -1.007204821456
  1809 -1.007204821456
  1810 -1.007204821456
  1811 -1.007204821456
  1812 -1.007204821456
  1813 -1.007204821456
  1814 -1.007204821456
  1815 -1.007204821456
  1816 -1.007204821456
  1817 -1.007204821456
  1818 -1.007204821456
  1819 -1.007204821456
  1820 -1.007204821456
  1821 -1.007204821456
  1822 -1.007204821456
  1823 -1.007204821456
  1824 -1.007204821456
  1825 -1.007204821456
  1826 -1.007204821456
  1827 -1.007204821456
  1828 -1.007204821456
  1829 -1.007204821456
  1830 -1.007204821456
  1831 -1.007204821456
  1832 -1.007204821456
  1833 -1.007204821456
  1834 -1.007204821456
  1835 -1.007204821456
  1836 -1.007204821456
  1837 -1.007204821456
  1838 -1.007204821456
  1839 -1.007204821456
  1840 -1.007204821456
  1841 -1.007204821456
  1842 -1.007204821456
  1843 -1.007204821456
  1844 -1.007204821456
  1845 -1.007204821456
  1846 -1.007204821456
  1847 -1.007204821456
  1848 -1.007204821456
  1849 -1.007204821456
  1850 -1.007204821456
  1851 -1.007204821456
  1852 -1.007204821456
  1853 -1.007204821456
  1854 -1.007204821456
  1855 -1.007204821456
  1856 -1.007204821456
  1857 -1.007204821456
  1858 -1.007204821456
  1859 -1.007204821456
  1860 -1.007204821456
  1861 -1.007204821456
  1862 -1.007204821456
  1863 -1.007204821456
  1864 -1.007204821456
  1865 -1.007204821456
  1866 -1.007204821456
  1867 -1.007204821456
  1868 -1.007204821456
  1869 -1.007204821456
  1870 -1.007204821456
  1871 -1.007204821456
  1872 -1.007204821456
  1873 -1.007204821456
  1874 -1.007204821456
  1875 -1.007204821456
  1876 -1.007204821456
  1877 -1.007204821456
  1878 -1.007204821456
  1879 -1.007204821456
  1880 -1.007204821456
  1881 -1.007204821456
  1882 -1.007204821456
  1883 -1.007204821456
  1884 -1.007204821456
  1885 -1.007204821456
  1886 -1.007204821456
  1887 -1.007204821456
  1888 -1.007204821456
  1889 -1.007204821456
  1890 -1.007204821456
  1891 -1.007204821456
  1892 -1.007204821456
  1893 -1.007204821456
  1894 -1.007204821456
  1895 -1.007204821456
  1896 -1.007204821456
  1897 -1.007204821456
  1898 -1.007204821456
  1899 -1.007204821456
  1900 -1.007204821456
  1901 -1.007204821456
  1902 -1.007204821456
  1903 -1.007204821456
  1904 -1.007204821456
  1905 -1.007204821456
  1906 -1.007204821456
  1907 -1.007204821456
  1908 -1.007204821456
  1909 -1.007204821456
  1910 -1.007204821456
  1911 -1.007204821456
  1912 -1.007204821456
  1913 -1.007204821456
  1914 -1.007204821456
  1915 -1.007204821456
  1916 -1.007204821456
  1917 -1.007204821456
  1918 -1.007204821456
  1919 -1.007204821456
  1920 -1.007204821456
  1921 -1.007204821456
  1922 -1.007204821456
  1923 -1.007204821456
  1924 -1.007204821456
  1925 -1.007204821456
  1926 -1.007204821456
  1927 -1.007204821456
  1928 -1.007204821456
  1929 -1.007204821456
  1930 -1.007204821456
  1931 -1.007204821456
  1932 -1.007204821456
  1933 -1.007204821456
  1934 -1.007204821456
  1935 -1.007204821456
  1936 -1.007204821456
  1937 -1.007204821456
  1938 -1.007204821456
  1939 -1.007204821456
  1940 -1.007204821456
  1941 -1.007204821456
  1942 -1.007204821456
  1943 -1.007204821456
  1944 -1.007204821456
  1945 -1.007204821456
  1946 -1.007204821456
  1947 -1.007204821456
  1948 -1.007204821456
  1949 -1.007204821456
  1950 -1.007204821456
  1951 -1.007204821456
  1952 -1.007204821456
  1953 -1.007204821456
  1954 -1.007204821456
  1955 -1.007204821456
  1956 -1.007204821456
  1957 -1.007204821456
  1958 -1.007204821456
  1959 -1.007204821456
  1960 -1.007204821456
  1961 -1.007204821456
  1962 -1.007204821456
  1963 -1.007204821456
  1964 -1.007204821456
  1965 -1.007204821456
  1966 -1.007204821456
  1967 -1.007204821456
  1968 -1.007204821456
  1969 -1.007204821456
  1970 -1.007204821456
  1971 -1.007204821456
  1972 -1.007204821456
  1973 -1.007204821456
  1974 -1.007204821456
  1975 -1.007204821456
  1976 -1.007204821456
  1977 -1.007204821456
  1978 -1.007204821456
  1979 -1.007204821456
  1980 -1.007204821456
  1981 -1.007204821456
  1982 -1.007204821456
  1983 -1.007204821456
  1984 -1.007204821456
  1985 -1.007204821456
  1986 -1.007204821456
  1987 -1.007204821456
  1988 -1.007204821456
  1989 -1.007204821456
  1990 -1.007204821456
  1991 -1.007204821456
  1992 -1.007204821456
  1993 -1.007204821456
  1994 -1.007204821456
  1995 -1.007204821456
  1996 -1.007204821456
  1997 -1.007204821456
  1998 -1.007204821456
  1999 -1.007204821456
  2000 -1.007204821456
