     1 -0.913784585297
     2 -1.051104229838
     3 -1.030586112191
     4 -1.024677594645
     5 -1.024596071067
     6 -1.025080427884
     7 -1.025633586965
     8 -1.026212463132
     9 -1.026885933423
    10 -1.027788887581
    11 -1.029040743588
    12 -1.030635923111
    13 -1.032425818150
    14 -1.034194321044
    15 -1.035761344448
    16 -1.037047179306
    17 -1.038056029102
    18 -1.038831330645
    19 -1.039424798322
    20 -1.039882394062
    21 -1.040240235394
    22 -1.040524970708
    23 -1.040755646565
    24 -1.040945714602
    25 -1.041104692856
    26 -1.041239392743
    27 -1.041354773616
    28 -1.041454519736
    29 -1.041541425299
    30 -1.041617651526
    31 -1.041684900060
    32 -1.041744531777
    33 -1.041797649833
    34 -1.041845158920
    35 -1.041887808484
    36 -1.041926224690
    37 -1.041960934935
    38 -1.041992386223
    39 -1.042020959957
    40 -1.042046983216
    41 -1.042070737939
    42 -1.042092468399
    43 -1.042112387008
    44 -1.042130679246
    45 -1.042147507773
    46 -1.042163015617
    47 -1.042177329018
    48 -1.042190559695
    49 -1.042202806917
    50 -1.042214159017
    51 -1.146712717962
    52 -1.027525566621
    53 -1.032018128011
    54 -1.037238398699
    55 -1.039854143262
    56 -1.041110557378
    57 -1.041709842068
    58 -1.041998294298
    59 -1.042139936966
    60 -1.042211800388
    61 -1.042250071149
    62 -1.042271877328
    63 -1.042285413512
    64 -1.042294656106
    65 -1.042301568404
    66 -1.042307140929
    67 -1.042311887013
    68 -1.042316081728
    69 -1.042319878680
    70 -1.042323368005
    71 -1.042326605709
    72 -1.042329628825
    73 -1.042332463434
    74 -1.042335129025
    75 -1.042337640934
    76 -1.042340011754
    77 -1.042342252176
    78 -1.042344371507
    79 -1.042346378007
    80 -1.042348279100
    81 -1.042350081536
    82 -1.042351791489
    83 -1.042353414643
    84 -1.042354956251
    85 -1.042356421178
    86 -1.042357813950
    87 -1.042359138776
    88 -1.042360399581
    89 -1.042361600030
    90 -1.042362743547
    91 -1.042363833335
    92 -1.042364872392
    93 -1.042365863526
    94 -1.042366809371
    95 -1.042367712396
    96 -1.042368574918
    97 -1.042369399115
    98 -1.042370187031
    99 -1.042370940588
   100 -1.042371661594
   101 -1.138899747233
   102 -1.023361374409
   103 -1.030328987053
   104 -1.035939615027
   105 -1.038911555964
   106 -1.040482568478
   107 -1.041320983184
   108 -1.041773976122
   109 -1.042023313646
   110 -1.042164094119
   111 -1.042246015847
   112 -1.042295213294
   113 -1.042325656214
   114 -1.042345002737
   115 -1.042357583462
   116 -1.042365929288
   117 -1.042371566520
   118 -1.042375441371
   119 -1.042378153938
   120 -1.042380091699
   121 -1.042381508295
   122 -1.042382571477
   123 -1.042383393051
   124 -1.042384047974
   125 -1.042384586733
   126 -1.042385043468
   127 -1.042385441351
   128 -1.042385796168
   129 -1.042386118721
   130 -1.042386416442
   131 -1.042386694480
   132 -1.042386956433
   133 -1.042387204847
   134 -1.042387441549
   135 -1.042387667878
   136 -1.042387884834
   137 -1.042388093186
   138 -1.042388293545
   139 -1.042388486407
   140 -1.042388672189
   141 -1.042388851251
   142 -1.042389023913
   143 -1.042389190463
   144 -1.042389351163
   145 -1.042389506258
   146 -1.042389655979
   147 -1.042389800540
   148 -1.042389940148
   149 -1.042390074997
   150 -1.042390205275
   151 -1.106589396500
   152 -1.023765902734
   153 -1.032661958097
   154 -1.037797069952
   155 -1.040237531038
   156 -1.041340349541
   157 -1.041839277595
   158 -1.042069917643
   159 -1.042180406663
   160 -1.042236005365
   161 -1.042265755957
   162 -1.042282847595
   163 -1.042293449339
   164 -1.042300555636
   165 -1.042305682917
   166 -1.042309634277
   167 -1.042312854449
   168 -1.042315600218
   169 -1.042318025486
   170 -1.042320225511
   171 -1.042322260889
   172 -1.042324171082
   173 -1.042325982333
   174 -1.042327712439
   175 -1.042329373713
   176 -1.042330974860
   177 -1.042332522181
   178 -1.042334020362
   179 -1.042335472989
   180 -1.042336882895
   181 -1.042338252387
   182 -1.042339583404
   183 -1.042340877619
   184 -1.042342136512
   185 -1.042343361414
   186 -1.042344553548
   187 -1.042345714046
   188 -1.042346843968
   189 -1.042347944314
   190 -1.042349016032
   191 -1.042350060023
   192 -1.042351077148
   193 -1.042352068233
   194 -1.042353034067
   195 -1.042353975408
   196 -1.042354892985
   197 -1.042355787501
   198 -1.042356659631
   199 -1.042357510024
   200 -1.042358339309
   201 -1.131323625654
   202 -1.025394822861
   203 -1.029239932236
   204 -1.035088207819
   205 -1.038446918268
   206 -1.040251546489
   207 -1.041192012809
   208 -1.041678556571
   209 -1.041933702231
   210 -1.042071338552
   211 -1.042148447570
   212 -1.042193570028
   213 -1.042221242976
   214 -1.042239069195
   215 -1.042251152428
   216 -1.042259782308
   217 -1.042266277512
   218 -1.042271419512
   219 -1.042275682910
   220 -1.042279361876
   221 -1.042282641820
   222 -1.042285641228
   223 -1.042288436718
   224 -1.042291078371
   225 -1.042293599266
   226 -1.042296021510
   227 -1.042298360071
   228 -1.042300625257
   229 -1.042302824313
   230 -1.042304962463
   231 -1.042307043592
   232 -1.042309070692
   233 -1.042311046155
   234 -1.042312971965
   235 -1.042314849830
   236 -1.042316681263
   237 -1.042318467636
   238 -1.042320210224
   239 -1.042321910223
   240 -1.042323568771
   241 -1.042325186957
   242 -1.042326765831
   243 -1.042328306407
   244 -1.042329809667
   245 -1.042331276565
   246 -1.042332708028
   247 -1.042334104957
   248 -1.042335468230
   249 -1.042336798702
   250 -1.042338097204
   251 -1.159297840423
   252 -1.027961423768
   253 -1.032021552841
   254 -1.037902748364
   255 -1.040363458827
   256 -1.041393091431
   257 -1.041843513312
   258 -1.042053597294
   259 -1.042159141204
   260 -1.042216316166
   261 -1.042249536827
   262 -1.042270076746
   263 -1.042283492447
   264 -1.042292702859
   265 -1.042299331523
   266 -1.042304325400
   267 -1.042308257810
   268 -1.042311485790
   269 -1.042314236405
   270 -1.042316656359
   271 -1.042318841611
   272 -1.042320855572
   273 -1.042322740542
   274 -1.042324525007
   275 -1.042326228357
   276 -1.042327863960
   277 -1.042329441173
   278 -1.042330966674
   279 -1.042332445338
   280 -1.042333880823
   281 -1.042335275955
   282 -1.042336632989
   283 -1.042337953782
   284 -1.042339239912
   285 -1.042340492752
   286 -1.042341713528
   287 -1.042342903352
   288 -1.042344063250
   289 -1.042345194178
   290 -1.042346297035
   291 -1.042347372670
   292 -1.042348421893
   293 -1.042349445476
   294 -1.042350444156
   295 -1.042351418643
   296 -1.042352369617
   297 -1.042353297733
   298 -1.042354203624
   299 -1.042355087896
   300 -1.042355951139
   301 -1.158347880374
   302 -1.034619204816
   303 -1.034832717508
   304 -1.038791393373
   305 -1.040746476776
   306 -1.041626613386
   307 -1.042013073924
   308 -1.042184335414
   309 -1.042262730027
   310 -1.042300507717
   311 -1.042320024187
   312 -1.042331020381
   313 -1.042337854239
   314 -1.042342539137
   315 -1.042346040898
   316 -1.042348843268
   317 -1.042351200813
   318 -1.042353254884
   319 -1.042355088476
   320 -1.042356753084
   321 -1.042358282361
   322 -1.042359699381
   323 -1.042361020667
   324 -1.042362258519
   325 -1.042363422426
   326 -1.042364519945
   327 -1.042365557258
   328 -1.042366539551
   329 -1.042367471263
   330 -1.042368356258
   331 -1.042369197944
   332 -1.042369999365
   333 -1.042370763258
   334 -1.042371492106
   335 -1.042372188171
   336 -1.042372853523
   337 -1.042373490064
   338 -1.042374099545
   339 -1.042374683582
   340 -1.042375243670
   341 -1.042375781193
   342 -1.042376297435
   343 -1.042376793590
   344 -1.042377270764
   345 -1.042377729991
   346 -1.042378172232
   347 -1.042378598382
   348 -1.042379009279
   349 -1.042379405702
   350 -1.042379788383
   351 -1.042380158005
   352 -1.042380515206
   353 -1.042380860586
   354 -1.042381194708
   355 -1.042381518097
   356 -1.042381831250
   357 -1.042382134631
   358 -1.042382428677
   359 -1.042382713801
   360 -1.042382990390
   361 -1.042383258810
   362 -1.042383519404
   363 -1.042383772498
   364 -1.042384018399
   365 -1.042384257398
   366 -1.042384489767
   367 -1.042384715768
   368 -1.042384935646
   369 -1.042385149634
   370 -1.042385357952
   371 -1.042385560811
   372 -1.042385758410
   373 -1.042385950936
   374 -1.042386138571
   375 -1.042386321485
   376 -1.042386499841
   377 -1.042386673793
   378 -1.042386843490
   379 -1.042387009072
   380 -1.042387170674
   381 -1.042387328425
   382 -1.042387482446
   383 -1.042387632855
   384 -1.042387779764
   385 -1.042387923281
   386 -1.042388063509
   387 -1.042388200545
   388 -1.042388334484
   389 -1.042388465418
   390 -1.042388593432
   391 -1.042388718610
   392 -1.042388841033
   393 -1.042388960777
   394 -1.042389077917
   395 -1.042389192525
   396 -1.042389304668
   397 -1.042389414413
   398 -1.042389521824
   399 -1.042389626962
   400 -1.042389729886
   401 -1.042389830655
   402 -1.042389929323
   403 -1.042390025943
   404 -1.042390120567
   405 -1.042390213245
   406 -1.042390304024
   407 -1.042390392953
   408 -1.042390480076
   409 -1.042390565436
   410 -1.042390649076
   411 -1.042390731036
   412 -1.042390811358
   413 -1.042390890078
   414 -1.042390967235
   415 -1.042391042865
   416 -1.042391117003
   417 -1.042391189683
   418 -1.042391260938
   419 -1.042391330800
   420 -1.042391399302
   421 -1.042391466473
   422 -1.042391532343
   423 -1.042391596940
   424 -1.042391660293
   425 -1.042391722429
   426 -1.042391783374
   427 -1.042391843154
   428 -1.042391901795
   429 -1.042391959321
   430 -1.042392015754
   431 -1.042392071120
   432 -1.042392125440
   433 -1.042392178737
   434 -1.042392231031
   435 -1.042392282345
   436 -1.042392332697
   437 -1.042392382109
   438 -1.042392430600
   439 -1.042392478188
   440 -1.042392524893
   441 -1.042392570732
   442 -1.042392615723
   443 -1.042392659883
   444 -1.042392703228
   445 -1.042392745777
   446 -1.042392787543
   447 -1.042392828544
   448 -1.042392868795
   449 -1.042392908309
   450 -1.042392947103
   451 -1.042392985190
   452 -1.042393022584
   453 -1.042393059299
   454 -1.042393095349
   455 -1.042393130746
   456 -1.042393165503
   457 -1.042393199633
   458 -1.042393233147
   459 -1.042393266058
   460 -1.042393298378
   461 -1.042393330118
   462 -1.042393361288
   463 -1.042393391901
   464 -1.042393421967
   465 -1.042393451495
   466 -1.042393480498
   467 -1.042393508984
   468 -1.042393536963
   469 -1.042393564445
   470 -1.042393591440
   471 -1.042393617956
   472 -1.042393644003
   473 -1.042393669590
   474 -1.042393694725
   475 -1.042393719416
   476 -1.042393743673
   477 -1.042393767503
   478 -1.042393790914
   479 -1.042393813914
   480 -1.042393836511
   481 -1.042393858712
   482 -1.042393880524
   483 -1.042393901955
   484 -1.042393923012
   485 -1.042393943702
   486 -1.042393964031
   487 -1.042393984006
   488 -1.042394003634
   489 -1.042394022920
   490 -1.042394041872
   491 -1.042394060496
   492 -1.042394078797
   493 -1.042394096781
   494 -1.042394114454
   495 -1.042394131822
   496 -1.042394148890
   497 -1.042394165664
   498 -1.042394182149
   499 -1.042394198351
   500 -1.042394214273
   501 -1.042394229923
   502 -1.042394245303
   503 -1.042394260420
   504 -1.042394275278
   505 -1.042394289882
   506 -1.042394304236
   507 -1.042394318345
   508 -1.042394332212
   509 -1.042394345844
   510 -1.042394359242
   511 -1.042394372413
   512 -1.042394385360
   513 -1.042394398086
   514 -1.042394410596
   515 -1.042394422894
   516 -1.042394434983
   517 -1.042394446867
   518 -1.042394458550
   519 -1.042394470035
   520 -1.042394481326
   521 -1.042394492427
   522 -1.042394503339
   523 -1.042394514068
   524 -1.042394524616
   525 -1.042394534986
   526 -1.042394545182
   527 -1.042394555206
   528 -1.042394565061
   529 -1.042394574751
   530 -1.042394584278
   531 -1.042394593646
   532 -1.042394602856
   533 -1.042394611912
   534 -1.042394620817
   535 -1.042394629573
   536 -1.042394638182
   537 -1.042394646647
   538 -1.042394654971
   539 -1.042394663156
   540 -1.042394671205
   541 -1.042394679120
   542 -1.042394686903
   543 -1.042394694556
   544 -1.042394702082
   545 -1.042394709483
   546 -1.042394716761
   547 -1.042394723918
   548 -1.042394730957
   549 -1.042394737879
   550 -1.042394744686
   551 -1.042394751380
   552 -1.042394757964
   553 -1.042394764439
   554 -1.042394770807
   555 -1.042394777069
   556 -1.042394783229
   557 -1.042394789286
   558 -1.042394795244
   559 -1.042394801104
   560 -1.042394806867
   561 -1.042394812535
   562 -1.042394818110
   563 -1.042394823593
   564 -1.042394828986
   565 -1.042394834291
   566 -1.042394839508
   567 -1.042394844640
   568 -1.042394849688
   569 -1.042394854653
   570 -1.042394859536
   571 -1.042394864340
   572 -1.042394869065
   573 -1.042394873713
   574 -1.042394878285
   575 -1.042394882782
   576 -1.042394887206
   577 -1.042394891557
   578 -1.042394895838
   579 -1.042394900048
   580 -1.042394904191
   581 -1.042394908265
   582 -1.042394912273
   583 -1.042394916217
   584 -1.042394920095
   585 -1.042394923911
   586 -1.042394927665
   587 -1.042394931358
   588 -1.042394934991
   589 -1.042394938565
   590 -1.042394942081
   591 -1.042394945540
   592 -1.042394948943
   593 -1.042394952290
   594 -1.042394955584
   595 -1.042394958824
   596 -1.042394962012
   597 -1.042394965148
   598 -1.042394968234
   599 -1.042394971270
   600 -1.042394974257
   601 -1.042394977195
   602 -1.042394980086
   603 -1.042394982931
   604 -1.042394985729
   605 -1.042394988483
   606 -1.042394991192
   607 -1.042394993857
   608 -1.042394996480
   609 -1.042394999060
   610 -1.042395001599
   611 -1.042395004097
   612 -1.042395006555
   613 -1.042395008974
   614 -1.042395011353
   615 -1.042395013695
   616 -1.042395015998
   617 -1.042395018265
   618 -1.042395020496
   619 -1.042395022691
   620 -1.042395024850
   621 -1.042395026975
   622 -1.042395029066
   623 -1.042395031124
   624 -1.042395033148
   625 -1.042395035140
   626 -1.042395037101
   627 -1.042395039030
   628 -1.042395040928
   629 -1.042395042796
   630 -1.042395044634
   631 -1.042395046443
   632 -1.042395048222
   633 -1.042395049974
   634 -1.042395051697
   635 -1.042395053393
   636 -1.042395055063
   637 -1.042395056705
   638 -1.042395058321
   639 -1.042395059912
   640 -1.042395061477
   641 -1.042395063017
   642 -1.042395064533
   643 -1.042395066025
   644 -1.042395067493
   645 -1.042395068938
   646 -1.042395070359
   647 -1.042395071758
   648 -1.042395073135
   649 -1.042395074490
   650 -1.042395075824
   651 -1.042395077136
   652 -1.042395078428
   653 -1.042395079699
   654 -1.042395080950
   655 -1.042395082181
   656 -1.042395083393
   657 -1.042395084585
   658 -1.042395085759
   659 -1.042395086914
   660 -1.042395088051
   661 -1.042395089169
   662 -1.042395090271
   663 -1.042395091354
   664 -1.042395092421
   665 -1.042395093470
   666 -1.042395094503
   667 -1.042395095520
   668 -1.042395096521
   669 -1.042395097506
   670 -1.042395098475
   671 -1.042395099429
   672 -1.042395100368
   673 -1.042395101293
   674 -1.042395102202
   675 -1.042395103098
   676 -1.042395103979
   677 -1.042395104846
   678 -1.042395105700
   679 -1.042395106540
   680 -1.042395107367
   681 -1.042395108181
   682 -1.042395108982
   683 -1.042395109771
   684 -1.042395110547
   685 -1.042395111311
   686 -1.042395112063
   687 -1.042395112803
   688 -1.042395113531
   689 -1.042395114248
   690 -1.042395114954
   691 -1.042395115649
   692 -1.042395116332
   693 -1.042395117005
   694 -1.042395117668
   695 -1.042395118320
   696 -1.042395118962
   697 -1.042395119594
   698 -1.042395120215
   699 -1.042395120828
   700 -1.042395121430
   701 -1.042395122023
   702 -1.042395122607
   703 -1.042395123182
   704 -1.042395123747
   705 -1.042395124304
   706 -1.042395124852
   707 -1.042395125391
   708 -1.042395125922
   709 -1.042395126445
   710 -1.042395126960
   711 -1.042395127466
   712 -1.042395127965
   713 -1.042395128456
   714 -1.042395128939
   715 -1.042395129414
   716 -1.042395129882
   717 -1.042395130343
   718 -1.042395130797
   719 -1.042395131243
   720 -1.042395131683
   721 -1.042395132115
   722 -1.042395132541
   723 -1.042395132961
   724 -1.042395133373
   725 -1.042395133780
   726 -1.042395134180
   727 -1.042395134573
   728 -1.042395134961
   729 -1.042395135342
   730 -1.042395135718
   731 -1.042395136088
   732 -1.042395136452
   733 -1.042395136810
   734 -1.042395137163
   735 -1.042395137510
   736 -1.042395137851
   737 -1.042395138188
   738 -1.042395138519
   739 -1.042395138845
   740 -1.042395139166
   741 -1.042395139482
   742 -1.042395139793
   743 -1.042395140100
   744 -1.042395140401
   745 -1.042395140698
   746 -1.042395140990
   747 -1.042395141278
   748 -1.042395141561
   749 -1.042395141839
   750 -1.042395142114
   751 -1.042395142384
   752 -1.042395142650
   753 -1.042395142912
   754 -1.042395143169
   755 -1.042395143423
   756 -1.042395143673
   757 -1.042395143919
   758 -1.042395144161
   759 -1.042395144399
   760 -1.042395144634
   761 -1.042395144865
   762 -1.042395145092
   763 -1.042395145316
   764 -1.042395145537
   765 -1.042395145753
   766 -1.042395145967
   767 -1.042395146177
   768 -1.042395146384
   769 -1.042395146588
   770 -1.042395146789
   771 -1.042395146986
   772 -1.042395147181
   773 -1.042395147372
   774 -1.042395147561
   775 -1.042395147746
   776 -1.042395147929
   777 -1.042395148109
   778 -1.042395148286
   779 -1.042395148460
   780 -1.042395148632
   781 -1.042395148801
   782 -1.042395148967
   783 -1.042395149131
   784 -1.042395149292
   785 -1.042395149451
   786 -1.042395149608
   787 -1.042395149761
   788 -1.042395149913
   789 -1.042395150062
   790 -1.042395150209
   791 -1.042395150353
   792 -1.042395150496
   793 -1.042395150636
   794 -1.042395150774
   795 -1.042395150910
   796 -1.042395151043
   797 -1.042395151175
   798 -1.042395151305
   799 -1.042395151432
   800 -1.042395151558
   801 -1.042395151682
   802 -1.042395151803
   803 -1.042395151923
   804 -1.042395152041
   805 -1.042395152158
   806 -1.042395152272
   807 -1.042395152385
   808 -1.042395152496
   809 -1.042395152605
   810 -1.042395152712
   811 -1.042395152818
   812 -1.042395152922
   813 -1.042395153025
   814 -1.042395153126
   815 -1.042395153226
   816 -1.042395153324
   817 -1.042395153420
   818 -1.042395153515
   819 -1.042395153608
   820 -1.042395153700
   821 -1.042395153791
   822 -1.042395153880
   823 -1.042395153968
   824 -1.042395154054
   825 -1.042395154140
   826 -1.042395154223
   827 -1.042395154306
   828 -1.042395154387
   829 -1.042395154467
   830 -1.042395154546
   831 -1.042395154624
   832 -1.042395154700
   833 -1.042395154775
   834 -1.042395154849
   835 -1.042395154922
   836 -1.042395154994
   837 -1.042395155064
   838 -1.042395155134
   839 -1.042395155203
   840 -1.042395155270
   841 -1.042395155336
   842 -1.042395155402
   843 -1.042395155466
   844 -1.042395155529
   845 -1.042395155592
   846 -1.042395155653
   847 -1.042395155714
   848 -1.042395155773
   849 -1.042395155832
   850 -1.042395155890
   851 -1.042395155947
   852 -1.042395156003
   853 -1.042395156058
   854 -1.042395156112
   855 -1.042395156165
   856 -1.042395156218
   857 -1.042395156270
   858 -1.042395156321
   859 -1.042395156371
   860 -1.042395156420
   861 -1.042395156469
   862 -1.042395156517
   863 -1.042395156564
   864 -1.042395156611
   865 -1.042395156656
   866 -1.042395156702
   867 -1.042395156746
   868 -1.042395156790
   869 -1.042395156833
   870 -1.042395156875
   871 -1.042395156917
   872 -1.042395156958
   873 -1.042395156998
   874 -1.042395157038
   875 -1.042395157077
   876 -1.042395157116
   877 -1.042395157154
   878 -1.042395157191
   879 -1.042395157228
   880 -1.042395157264
   881 -1.042395157300
   882 -1.042395157335
   883 -1.042395157369
   884 -1.042395157404
   885 -1.042395157437
   886 -1.042395157470
   887 -1.042395157503
   888 -1.042395157535
   889 -1.042395157566
   890 -1.042395157597
   891 -1.042395157628
   892 -1.042395157658
   893 -1.042395157688
   894 -1.042395157717
   895 -1.042395157746
   896 -1.042395157774
   897 -1.042395157802
   898 -1.042395157829
   899 -1.042395157856
   900 -1.042395157883
   901 -1.042395157909
   902 -1.042395157935
   903 -1.042395157960
   904 -1.042395157985
   905 -1.042395158010
   906 -1.042395158034
   907 -1.042395158058
   908 -1.042395158081
   909 -1.042395158105
   910 -1.042395158127
   911 -1.042395158150
   912 -1.042395158172
   913 -1.042395158194
   914 -1.042395158215
   915 -1.042395158236
   916 -1.042395158257
   917 -1.042395158277
   918 -1.042395158297
   919 -1.042395158317
   920 -1.042395158337
   921 -1.042395158356
   922 -1.042395158375
   923 -1.042395158394
   924 -1.042395158412
   925 -1.042395158430
   926 -1.042395158448
   927 -1.042395158465
   928 -1.042395158483
   929 -1.042395158500
   930 -1.042395158516
   931 -1.042395158533
   932 -1.042395158549
   933 -1.042395158565
   934 -1.042395158581
   935 -1.042395158596
   936 -1.042395158611
   937 -1.042395158626
   938 -1.042395158641
   939 -1.042395158656
   940 -1.042395158670
   941 -1.042395158684
   942 -1.042395158698
   943 -1.042395158712
   944 -1.042395158725
   945 -1.042395158738
   946 -1.042395158751
   947 -1.042395158764
   948 -1.042395158777
   949 -1.042395158789
   950 -1.042395158802
   951 -1.042395158814
   952 -1.042395158826
   953 -1.042395158837
   954 -1.042395158849
   955 -1.042395158860
   956 -1.042395158871
   957 -1.042395158882
   958 -1.042395158893
   959 -1.042395158904
   960 -1.042395158915
   961 -1.042395158925
   962 -1.042395158935
   963 -1.042395158945
   964 -1.042395158955
   965 -1.042395158965
   966 -1.042395158974
   967 -1.042395158984
   968 -1.042395158993
   969 -1.042395159002
   970 -1.042395159011
   971 -1.042395159020
   972 -1.042395159029
   973 -1.042395159037
   974 -1.042395159046
   975 -1.042395159054
   976 -1.042395159062
   977 -1.042395159071
   978 -1.042395159079
   979 -1.042395159086
   980 -1.042395159094
   981 -1.042395159102
   982 -1.042395159109
   983 -1.042395159117
   984 -1.042395159124
   985 -1.042395159131
   986 -1.042395159138
   987 -1.042395159145
   988 -1.042395159152
   989 -1.042395159158
   990 -1.042395159165
   991 -1.042395159172
   992 -1.042395159178
   993 -1.042395159184
   994 -1.042395159191
   995 -1.042395159197
   996 -1.042395159203
   997 -1.042395159209
   998 -1.042395159215
   999 -1.042395159220
  1000 -1.042395159226
