     1 -0.926502884811
     2 -0.996881805005
     3 -1.011022487417
     4 -1.017285627244
     5 -1.020298877036
     6 -1.021682065833
     7 -1.022332672015
     8 -1.022655322367
     9 -1.022826146327
    10 -1.022924276271
    11 -1.022986501070
    12 -1.023030431291
    13 -1.023064710780
    14 -1.023093679365
    15 -1.023119561974
    16 -1.023143520344
    17 -1.023166168728
    18 -1.023187831433
    19 -1.023208674420
    20 -1.023228774487
    21 -1.023248157099
    22 -1.023266818196
    23 -1.023284737574
    24 -1.023301887627
    25 -1.023318239341
    26 -1.023333766480
    27 -1.023348448471
    28 -1.023362272229
    29 -1.023375233149
    30 -1.023387335382
    31 -1.023398591555
    32 -1.023409022056
    33 -1.023418654038
    34 -1.023427520235
    35 -1.023435657721
    36 -1.023443106673
    37 -1.023449909221
    38 -1.023456108409
    39 -1.023461747313
    40 -1.023466868306
    41 -1.023471512479
    42 -1.023475719202
    43 -1.023479525820
    44 -1.023482967448
    45 -1.023486076874
    46 -1.023488884508
    47 -1.023491418426
    48 -1.023493704418
    49 -1.023495766098
    50 -1.023497625013
    51 -1.136650107560
    52 -1.011694143215
    53 -1.014689751609
    54 -1.018093068496
    55 -1.020073610574
    56 -1.021320581986
    57 -1.022086849854
    58 -1.022571245976
    59 -1.022870815624
    60 -1.023057094080
    61 -1.023174635269
    62 -1.023251021961
    63 -1.023302665804
    64 -1.023339203270
    65 -1.023366277248
    66 -1.023387216024
    67 -1.023404011822
    68 -1.023417882872
    69 -1.023429594680
    70 -1.023439644227
    71 -1.023448366500
    72 -1.023455996715
    73 -1.023462707174
    74 -1.023468629353
    75 -1.023473867403
    76 -1.023478506477
    77 -1.023482618009
    78 -1.023486263111
    79 -1.023489494829
    80 -1.023492359673
    81 -1.023494898712
    82 -1.023497148366
    83 -1.023499141024
    84 -1.023500905529
    85 -1.023502467580
    86 -1.023503850073
    87 -1.023505073403
    88 -1.023506155721
    89 -1.023507113167
    90 -1.023507960087
    91 -1.023508709214
    92 -1.023509371843
    93 -1.023509957990
    94 -1.023510476525
    95 -1.023510935298
    96 -1.023511341254
    97 -1.023511700535
    98 -1.023512018570
    99 -1.023512300155
   100 -1.023512549527
   101 -1.105497300764
   102 -1.009821881048
   103 -1.014614976544
   104 -1.018233972722
   105 -1.020249833577
   106 -1.021347668343
   107 -1.021964109541
   108 -1.022312235585
   109 -1.022513347648
   110 -1.022631674900
   111 -1.022702902140
   112 -1.022746743880
   113 -1.022774356385
   114 -1.022792134241
   115 -1.022803828780
   116 -1.022811681926
   117 -1.022817062940
   118 -1.022820823900
   119 -1.022823505302
   120 -1.022825455962
   121 -1.022826904914
   122 -1.022828005002
   123 -1.022828859905
   124 -1.022829541109
   125 -1.022830098714
   126 -1.022830568428
   127 -1.022830976135
   128 -1.022831340902
   129 -1.022831677017
   130 -1.022831995331
   131 -1.022832304197
   132 -1.022832610091
   133 -1.022832918048
   134 -1.022833231960
   135 -1.022833554776
   136 -1.022833888644
   137 -1.022834235012
   138 -1.022834594695
   139 -1.022834967936
   140 -1.022835354447
   141 -1.022835753465
   142 -1.022836163795
   143 -1.022836583866
   144 -1.022837011796
   145 -1.022837445455
   146 -1.022837882539
   147 -1.022838320641
   148 -1.022838757328
   149 -1.022839190207
   150 -1.022839616991
   151 -1.159141505601
   152 -1.014744841652
   153 -1.014399336071
   154 -1.017343470156
   155 -1.019591038507
   156 -1.020904779888
   157 -1.021779913498
   158 -1.022316166566
   159 -1.022676114171
   160 -1.022915553614
   161 -1.023080523527
   162 -1.023193047663
   163 -1.023269316125
   164 -1.023321026944
   165 -1.023356742194
   166 -1.023382262654
   167 -1.023401293526
   168 -1.023416118556
   169 -1.023428124881
   170 -1.023438156481
   171 -1.023446734781
   172 -1.023454190836
   173 -1.023460742953
   174 -1.023466541916
   175 -1.023471697290
   176 -1.023476292817
   177 -1.023480395465
   178 -1.023484060832
   179 -1.023487336393
   180 -1.023490263517
   181 -1.023492878749
   182 -1.023495214643
   183 -1.023497300354
   184 -1.023499162061
   185 -1.023500823301
   186 -1.023502305242
   187 -1.023503626914
   188 -1.023504805406
   189 -1.023505856057
   190 -1.023506792623
   191 -1.023507627420
   192 -1.023508371471
   193 -1.023509034630
   194 -1.023509625702
   195 -1.023510152545
   196 -1.023510622169
   197 -1.023511040826
   198 -1.023511414086
   199 -1.023511746914
   200 -1.023512043729
   201 -1.125531709675
   202 -1.007395709813
   203 -1.012601899512
   204 -1.016892572740
   205 -1.019405159542
   206 -1.020793712381
   207 -1.021631990979
   208 -1.022140595354
   209 -1.022459321506
   210 -1.022666300691
   211 -1.022807944236
   212 -1.022913790062
   213 -1.023000342937
   214 -1.023076296318
   215 -1.023144522580
   216 -1.023205005354
   217 -1.023257049186
   218 -1.023300647655
   219 -1.023336619366
   220 -1.023366172131
   221 -1.023390497308
   222 -1.023410597569
   223 -1.023427269884
   224 -1.023441141748
   225 -1.023452711690
   226 -1.023462380872
   227 -1.023470475576
   228 -1.023477263124
   229 -1.023482963515
   230 -1.023487758275
   231 -1.023491797446
   232 -1.023495205195
   233 -1.023498084411
   234 -1.023500520474
   235 -1.023502584336
   236 -1.023504335066
   237 -1.023505821929
   238 -1.023507086092
   239 -1.023508162020
   240 -1.023509078623
   241 -1.023509860192
   242 -1.023510527176
   243 -1.023511096817
   244 -1.023511583675
   245 -1.023512000062
   246 -1.023512356408
   247 -1.023512661554
   248 -1.023512923006
   249 -1.023513147140
   250 -1.023513339383
   251 -1.114367448348
   252 -1.008600353929
   253 -1.012193766586
   254 -1.016171508849
   255 -1.018881437058
   256 -1.020532568555
   257 -1.021563243817
   258 -1.022209094465
   259 -1.022618988481
   260 -1.022882656293
   261 -1.023054813838
   262 -1.023169249925
   263 -1.023247024657
   264 -1.023301309476
   265 -1.023340347766
   266 -1.023369311739
   267 -1.023391467833
   268 -1.023408901973
   269 -1.023422966816
   270 -1.023434556240
   271 -1.023444273967
   272 -1.023452537630
   273 -1.023459643632
   274 -1.023465807919
   275 -1.023471191982
   276 -1.023475919691
   277 -1.023480088322
   278 -1.023483775928
   279 -1.023487046328
   280 -1.023489952563
   281 -1.023492539325
   282 -1.023494844698
   283 -1.023496901442
   284 -1.023498737949
   285 -1.023500378972
   286 -1.023501846200
   287 -1.023503158709
   288 -1.023504333331
   289 -1.023505384950
   290 -1.023506326766
   291 -1.023507170489
   292 -1.023507926540
   293 -1.023508604185
   294 -1.023509211685
   295 -1.023509756405
   296 -1.023510244919
   297 -1.023510683092
   298 -1.023511076171
   299 -1.023511428840
   300 -1.023511745291
   301 -1.133271088094
   302 -1.011042505185
   303 -1.014513952631
   304 -1.017795952052
   305 -1.019745176614
   306 -1.020852402097
   307 -1.021529153674
   308 -1.021944554233
   309 -1.022210105804
   310 -1.022390373245
   311 -1.022527162102
   312 -1.022643855172
   313 -1.022753639868
   314 -1.022860437425
   315 -1.022962690077
   316 -1.023056347177
   317 -1.023138334286
   318 -1.023207668563
   319 -1.023265078323
   320 -1.023312103339
   321 -1.023350437176
   322 -1.023381619584
   323 -1.023406950615
   324 -1.023427499617
   325 -1.023444141638
   326 -1.023457594569
   327 -1.023468449465
   328 -1.023477193758
   329 -1.023484229038
   330 -1.023489885131
   331 -1.023494431697
   332 -1.023498088047
   333 -1.023501031637
   334 -1.023503405355
   335 -1.023505323759
   336 -1.023506878399
   337 -1.023508142222
   338 -1.023509173261
   339 -1.023510017631
   340 -1.023510711965
   341 -1.023511285375
   342 -1.023511761013
   343 -1.023512157328
   344 -1.023512489042
   345 -1.023512767933
   346 -1.023513003452
   347 -1.023513203207
   348 -1.023513373337
   349 -1.023513518820
   350 -1.023513643707
   351 -1.023513751304
   352 -1.023513844327
   353 -1.023513925007
   354 -1.023513995194
   355 -1.023514056426
   356 -1.023514109981
   357 -1.023514156937
   358 -1.023514198196
   359 -1.023514234523
   360 -1.023514266568
   361 -1.023514294881
   362 -1.023514319936
   363 -1.023514342139
   364 -1.023514361840
   365 -1.023514379340
   366 -1.023514394902
   367 -1.023514408753
   368 -1.023514421091
   369 -1.023514432091
   370 -1.023514441904
   371 -1.023514450664
   372 -1.023514458489
   373 -1.023514465481
   374 -1.023514471732
   375 -1.023514477324
   376 -1.023514482326
   377 -1.023514486804
   378 -1.023514490813
   379 -1.023514494404
   380 -1.023514497621
   381 -1.023514500503
   382 -1.023514503086
   383 -1.023514505401
   384 -1.023514507477
   385 -1.023514509338
   386 -1.023514511007
   387 -1.023514512504
   388 -1.023514513847
   389 -1.023514515052
   390 -1.023514516133
   391 -1.023514517102
   392 -1.023514517973
   393 -1.023514518754
   394 -1.023514519455
   395 -1.023514520084
   396 -1.023514520648
   397 -1.023514521155
   398 -1.023514521610
   399 -1.023514522019
   400 -1.023514522385
   401 -1.023514522714
   402 -1.023514523010
   403 -1.023514523275
   404 -1.023514523514
   405 -1.023514523728
   406 -1.023514523920
   407 -1.023514524092
   408 -1.023514524247
   409 -1.023514524386
   410 -1.023514524511
   411 -1.023514524623
   412 -1.023514524724
   413 -1.023514524814
   414 -1.023514524896
   415 -1.023514524969
   416 -1.023514525034
   417 -1.023514525093
   418 -1.023514525146
   419 -1.023514525193
   420 -1.023514525236
   421 -1.023514525274
   422 -1.023514525309
   423 -1.023514525339
   424 -1.023514525367
   425 -1.023514525392
   426 -1.023514525414
   427 -1.023514525435
   428 -1.023514525453
   429 -1.023514525469
   430 -1.023514525483
   431 -1.023514525497
   432 -1.023514525508
   433 -1.023514525519
   434 -1.023514525528
   435 -1.023514525537
   436 -1.023514525544
   437 -1.023514525551
   438 -1.023514525558
   439 -1.023514525563
   440 -1.023514525568
   441 -1.023514525572
   442 -1.023514525577
   443 -1.023514525580
   444 -1.023514525583
   445 -1.023514525586
   446 -1.023514525589
   447 -1.023514525591
   448 -1.023514525593
   449 -1.023514525595
   450 -1.023514525597
   451 -1.023514525598
   452 -1.023514525600
   453 -1.023514525601
   454 -1.023514525602
   455 -1.023514525603
   456 -1.023514525604
   457 -1.023514525605
   458 -1.023514525606
   459 -1.023514525606
   460 -1.023514525607
   461 -1.023514525607
   462 -1.023514525608
   463 -1.023514525608
   464 -1.023514525609
   465 -1.023514525609
   466 -1.023514525609
   467 -1.023514525610
   468 -1.023514525610
   469 -1.023514525610
   470 -1.023514525610
   471 -1.023514525610
   472 -1.023514525611
   473 -1.023514525611
   474 -1.023514525611
   475 -1.023514525611
   476 -1.023514525611
   477 -1.023514525611
   478 -1.023514525611
   479 -1.023514525611
   480 -1.023514525611
   481 -1.023514525611
   482 -1.023514525611
   483 -1.023514525612
   484 -1.023514525612
   485 -1.023514525612
   486 -1.023514525612
   487 -1.023514525612
   488 -1.023514525612
   489 -1.023514525612
   490 -1.023514525612
   491 -1.023514525612
   492 -1.023514525612
   493 -1.023514525612
   494 -1.023514525612
   495 -1.023514525612
   496 -1.023514525612
   497 -1.023514525612
   498 -1.023514525612
   499 -1.023514525612
   500 -1.023514525612
   501 -1.023514525612
   502 -1.023514525612
   503 -1.023514525612
   504 -1.023514525612
   505 -1.023514525612
   506 -1.023514525612
   507 -1.023514525612
   508 -1.023514525612
   509 -1.023514525612
   510 -1.023514525612
   511 -1.023514525612
   512 -1.023514525612
   513 -1.023514525612
   514 -1.023514525612
   515 -1.023514525612
   516 -1.023514525612
   517 -1.023514525612
   518 -1.023514525612
   519 -1.023514525612
   520 -1.023514525612
   521 -1.023514525612
   522 -1.023514525612
   523 -1.023514525612
   524 -1.023514525612
   525 -1.023514525612
   526 -1.023514525612
   527 -1.023514525612
   528 -1.023514525612
   529 -1.023514525612
   530 -1.023514525612
   531 -1.023514525612
   532 -1.023514525612
   533 -1.023514525612
   534 -1.023514525612
   535 -1.023514525612
   536 -1.023514525612
   537 -1.023514525612
   538 -1.023514525612
   539 -1.023514525612
   540 -1.023514525612
   541 -1.023514525612
   542 -1.023514525612
   543 -1.023514525612
   544 -1.023514525612
   545 -1.023514525612
   546 -1.023514525612
   547 -1.023514525612
   548 -1.023514525612
   549 -1.023514525612
   550 -1.023514525612
   551 -1.023514525612
   552 -1.023514525612
   553 -1.023514525612
   554 -1.023514525612
   555 -1.023514525612
   556 -1.023514525612
   557 -1.023514525612
   558 -1.023514525612
   559 -1.023514525612
   560 -1.023514525612
   561 -1.023514525612
   562 -1.023514525612
   563 -1.023514525612
   564 -1.023514525612
   565 -1.023514525612
   566 -1.023514525612
   567 -1.023514525612
   568 -1.023514525612
   569 -1.023514525612
   570 -1.023514525612
   571 -1.023514525612
   572 -1.023514525612
   573 -1.023514525612
   574 -1.023514525612
   575 -1.023514525612
   576 -1.023514525612
   577 -1.023514525612
   578 -1.023514525612
   579 -1.023514525612
   580 -1.023514525612
   581 -1.023514525612
   582 -1.023514525612
   583 -1.023514525612
   584 -1.023514525612
   585 -1.023514525612
   586 -1.023514525612
   587 -1.023514525612
   588 -1.023514525612
   589 -1.023514525612
   590 -1.023514525612
   591 -1.023514525612
   592 -1.023514525612
   593 -1.023514525612
   594 -1.023514525612
   595 -1.023514525612
   596 -1.023514525612
   597 -1.023514525612
   598 -1.023514525612
   599 -1.023514525612
   600 -1.023514525612
   601 -1.023514525612
   602 -1.023514525612
   603 -1.023514525612
   604 -1.023514525612
   605 -1.023514525612
   606 -1.023514525612
   607 -1.023514525612
   608 -1.023514525612
   609 -1.023514525612
   610 -1.023514525612
   611 -1.023514525612
   612 -1.023514525612
   613 -1.023514525612
   614 -1.023514525612
   615 -1.023514525612
   616 -1.023514525612
   617 -1.023514525612
   618 -1.023514525612
   619 -1.023514525612
   620 -1.023514525612
   621 -1.023514525612
   622 -1.023514525612
   623 -1.023514525612
   624 -1.023514525612
   625 -1.023514525612
   626 -1.023514525612
   627 -1.023514525612
   628 -1.023514525612
   629 -1.023514525612
   630 -1.023514525612
   631 -1.023514525612
   632 -1.023514525612
   633 -1.023514525612
   634 -1.023514525612
   635 -1.023514525612
   636 -1.023514525612
   637 -1.023514525612
   638 -1.023514525612
   639 -1.023514525612
   640 -1.023514525612
   641 -1.023514525612
   642 -1.023514525612
   643 -1.023514525612
   644 -1.023514525612
   645 -1.023514525612
   646 -1.023514525612
   647 -1.023514525612
   648 -1.023514525612
   649 -1.023514525612
   650 -1.023514525612
   651 -1.023514525612
   652 -1.023514525612
   653 -1.023514525612
   654 -1.023514525612
   655 -1.023514525612
   656 -1.023514525612
   657 -1.023514525612
   658 -1.023514525612
   659 -1.023514525612
   660 -1.023514525612
   661 -1.023514525612
   662 -1.023514525612
   663 -1.023514525612
   664 -1.023514525612
   665 -1.023514525612
   666 -1.023514525612
   667 -1.023514525612
   668 -1.023514525612
   669 -1.023514525612
   670 -1.023514525612
   671 -1.023514525612
   672 -1.023514525612
   673 -1.023514525612
   674 -1.023514525612
   675 -1.023514525612
   676 -1.023514525612
   677 -1.023514525612
   678 -1.023514525612
   679 -1.023514525612
   680 -1.023514525612
   681 -1.023514525612
   682 -1.023514525612
   683 -1.023514525612
   684 -1.023514525612
   685 -1.023514525612
   686 -1.023514525612
   687 -1.023514525612
   688 -1.023514525612
   689 -1.023514525612
   690 -1.023514525612
   691 -1.023514525612
   692 -1.023514525612
   693 -1.023514525612
   694 -1.023514525612
   695 -1.023514525612
   696 -1.023514525612
   697 -1.023514525612
   698 -1.023514525612
   699 -1.023514525612
   700 -1.023514525612
   701 -1.023514525612
   702 -1.023514525612
   703 -1.023514525612
   704 -1.023514525612
   705 -1.023514525612
   706 -1.023514525612
   707 -1.023514525612
   708 -1.023514525612
   709 -1.023514525612
   710 -1.023514525612
   711 -1.023514525612
   712 -1.023514525612
   713 -1.023514525612
   714 -1.023514525612
   715 -1.023514525612
   716 -1.023514525612
   717 -1.023514525612
   718 -1.023514525612
   719 -1.023514525612
   720 -1.023514525612
   721 -1.023514525612
   722 -1.023514525612
   723 -1.023514525612
   724 -1.023514525612
   725 -1.023514525612
   726 -1.023514525612
   727 -1.023514525612
   728 -1.023514525612
   729 -1.023514525612
   730 -1.023514525612
   731 -1.023514525612
   732 -1.023514525612
   733 -1.023514525612
   734 -1.023514525612
   735 -1.023514525612
   736 -1.023514525612
   737 -1.023514525612
   738 -1.023514525612
   739 -1.023514525612
   740 -1.023514525612
   741 -1.023514525612
   742 -1.023514525612
   743 -1.023514525612
   744 -1.023514525612
   745 -1.023514525612
   746 -1.023514525612
   747 -1.023514525612
   748 -1.023514525612
   749 -1.023514525612
   750 -1.023514525612
   751 -1.023514525612
   752 -1.023514525612
   753 -1.023514525612
   754 -1.023514525612
   755 -1.023514525612
   756 -1.023514525612
   757 -1.023514525612
   758 -1.023514525612
   759 -1.023514525612
   760 -1.023514525612
   761 -1.023514525612
   762 -1.023514525612
   763 -1.023514525612
   764 -1.023514525612
   765 -1.023514525612
   766 -1.023514525612
   767 -1.023514525612
   768 -1.023514525612
   769 -1.023514525612
   770 -1.023514525612
   771 -1.023514525612
   772 -1.023514525612
   773 -1.023514525612
   774 -1.023514525612
   775 -1.023514525612
   776 -1.023514525612
   777 -1.023514525612
   778 -1.023514525612
   779 -1.023514525612
   780 -1.023514525612
   781 -1.023514525612
   782 -1.023514525612
   783 -1.023514525612
   784 -1.023514525612
   785 -1.023514525612
   786 -1.023514525612
   787 -1.023514525612
   788 -1.023514525612
   789 -1.023514525612
   790 -1.023514525612
   791 -1.023514525612
   792 -1.023514525612
   793 -1.023514525612
   794 -1.023514525612
   795 -1.023514525612
   796 -1.023514525612
   797 -1.023514525612
   798 -1.023514525612
   799 -1.023514525612
   800 -1.023514525612
   801 -1.023514525612
   802 -1.023514525612
   803 -1.023514525612
   804 -1.023514525612
   805 -1.023514525612
   806 -1.023514525612
   807 -1.023514525612
   808 -1.023514525612
   809 -1.023514525612
   810 -1.023514525612
   811 -1.023514525612
   812 -1.023514525612
   813 -1.023514525612
   814 -1.023514525612
   815 -1.023514525612
   816 -1.023514525612
   817 -1.023514525612
   818 -1.023514525612
   819 -1.023514525612
   820 -1.023514525612
   821 -1.023514525612
   822 -1.023514525612
   823 -1.023514525612
   824 -1.023514525612
   825 -1.023514525612
   826 -1.023514525612
   827 -1.023514525612
   828 -1.023514525612
   829 -1.023514525612
   830 -1.023514525612
   831 -1.023514525612
   832 -1.023514525612
   833 -1.023514525612
   834 -1.023514525612
   835 -1.023514525612
   836 -1.023514525612
   837 -1.023514525612
   838 -1.023514525612
   839 -1.023514525612
   840 -1.023514525612
   841 -1.023514525612
   842 -1.023514525612
   843 -1.023514525612
   844 -1.023514525612
   845 -1.023514525612
   846 -1.023514525612
   847 -1.023514525612
   848 -1.023514525612
   849 -1.023514525612
   850 -1.023514525612
   851 -1.023514525612
   852 -1.023514525612
   853 -1.023514525612
   854 -1.023514525612
   855 -1.023514525612
   856 -1.023514525612
   857 -1.023514525612
   858 -1.023514525612
   859 -1.023514525612
   860 -1.023514525612
   861 -1.023514525612
   862 -1.023514525612
   863 -1.023514525612
   864 -1.023514525612
   865 -1.023514525612
   866 -1.023514525612
   867 -1.023514525612
   868 -1.023514525612
   869 -1.023514525612
   870 -1.023514525612
   871 -1.023514525612
   872 -1.023514525612
   873 -1.023514525612
   874 -1.023514525612
   875 -1.023514525612
   876 -1.023514525612
   877 -1.023514525612
   878 -1.023514525612
   879 -1.023514525612
   880 -1.023514525612
   881 -1.023514525612
   882 -1.023514525612
   883 -1.023514525612
   884 -1.023514525612
   885 -1.023514525612
   886 -1.023514525612
   887 -1.023514525612
   888 -1.023514525612
   889 -1.023514525612
   890 -1.023514525612
   891 -1.023514525612
   892 -1.023514525612
   893 -1.023514525612
   894 -1.023514525612
   895 -1.023514525612
   896 -1.023514525612
   897 -1.023514525612
   898 -1.023514525612
   899 -1.023514525612
   900 -1.023514525612
   901 -1.023514525612
   902 -1.023514525612
   903 -1.023514525612
   904 -1.023514525612
   905 -1.023514525612
   906 -1.023514525612
   907 -1.023514525612
   908 -1.023514525612
   909 -1.023514525612
   910 -1.023514525612
   911 -1.023514525612
   912 -1.023514525612
   913 -1.023514525612
   914 -1.023514525612
   915 -1.023514525612
   916 -1.023514525612
   917 -1.023514525612
   918 -1.023514525612
   919 -1.023514525612
   920 -1.023514525612
   921 -1.023514525612
   922 -1.023514525612
   923 -1.023514525612
   924 -1.023514525612
   925 -1.023514525612
   926 -1.023514525612
   927 -1.023514525612
   928 -1.023514525612
   929 -1.023514525612
   930 -1.023514525612
   931 -1.023514525612
   932 -1.023514525612
   933 -1.023514525612
   934 -1.023514525612
   935 -1.023514525612
   936 -1.023514525612
   937 -1.023514525612
   938 -1.023514525612
   939 -1.023514525612
   940 -1.023514525612
   941 -1.023514525612
   942 -1.023514525612
   943 -1.023514525612
   944 -1.023514525612
   945 -1.023514525612
   946 -1.023514525612
   947 -1.023514525612
   948 -1.023514525612
   949 -1.023514525612
   950 -1.023514525612
   951 -1.023514525612
   952 -1.023514525612
   953 -1.023514525612
   954 -1.023514525612
   955 -1.023514525612
   956 -1.023514525612
   957 -1.023514525612
   958 -1.023514525612
   959 -1.023514525612
   960 -1.023514525612
   961 -1.023514525612
   962 -1.023514525612
   963 -1.023514525612
   964 -1.023514525612
   965 -1.023514525612
   966 -1.023514525612
   967 -1.023514525612
   968 -1.023514525612
   969 -1.023514525612
   970 -1.023514525612
   971 -1.023514525612
   972 -1.023514525612
   973 -1.023514525612
   974 -1.023514525612
   975 -1.023514525612
   976 -1.023514525612
   977 -1.023514525612
   978 -1.023514525612
   979 -1.023514525612
   980 -1.023514525612
   981 -1.023514525612
   982 -1.023514525612
   983 -1.023514525612
   984 -1.023514525612
   985 -1.023514525612
   986 -1.023514525612
   987 -1.023514525612
   988 -1.023514525612
   989 -1.023514525612
   990 -1.023514525612
   991 -1.023514525612
   992 -1.023514525612
   993 -1.023514525612
   994 -1.023514525612
   995 -1.023514525612
   996 -1.023514525612
   997 -1.023514525612
   998 -1.023514525612
   999 -1.023514525612
  1000 -1.023514525612
  1001 -1.023514525612
  1002 -1.023514525612
  1003 -1.023514525612
  1004 -1.023514525612
  1005 -1.023514525612
  1006 -1.023514525612
  1007 -1.023514525612
  1008 -1.023514525612
  1009 -1.023514525612
  1010 -1.023514525612
  1011 -1.023514525612
  1012 -1.023514525612
  1013 -1.023514525612
  1014 -1.023514525612
  1015 -1.023514525612
  1016 -1.023514525612
  1017 -1.023514525612
  1018 -1.023514525612
  1019 -1.023514525612
  1020 -1.023514525612
  1021 -1.023514525612
  1022 -1.023514525612
  1023 -1.023514525612
  1024 -1.023514525612
  1025 -1.023514525612
  1026 -1.023514525612
  1027 -1.023514525612
  1028 -1.023514525612
  1029 -1.023514525612
  1030 -1.023514525612
  1031 -1.023514525612
  1032 -1.023514525612
  1033 -1.023514525612
  1034 -1.023514525612
  1035 -1.023514525612
  1036 -1.023514525612
  1037 -1.023514525612
  1038 -1.023514525612
  1039 -1.023514525612
  1040 -1.023514525612
  1041 -1.023514525612
  1042 -1.023514525612
  1043 -1.023514525612
  1044 -1.023514525612
  1045 -1.023514525612
  1046 -1.023514525612
  1047 -1.023514525612
  1048 -1.023514525612
  1049 -1.023514525612
  1050 -1.023514525612
  1051 -1.023514525612
  1052 -1.023514525612
  1053 -1.023514525612
  1054 -1.023514525612
  1055 -1.023514525612
  1056 -1.023514525612
  1057 -1.023514525612
  1058 -1.023514525612
  1059 -1.023514525612
  1060 -1.023514525612
  1061 -1.023514525612
  1062 -1.023514525612
  1063 -1.023514525612
  1064 -1.023514525612
  1065 -1.023514525612
  1066 -1.023514525612
  1067 -1.023514525612
  1068 -1.023514525612
  1069 -1.023514525612
  1070 -1.023514525612
  1071 -1.023514525612
  1072 -1.023514525612
  1073 -1.023514525612
  1074 -1.023514525612
  1075 -1.023514525612
  1076 -1.023514525612
  1077 -1.023514525612
  1078 -1.023514525612
  1079 -1.023514525612
  1080 -1.023514525612
  1081 -1.023514525612
  1082 -1.023514525612
  1083 -1.023514525612
  1084 -1.023514525612
  1085 -1.023514525612
  1086 -1.023514525612
  1087 -1.023514525612
  1088 -1.023514525612
  1089 -1.023514525612
  1090 -1.023514525612
  1091 -1.023514525612
  1092 -1.023514525612
  1093 -1.023514525612
  1094 -1.023514525612
  1095 -1.023514525612
  1096 -1.023514525612
  1097 -1.023514525612
  1098 -1.023514525612
  1099 -1.023514525612
  1100 -1.023514525612
  1101 -1.023514525612
  1102 -1.023514525612
  1103 -1.023514525612
  1104 -1.023514525612
  1105 -1.023514525612
  1106 -1.023514525612
  1107 -1.023514525612
  1108 -1.023514525612
  1109 -1.023514525612
  1110 -1.023514525612
  1111 -1.023514525612
  1112 -1.023514525612
  1113 -1.023514525612
  1114 -1.023514525612
  1115 -1.023514525612
  1116 -1.023514525612
  1117 -1.023514525612
  1118 -1.023514525612
  1119 -1.023514525612
  1120 -1.023514525612
  1121 -1.023514525612
  1122 -1.023514525612
  1123 -1.023514525612
  1124 -1.023514525612
  1125 -1.023514525612
  1126 -1.023514525612
  1127 -1.023514525612
  1128 -1.023514525612
  1129 -1.023514525612
  1130 -1.023514525612
  1131 -1.023514525612
  1132 -1.023514525612
  1133 -1.023514525612
  1134 -1.023514525612
  1135 -1.023514525612
  1136 -1.023514525612
  1137 -1.023514525612
  1138 -1.023514525612
  1139 -1.023514525612
  1140 -1.023514525612
  1141 -1.023514525612
  1142 -1.023514525612
  1143 -1.023514525612
  1144 -1.023514525612
  1145 -1.023514525612
  1146 -1.023514525612
  1147 -1.023514525612
  1148 -1.023514525612
  1149 -1.023514525612
  1150 -1.023514525612
  1151 -1.023514525612
  1152 -1.023514525612
  1153 -1.023514525612
  1154 -1.023514525612
  1155 -1.023514525612
  1156 -1.023514525612
  1157 -1.023514525612
  1158 -1.023514525612
  1159 -1.023514525612
  1160 -1.023514525612
  1161 -1.023514525612
  1162 -1.023514525612
  1163 -1.023514525612
  1164 -1.023514525612
  1165 -1.023514525612
  1166 -1.023514525612
  1167 -1.023514525612
  1168 -1.023514525612
  1169 -1.023514525612
  1170 -1.023514525612
  1171 -1.023514525612
  1172 -1.023514525612
  1173 -1.023514525612
  1174 -1.023514525612
  1175 -1.023514525612
  1176 -1.023514525612
  1177 -1.023514525612
  1178 -1.023514525612
  1179 -1.023514525612
  1180 -1.023514525612
  1181 -1.023514525612
  1182 -1.023514525612
  1183 -1.023514525612
  1184 -1.023514525612
  1185 -1.023514525612
  1186 -1.023514525612
  1187 -1.023514525612
  1188 -1.023514525612
  1189 -1.023514525612
  1190 -1.023514525612
  1191 -1.023514525612
  1192 -1.023514525612
  1193 -1.023514525612
  1194 -1.023514525612
  1195 -1.023514525612
  1196 -1.023514525612
  1197 -1.023514525612
  1198 -1.023514525612
  1199 -1.023514525612
  1200 -1.023514525612
  1201 -1.023514525612
  1202 -1.023514525612
  1203 -1.023514525612
  1204 -1.023514525612
  1205 -1.023514525612
  1206 -1.023514525612
  1207 -1.023514525612
  1208 -1.023514525612
  1209 -1.023514525612
  1210 -1.023514525612
  1211 -1.023514525612
  1212 -1.023514525612
  1213 -1.023514525612
  1214 -1.023514525612
  1215 -1.023514525612
  1216 -1.023514525612
  1217 -1.023514525612
  1218 -1.023514525612
  1219 -1.023514525612
  1220 -1.023514525612
  1221 -1.023514525612
  1222 -1.023514525612
  1223 -1.023514525612
  1224 -1.023514525612
  1225 -1.023514525612
  1226 -1.023514525612
  1227 -1.023514525612
  1228 -1.023514525612
  1229 -1.023514525612
  1230 -1.023514525612
  1231 -1.023514525612
  1232 -1.023514525612
  1233 -1.023514525612
  1234 -1.023514525612
  1235 -1.023514525612
  1236 -1.023514525612
  1237 -1.023514525612
  1238 -1.023514525612
  1239 -1.023514525612
  1240 -1.023514525612
  1241 -1.023514525612
  1242 -1.023514525612
  1243 -1.023514525612
  1244 -1.023514525612
  1245 -1.023514525612
  1246 -1.023514525612
  1247 -1.023514525612
  1248 -1.023514525612
  1249 -1.023514525612
  1250 -1.023514525612
  1251 -1.023514525612
  1252 -1.023514525612
  1253 -1.023514525612
  1254 -1.023514525612
  1255 -1.023514525612
  1256 -1.023514525612
  1257 -1.023514525612
  1258 -1.023514525612
  1259 -1.023514525612
  1260 -1.023514525612
  1261 -1.023514525612
  1262 -1.023514525612
  1263 -1.023514525612
  1264 -1.023514525612
  1265 -1.023514525612
  1266 -1.023514525612
  1267 -1.023514525612
  1268 -1.023514525612
  1269 -1.023514525612
  1270 -1.023514525612
  1271 -1.023514525612
  1272 -1.023514525612
  1273 -1.023514525612
  1274 -1.023514525612
  1275 -1.023514525612
  1276 -1.023514525612
  1277 -1.023514525612
  1278 -1.023514525612
  1279 -1.023514525612
  1280 -1.023514525612
  1281 -1.023514525612
  1282 -1.023514525612
  1283 -1.023514525612
  1284 -1.023514525612
  1285 -1.023514525612
  1286 -1.023514525612
  1287 -1.023514525612
  1288 -1.023514525612
  1289 -1.023514525612
  1290 -1.023514525612
  1291 -1.023514525612
  1292 -1.023514525612
  1293 -1.023514525612
  1294 -1.023514525612
  1295 -1.023514525612
  1296 -1.023514525612
  1297 -1.023514525612
  1298 -1.023514525612
  1299 -1.023514525612
  1300 -1.023514525612
  1301 -1.023514525612
  1302 -1.023514525612
  1303 -1.023514525612
  1304 -1.023514525612
  1305 -1.023514525612
  1306 -1.023514525612
  1307 -1.023514525612
  1308 -1.023514525612
  1309 -1.023514525612
  1310 -1.023514525612
  1311 -1.023514525612
  1312 -1.023514525612
  1313 -1.023514525612
  1314 -1.023514525612
  1315 -1.023514525612
  1316 -1.023514525612
  1317 -1.023514525612
  1318 -1.023514525612
  1319 -1.023514525612
  1320 -1.023514525612
  1321 -1.023514525612
  1322 -1.023514525612
  1323 -1.023514525612
  1324 -1.023514525612
  1325 -1.023514525612
  1326 -1.023514525612
  1327 -1.023514525612
  1328 -1.023514525612
  1329 -1.023514525612
  1330 -1.023514525612
  1331 -1.023514525612
  1332 -1.023514525612
  1333 -1.023514525612
  1334 -1.023514525612
  1335 -1.023514525612
  1336 -1.023514525612
  1337 -1.023514525612
  1338 -1.023514525612
  1339 -1.023514525612
  1340 -1.023514525612
  1341 -1.023514525612
  1342 -1.023514525612
  1343 -1.023514525612
  1344 -1.023514525612
  1345 -1.023514525612
  1346 -1.023514525612
  1347 -1.023514525612
  1348 -1.023514525612
  1349 -1.023514525612
  1350 -1.023514525612
  1351 -1.023514525612
  1352 -1.023514525612
  1353 -1.023514525612
  1354 -1.023514525612
  1355 -1.023514525612
  1356 -1.023514525612
  1357 -1.023514525612
  1358 -1.023514525612
  1359 -1.023514525612
  1360 -1.023514525612
  1361 -1.023514525612
  1362 -1.023514525612
  1363 -1.023514525612
  1364 -1.023514525612
  1365 -1.023514525612
  1366 -1.023514525612
  1367 -1.023514525612
  1368 -1.023514525612
  1369 -1.023514525612
  1370 -1.023514525612
  1371 -1.023514525612
  1372 -1.023514525612
  1373 -1.023514525612
  1374 -1.023514525612
  1375 -1.023514525612
  1376 -1.023514525612
  1377 -1.023514525612
  1378 -1.023514525612
  1379 -1.023514525612
  1380 -1.023514525612
  1381 -1.023514525612
  1382 -1.023514525612
  1383 -1.023514525612
  1384 -1.023514525612
  1385 -1.023514525612
  1386 -1.023514525612
  1387 -1.023514525612
  1388 -1.023514525612
  1389 -1.023514525612
  1390 -1.023514525612
  1391 -1.023514525612
  1392 -1.023514525612
  1393 -1.023514525612
  1394 -1.023514525612
  1395 -1.023514525612
  1396 -1.023514525612
  1397 -1.023514525612
  1398 -1.023514525612
  1399 -1.023514525612
  1400 -1.023514525612
  1401 -1.023514525612
  1402 -1.023514525612
  1403 -1.023514525612
  1404 -1.023514525612
  1405 -1.023514525612
  1406 -1.023514525612
  1407 -1.023514525612
  1408 -1.023514525612
  1409 -1.023514525612
  1410 -1.023514525612
  1411 -1.023514525612
  1412 -1.023514525612
  1413 -1.023514525612
  1414 -1.023514525612
  1415 -1.023514525612
  1416 -1.023514525612
  1417 -1.023514525612
  1418 -1.023514525612
  1419 -1.023514525612
  1420 -1.023514525612
  1421 -1.023514525612
  1422 -1.023514525612
  1423 -1.023514525612
  1424 -1.023514525612
  1425 -1.023514525612
  1426 -1.023514525612
  1427 -1.023514525612
  1428 -1.023514525612
  1429 -1.023514525612
  1430 -1.023514525612
  1431 -1.023514525612
  1432 -1.023514525612
  1433 -1.023514525612
  1434 -1.023514525612
  1435 -1.023514525612
  1436 -1.023514525612
  1437 -1.023514525612
  1438 -1.023514525612
  1439 -1.023514525612
  1440 -1.023514525612
  1441 -1.023514525612
  1442 -1.023514525612
  1443 -1.023514525612
  1444 -1.023514525612
  1445 -1.023514525612
  1446 -1.023514525612
  1447 -1.023514525612
  1448 -1.023514525612
  1449 -1.023514525612
  1450 -1.023514525612
  1451 -1.023514525612
  1452 -1.023514525612
  1453 -1.023514525612
  1454 -1.023514525612
  1455 -1.023514525612
  1456 -1.023514525612
  1457 -1.023514525612
  1458 -1.023514525612
  1459 -1.023514525612
  1460 -1.023514525612
  1461 -1.023514525612
  1462 -1.023514525612
  1463 -1.023514525612
  1464 -1.023514525612
  1465 -1.023514525612
  1466 -1.023514525612
  1467 -1.023514525612
  1468 -1.023514525612
  1469 -1.023514525612
  1470 -1.023514525612
  1471 -1.023514525612
  1472 -1.023514525612
  1473 -1.023514525612
  1474 -1.023514525612
  1475 -1.023514525612
  1476 -1.023514525612
  1477 -1.023514525612
  1478 -1.023514525612
  1479 -1.023514525612
  1480 -1.023514525612
  1481 -1.023514525612
  1482 -1.023514525612
  1483 -1.023514525612
  1484 -1.023514525612
  1485 -1.023514525612
  1486 -1.023514525612
  1487 -1.023514525612
  1488 -1.023514525612
  1489 -1.023514525612
  1490 -1.023514525612
  1491 -1.023514525612
  1492 -1.023514525612
  1493 -1.023514525612
  1494 -1.023514525612
  1495 -1.023514525612
  1496 -1.023514525612
  1497 -1.023514525612
  1498 -1.023514525612
  1499 -1.023514525612
  1500 -1.023514525612
  1501 -1.023514525612
  1502 -1.023514525612
  1503 -1.023514525612
  1504 -1.023514525612
  1505 -1.023514525612
  1506 -1.023514525612
  1507 -1.023514525612
  1508 -1.023514525612
  1509 -1.023514525612
  1510 -1.023514525612
  1511 -1.023514525612
  1512 -1.023514525612
  1513 -1.023514525612
  1514 -1.023514525612
  1515 -1.023514525612
  1516 -1.023514525612
  1517 -1.023514525612
  1518 -1.023514525612
  1519 -1.023514525612
  1520 -1.023514525612
  1521 -1.023514525612
  1522 -1.023514525612
  1523 -1.023514525612
  1524 -1.023514525612
  1525 -1.023514525612
  1526 -1.023514525612
  1527 -1.023514525612
  1528 -1.023514525612
  1529 -1.023514525612
  1530 -1.023514525612
  1531 -1.023514525612
  1532 -1.023514525612
  1533 -1.023514525612
  1534 -1.023514525612
  1535 -1.023514525612
  1536 -1.023514525612
  1537 -1.023514525612
  1538 -1.023514525612
  1539 -1.023514525612
  1540 -1.023514525612
  1541 -1.023514525612
  1542 -1.023514525612
  1543 -1.023514525612
  1544 -1.023514525612
  1545 -1.023514525612
  1546 -1.023514525612
  1547 -1.023514525612
  1548 -1.023514525612
  1549 -1.023514525612
  1550 -1.023514525612
  1551 -1.023514525612
  1552 -1.023514525612
  1553 -1.023514525612
  1554 -1.023514525612
  1555 -1.023514525612
  1556 -1.023514525612
  1557 -1.023514525612
  1558 -1.023514525612
  1559 -1.023514525612
  1560 -1.023514525612
  1561 -1.023514525612
  1562 -1.023514525612
  1563 -1.023514525612
  1564 -1.023514525612
  1565 -1.023514525612
  1566 -1.023514525612
  1567 -1.023514525612
  1568 -1.023514525612
  1569 -1.023514525612
  1570 -1.023514525612
  1571 -1.023514525612
  1572 -1.023514525612
  1573 -1.023514525612
  1574 -1.023514525612
  1575 -1.023514525612
  1576 -1.023514525612
  1577 -1.023514525612
  1578 -1.023514525612
  1579 -1.023514525612
  1580 -1.023514525612
  1581 -1.023514525612
  1582 -1.023514525612
  1583 -1.023514525612
  1584 -1.023514525612
  1585 -1.023514525612
  1586 -1.023514525612
  1587 -1.023514525612
  1588 -1.023514525612
  1589 -1.023514525612
  1590 -1.023514525612
  1591 -1.023514525612
  1592 -1.023514525612
  1593 -1.023514525612
  1594 -1.023514525612
  1595 -1.023514525612
  1596 -1.023514525612
  1597 -1.023514525612
  1598 -1.023514525612
  1599 -1.023514525612
  1600 -1.023514525612
  1601 -1.023514525612
  1602 -1.023514525612
  1603 -1.023514525612
  1604 -1.023514525612
  1605 -1.023514525612
  1606 -1.023514525612
  1607 -1.023514525612
  1608 -1.023514525612
  1609 -1.023514525612
  1610 -1.023514525612
  1611 -1.023514525612
  1612 -1.023514525612
  1613 -1.023514525612
  1614 -1.023514525612
  1615 -1.023514525612
  1616 -1.023514525612
  1617 -1.023514525612
  1618 -1.023514525612
  1619 -1.023514525612
  1620 -1.023514525612
  1621 -1.023514525612
  1622 -1.023514525612
  1623 -1.023514525612
  1624 -1.023514525612
  1625 -1.023514525612
  1626 -1.023514525612
  1627 -1.023514525612
  1628 -1.023514525612
  1629 -1.023514525612
  1630 -1.023514525612
  1631 -1.023514525612
  1632 -1.023514525612
  1633 -1.023514525612
  1634 -1.023514525612
  1635 -1.023514525612
  1636 -1.023514525612
  1637 -1.023514525612
  1638 -1.023514525612
  1639 -1.023514525612
  1640 -1.023514525612
  1641 -1.023514525612
  1642 -1.023514525612
  1643 -1.023514525612
  1644 -1.023514525612
  1645 -1.023514525612
  1646 -1.023514525612
  1647 -1.023514525612
  1648 -1.023514525612
  1649 -1.023514525612
  1650 -1.023514525612
  1651 -1.023514525612
  1652 -1.023514525612
  1653 -1.023514525612
  1654 -1.023514525612
  1655 -1.023514525612
  1656 -1.023514525612
  1657 -1.023514525612
  1658 -1.023514525612
  1659 -1.023514525612
  1660 -1.023514525612
  1661 -1.023514525612
  1662 -1.023514525612
  1663 -1.023514525612
  1664 -1.023514525612
  1665 -1.023514525612
  1666 -1.023514525612
  1667 -1.023514525612
  1668 -1.023514525612
  1669 -1.023514525612
  1670 -1.023514525612
  1671 -1.023514525612
  1672 -1.023514525612
  1673 -1.023514525612
  1674 -1.023514525612
  1675 -1.023514525612
  1676 -1.023514525612
  1677 -1.023514525612
  1678 -1.023514525612
  1679 -1.023514525612
  1680 -1.023514525612
  1681 -1.023514525612
  1682 -1.023514525612
  1683 -1.023514525612
  1684 -1.023514525612
  1685 -1.023514525612
  1686 -1.023514525612
  1687 -1.023514525612
  1688 -1.023514525612
  1689 -1.023514525612
  1690 -1.023514525612
  1691 -1.023514525612
  1692 -1.023514525612
  1693 -1.023514525612
  1694 -1.023514525612
  1695 -1.023514525612
  1696 -1.023514525612
  1697 -1.023514525612
  1698 -1.023514525612
  1699 -1.023514525612
  1700 -1.023514525612
  1701 -1.023514525612
  1702 -1.023514525612
  1703 -1.023514525612
  1704 -1.023514525612
  1705 -1.023514525612
  1706 -1.023514525612
  1707 -1.023514525612
  1708 -1.023514525612
  1709 -1.023514525612
  1710 -1.023514525612
  1711 -1.023514525612
  1712 -1.023514525612
  1713 -1.023514525612
  1714 -1.023514525612
  1715 -1.023514525612
  1716 -1.023514525612
  1717 -1.023514525612
  1718 -1.023514525612
  1719 -1.023514525612
  1720 -1.023514525612
  1721 -1.023514525612
  1722 -1.023514525612
  1723 -1.023514525612
  1724 -1.023514525612
  1725 -1.023514525612
  1726 -1.023514525612
  1727 -1.023514525612
  1728 -1.023514525612
  1729 -1.023514525612
  1730 -1.023514525612
  1731 -1.023514525612
  1732 -1.023514525612
  1733 -1.023514525612
  1734 -1.023514525612
  1735 -1.023514525612
  1736 -1.023514525612
  1737 -1.023514525612
  1738 -1.023514525612
  1739 -1.023514525612
  1740 -1.023514525612
  1741 -1.023514525612
  1742 -1.023514525612
  1743 -1.023514525612
  1744 -1.023514525612
  1745 -1.023514525612
  1746 -1.023514525612
  1747 -1.023514525612
  1748 -1.023514525612
  1749 -1.023514525612
  1750 -1.023514525612
  1751 -1.023514525612
  1752 -1.023514525612
  1753 -1.023514525612
  1754 -1.023514525612
  1755 -1.023514525612
  1756 -1.023514525612
  1757 -1.023514525612
  1758 -1.023514525612
  1759 -1.023514525612
  1760 -1.023514525612
  1761 -1.023514525612
  1762 -1.023514525612
  1763 -1.023514525612
  1764 -1.023514525612
  1765 -1.023514525612
  1766 -1.023514525612
  1767 -1.023514525612
  1768 -1.023514525612
  1769 -1.023514525612
  1770 -1.023514525612
  1771 -1.023514525612
  1772 -1.023514525612
  1773 -1.023514525612
  1774 -1.023514525612
  1775 -1.023514525612
  1776 -1.023514525612
  1777 -1.023514525612
  1778 -1.023514525612
  1779 -1.023514525612
  1780 -1.023514525612
  1781 -1.023514525612
  1782 -1.023514525612
  1783 -1.023514525612
  1784 -1.023514525612
  1785 -1.023514525612
  1786 -1.023514525612
  1787 -1.023514525612
  1788 -1.023514525612
  1789 -1.023514525612
  1790 -1.023514525612
  1791 -1.023514525612
  1792 -1.023514525612
  1793 -1.023514525612
  1794 -1.023514525612
  1795 -1.023514525612
  1796 -1.023514525612
  1797 -1.023514525612
  1798 -1.023514525612
  1799 -1.023514525612
  1800 -1.023514525612
  1801 -1.023514525612
  1802 -1.023514525612
  1803 -1.023514525612
  1804 -1.023514525612
  1805 -1.023514525612
  1806 -1.023514525612
  1807 -1.023514525612
  1808 -1.023514525612
  1809 -1.023514525612
  1810 -1.023514525612
  1811 -1.023514525612
  1812 -1.023514525612
  1813 -1.023514525612
  1814 -1.023514525612
  1815 -1.023514525612
  1816 -1.023514525612
  1817 -1.023514525612
  1818 -1.023514525612
  1819 -1.023514525612
  1820 -1.023514525612
  1821 -1.023514525612
  1822 -1.023514525612
  1823 -1.023514525612
  1824 -1.023514525612
  1825 -1.023514525612
  1826 -1.023514525612
  1827 -1.023514525612
  1828 -1.023514525612
  1829 -1.023514525612
  1830 -1.023514525612
  1831 -1.023514525612
  1832 -1.023514525612
  1833 -1.023514525612
  1834 -1.023514525612
  1835 -1.023514525612
  1836 -1.023514525612
  1837 -1.023514525612
  1838 -1.023514525612
  1839 -1.023514525612
  1840 -1.023514525612
  1841 -1.023514525612
  1842 -1.023514525612
  1843 -1.023514525612
  1844 -1.023514525612
  1845 -1.023514525612
  1846 -1.023514525612
  1847 -1.023514525612
  1848 -1.023514525612
  1849 -1.023514525612
  1850 -1.023514525612
  1851 -1.023514525612
  1852 -1.023514525612
  1853 -1.023514525612
  1854 -1.023514525612
  1855 -1.023514525612
  1856 -1.023514525612
  1857 -1.023514525612
  1858 -1.023514525612
  1859 -1.023514525612
  1860 -1.023514525612
  1861 -1.023514525612
  1862 -1.023514525612
  1863 -1.023514525612
  1864 -1.023514525612
  1865 -1.023514525612
  1866 -1.023514525612
  1867 -1.023514525612
  1868 -1.023514525612
  1869 -1.023514525612
  1870 -1.023514525612
  1871 -1.023514525612
  1872 -1.023514525612
  1873 -1.023514525612
  1874 -1.023514525612
  1875 -1.023514525612
  1876 -1.023514525612
  1877 -1.023514525612
  1878 -1.023514525612
  1879 -1.023514525612
  1880 -1.023514525612
  1881 -1.023514525612
  1882 -1.023514525612
  1883 -1.023514525612
  1884 -1.023514525612
  1885 -1.023514525612
  1886 -1.023514525612
  1887 -1.023514525612
  1888 -1.023514525612
  1889 -1.023514525612
  1890 -1.023514525612
  1891 -1.023514525612
  1892 -1.023514525612
  1893 -1.023514525612
  1894 -1.023514525612
  1895 -1.023514525612
  1896 -1.023514525612
  1897 -1.023514525612
  1898 -1.023514525612
  1899 -1.023514525612
  1900 -1.023514525612
  1901 -1.023514525612
  1902 -1.023514525612
  1903 -1.023514525612
  1904 -1.023514525612
  1905 -1.023514525612
  1906 -1.023514525612
  1907 -1.023514525612
  1908 -1.023514525612
  1909 -1.023514525612
  1910 -1.023514525612
  1911 -1.023514525612
  1912 -1.023514525612
  1913 -1.023514525612
  1914 -1.023514525612
  1915 -1.023514525612
  1916 -1.023514525612
  1917 -1.023514525612
  1918 -1.023514525612
  1919 -1.023514525612
  1920 -1.023514525612
  1921 -1.023514525612
  1922 -1.023514525612
  1923 -1.023514525612
  1924 -1.023514525612
  1925 -1.023514525612
  1926 -1.023514525612
  1927 -1.023514525612
  1928 -1.023514525612
  1929 -1.023514525612
  1930 -1.023514525612
  1931 -1.023514525612
  1932 -1.023514525612
  1933 -1.023514525612
  1934 -1.023514525612
  1935 -1.023514525612
  1936 -1.023514525612
  1937 -1.023514525612
  1938 -1.023514525612
  1939 -1.023514525612
  1940 -1.023514525612
  1941 -1.023514525612
  1942 -1.023514525612
  1943 -1.023514525612
  1944 -1.023514525612
  1945 -1.023514525612
  1946 -1.023514525612
  1947 -1.023514525612
  1948 -1.023514525612
  1949 -1.023514525612
  1950 -1.023514525612
  1951 -1.023514525612
  1952 -1.023514525612
  1953 -1.023514525612
  1954 -1.023514525612
  1955 -1.023514525612
  1956 -1.023514525612
  1957 -1.023514525612
  1958 -1.023514525612
  1959 -1.023514525612
  1960 -1.023514525612
  1961 -1.023514525612
  1962 -1.023514525612
  1963 -1.023514525612
  1964 -1.023514525612
  1965 -1.023514525612
  1966 -1.023514525612
  1967 -1.023514525612
  1968 -1.023514525612
  1969 -1.023514525612
  1970 -1.023514525612
  1971 -1.023514525612
  1972 -1.023514525612
  1973 -1.023514525612
  1974 -1.023514525612
  1975 -1.023514525612
  1976 -1.023514525612
  1977 -1.023514525612
  1978 -1.023514525612
  1979 -1.023514525612
  1980 -1.023514525612
  1981 -1.023514525612
  1982 -1.023514525612
  1983 -1.023514525612
  1984 -1.023514525612
  1985 -1.023514525612
  1986 -1.023514525612
  1987 -1.023514525612
  1988 -1.023514525612
  1989 -1.023514525612
  1990 -1.023514525612
  1991 -1.023514525612
  1992 -1.023514525612
  1993 -1.023514525612
  1994 -1.023514525612
  1995 -1.023514525612
  1996 -1.023514525612
  1997 -1.023514525612
  1998 -1.023514525612
  1999 -1.023514525612
  2000 -1.023514525612
