     1 -0.899996684092
     2 -1.037964385498
     3 -1.016208022454
     4 -1.009310242040
     5 -1.008890195435
     6 -1.009263573857
     7 -1.009754942911
     8 -1.010270703784
     9 -1.010860364107
    10 -1.011658570734
    11 -1.012819297369
    12 -1.014395039225
    13 -1.016275615989
    14 -1.018232406814
    15 -1.020017462565
    16 -1.021491906769
    17 -1.022644252101
    18 -1.023525235849
    19 -1.024197360733
    20 -1.024714871599
    21 -1.025119426406
    22 -1.025441327575
    23 -1.025702092496
    24 -1.025916895915
    25 -1.026096489098
    26 -1.026248584024
    27 -1.026378808576
    28 -1.026491350435
    29 -1.026589387949
    30 -1.026675379216
    31 -1.026751257914
    32 -1.026818568585
    33 -1.026878561038
    34 -1.026932258504
    35 -1.026980506887
    36 -1.027024011857
    37 -1.027063366529
    38 -1.027099072905
    39 -1.027131558652
    40 -1.027161190040
    41 -1.027188282415
    42 -1.027213108718
    43 -1.027235906086
    44 -1.027256881463
    45 -1.027276216141
    46 -1.027294069509
    47 -1.027310582181
    48 -1.027325878569
    49 -1.027340069199
    50 -1.027353252401
    51 -1.116515877342
    52 -1.001650644541
    53 -1.011607280736
    54 -1.019348978439
    55 -1.023387818488
    56 -1.025437160795
    57 -1.026473536765
    58 -1.026997085609
    59 -1.027262265538
    60 -1.027397915972
    61 -1.027468552647
    62 -1.027506295297
    63 -1.027527138736
    64 -1.027539108091
    65 -1.027546286744
    66 -1.027550794900
    67 -1.027553762056
    68 -1.027555808210
    69 -1.027557285061
    70 -1.027558398751
    71 -1.027559274065
    72 -1.027559988749
    73 -1.027560592477
    74 -1.027561117670
    75 -1.027561585869
    76 -1.027562011607
    77 -1.027562404816
    78 -1.027562772378
    79 -1.027563119117
    80 -1.027563448464
    81 -1.027563762899
    82 -1.027564064246
    83 -1.027564353875
    84 -1.027564632839
    85 -1.027564901970
    86 -1.027565161943
    87 -1.027565413317
    88 -1.027565656572
    89 -1.027565892125
    90 -1.027566120348
    91 -1.027566341576
    92 -1.027566556120
    93 -1.027566764264
    94 -1.027566966275
    95 -1.027567162405
    96 -1.027567352890
    97 -1.027567537954
    98 -1.027567717810
    99 -1.027567892662
   100 -1.027568062702
   101 -1.141459996189
   102 -1.012735609005
   103 -1.019012637060
   104 -1.023678219538
   105 -1.025740470085
   106 -1.026683473298
   107 -1.027126135642
   108 -1.027338401044
   109 -1.027442401862
   110 -1.027494615662
   111 -1.027521610907
   112 -1.027536081272
   113 -1.027544191701
   114 -1.027548990131
   115 -1.027552013903
   116 -1.027554055710
   117 -1.027555534491
   118 -1.027556677636
   119 -1.027557612117
   120 -1.027558410961
   121 -1.027559117445
   122 -1.027559757993
   123 -1.027560349223
   124 -1.027560901893
   125 -1.027561423171
   126 -1.027561917975
   127 -1.027562389782
   128 -1.027562841130
   129 -1.027563273930
   130 -1.027563689671
   131 -1.027564089549
   132 -1.027564474558
   133 -1.027564845543
   134 -1.027565203243
   135 -1.027565548319
   136 -1.027565881365
   137 -1.027566202931
   138 -1.027566513523
   139 -1.027566813617
   140 -1.027567103657
   141 -1.027567384063
   142 -1.027567655235
   143 -1.027567917548
   144 -1.027568171362
   145 -1.027568417017
   146 -1.027568654840
   147 -1.027568885139
   148 -1.027569108211
   149 -1.027569324337
   150 -1.027569533788
   151 -1.090169209832
   152 -1.009969690670
   153 -1.017923767293
   154 -1.023229248117
   155 -1.025610860396
   156 -1.026645351749
   157 -1.027098997938
   158 -1.027304530135
   159 -1.027402268025
   160 -1.027451679499
   161 -1.027478512186
   162 -1.027494266847
   163 -1.027504281721
   164 -1.027511147276
   165 -1.027516184053
   166 -1.027520100873
   167 -1.027523298015
   168 -1.027526012338
   169 -1.027528389813
   170 -1.027530523498
   171 -1.027532474388
   172 -1.027534283391
   173 -1.027535978500
   174 -1.027537579228
   175 -1.027539099432
   176 -1.027540549156
   177 -1.027541935835
   178 -1.027543265115
   179 -1.027544541396
   180 -1.027545768204
   181 -1.027546948448
   182 -1.027548084591
   183 -1.027549178772
   184 -1.027550232890
   185 -1.027551248662
   186 -1.027552227660
   187 -1.027553171346
   188 -1.027554081089
   189 -1.027554958177
   190 -1.027555803835
   191 -1.027556619226
   192 -1.027557405461
   193 -1.027558163604
   194 -1.027558894674
   195 -1.027559599647
   196 -1.027560279462
   197 -1.027560935022
   198 -1.027561567195
   199 -1.027562176815
   200 -1.027562764686
   201 -1.121592900319
   202 -1.017581347454
   203 -1.021745903885
   204 -1.024897768096
   205 -1.026290367110
   206 -1.026913570324
   207 -1.027202718669
   208 -1.027343067715
   209 -1.027414918229
   210 -1.027454050285
   211 -1.027476900357
   212 -1.027491272643
   213 -1.027501008617
   214 -1.027508074754
   215 -1.027513520650
   216 -1.027517931155
   217 -1.027521646342
   218 -1.027524872150
   219 -1.027527738075
   220 -1.027530328411
   221 -1.027532699803
   222 -1.027534891483
   223 -1.027536931427
   224 -1.027538840168
   225 -1.027540633219
   226 -1.027542322640
   227 -1.027543918072
   228 -1.027545427428
   229 -1.027546857359
   230 -1.027548213576
   231 -1.027549501072
   232 -1.027550724278
   233 -1.027551887178
   234 -1.027552993385
   235 -1.027554046206
   236 -1.027555048683
   237 -1.027556003631
   238 -1.027556913663
   239 -1.027557781211
   240 -1.027558608547
   241 -1.027559397796
   242 -1.027560150950
   243 -1.027560869878
   244 -1.027561556333
   245 -1.027562211968
   246 -1.027562838336
   247 -1.027563436901
   248 -1.027564009044
   249 -1.027564556066
   250 -1.027565079198
   251 -1.105897398094
   252 -1.005831565953
   253 -1.013972143862
   254 -1.020596355165
   255 -1.024039715114
   256 -1.025756696261
   257 -1.026619908804
   258 -1.027055372363
   259 -1.027276779344
   260 -1.027391011154
   261 -1.027451263473
   262 -1.027483988335
   263 -1.027502411023
   264 -1.027513220316
   265 -1.027519858119
   266 -1.027524135960
   267 -1.027527033327
   268 -1.027529096128
   269 -1.027530638302
   270 -1.027531846176
   271 -1.027532833625
   272 -1.027533672096
   273 -1.027534407443
   274 -1.027535069661
   275 -1.027535678691
   276 -1.027536247969
   277 -1.027536786658
   278 -1.027537301083
   279 -1.027537795659
   280 -1.027538273507
   281 -1.027538736868
   282 -1.027539187377
   283 -1.027539626253
   284 -1.027540054425
   285 -1.027540472621
   286 -1.027540881428
   287 -1.027541281331
   288 -1.027541672742
   289 -1.027542056022
   290 -1.027542431493
   291 -1.027542799446
   292 -1.027543160151
   293 -1.027543513859
   294 -1.027543860804
   295 -1.027544201211
   296 -1.027544535292
   297 -1.027544863250
   298 -1.027545185278
   299 -1.027545501564
   300 -1.027545812286
   301 -1.151455699303
   302 -1.014250720342
   303 -1.017808653711
   304 -1.023348498869
   305 -1.025630627029
   306 -1.026575984330
   307 -1.026992015462
   308 -1.027189398067
   309 -1.027290802465
   310 -1.027347079649
   311 -1.027380636645
   312 -1.027401998278
   313 -1.027416428399
   314 -1.027426717858
   315 -1.027434425847
   316 -1.027440464011
   317 -1.027445386138
   318 -1.027449539372
   319 -1.027453146985
   320 -1.027456355671
   321 -1.027459263621
   322 -1.027461937699
   323 -1.027464424232
   324 -1.027466755916
   325 -1.027468956300
   326 -1.027471042738
   327 -1.027473028341
   328 -1.027474923287
   329 -1.027476735695
   330 -1.027478472219
   331 -1.027480138452
   332 -1.027481739204
   333 -1.027483278687
   334 -1.027484760653
   335 -1.027486188487
   336 -1.027487565271
   337 -1.027488893837
   338 -1.027490176800
   339 -1.027491416586
   340 -1.027492615456
   341 -1.027493775520
   342 -1.027494898754
   343 -1.027495987008
   344 -1.027497042020
   345 -1.027498065422
   346 -1.027499058749
   347 -1.027500023447
   348 -1.027500960875
   349 -1.027501872317
   350 -1.027502758981
   351 -1.027503622008
   352 -1.027504462474
   353 -1.027505281396
   354 -1.027506079734
   355 -1.027506858396
   356 -1.027507618239
   357 -1.027508360076
   358 -1.027509084674
   359 -1.027509792761
   360 -1.027510485024
   361 -1.027511162118
   362 -1.027511824659
   363 -1.027512473234
   364 -1.027513108399
   365 -1.027513730681
   366 -1.027514340582
   367 -1.027514938576
   368 -1.027515525116
   369 -1.027516100631
   370 -1.027516665529
   371 -1.027517220198
   372 -1.027517765006
   373 -1.027518300306
   374 -1.027518826432
   375 -1.027519343702
   376 -1.027519852420
   377 -1.027520352874
   378 -1.027520845342
   379 -1.027521330085
   380 -1.027521807354
   381 -1.027522277390
   382 -1.027522740420
   383 -1.027523196663
   384 -1.027523646328
   385 -1.027524089614
   386 -1.027524526711
   387 -1.027524957803
   388 -1.027525383063
   389 -1.027525802659
   390 -1.027526216750
   391 -1.027526625490
   392 -1.027527029026
   393 -1.027527427497
   394 -1.027527821041
   395 -1.027528209784
   396 -1.027528593853
   397 -1.027528973365
   398 -1.027529348436
   399 -1.027529719176
   400 -1.027530085690
   401 -1.027530448079
   402 -1.027530806443
   403 -1.027531160873
   404 -1.027531511462
   405 -1.027531858296
   406 -1.027532201459
   407 -1.027532541031
   408 -1.027532877092
   409 -1.027533209715
   410 -1.027533538973
   411 -1.027533864936
   412 -1.027534187672
   413 -1.027534507245
   414 -1.027534823718
   415 -1.027535137153
   416 -1.027535447607
   417 -1.027535755138
   418 -1.027536059801
   419 -1.027536361648
   420 -1.027536660732
   421 -1.027536957101
   422 -1.027537250804
   423 -1.027537541887
   424 -1.027537830397
   425 -1.027538116376
   426 -1.027538399868
   427 -1.027538680914
   428 -1.027538959553
   429 -1.027539235824
   430 -1.027539509766
   431 -1.027539781415
   432 -1.027540050806
   433 -1.027540317975
   434 -1.027540582955
   435 -1.027540845778
   436 -1.027541106477
   437 -1.027541365082
   438 -1.027541621624
   439 -1.027541876132
   440 -1.027542128635
   441 -1.027542379161
   442 -1.027542627736
   443 -1.027542874388
   444 -1.027543119141
   445 -1.027543362023
   446 -1.027543603056
   447 -1.027543842264
   448 -1.027544079673
   449 -1.027544315303
   450 -1.027544549178
   451 -1.027544781319
   452 -1.027545011748
   453 -1.027545240486
   454 -1.027545467552
   455 -1.027545692967
   456 -1.027545916751
   457 -1.027546138922
   458 -1.027546359499
   459 -1.027546578500
   460 -1.027546795943
   461 -1.027547011846
   462 -1.027547226225
   463 -1.027547439098
   464 -1.027547650481
   465 -1.027547860390
   466 -1.027548068841
   467 -1.027548275849
   468 -1.027548481430
   469 -1.027548685599
   470 -1.027548888369
   471 -1.027549089755
   472 -1.027549289773
   473 -1.027549488434
   474 -1.027549685753
   475 -1.027549881743
   476 -1.027550076417
   477 -1.027550269788
   478 -1.027550461868
   479 -1.027550652671
   480 -1.027550842207
   481 -1.027551030489
   482 -1.027551217529
   483 -1.027551403339
   484 -1.027551587928
   485 -1.027551771310
   486 -1.027551953494
   487 -1.027552134491
   488 -1.027552314313
   489 -1.027552492969
   490 -1.027552670469
   491 -1.027552846825
   492 -1.027553022045
   493 -1.027553196140
   494 -1.027553369119
   495 -1.027553540991
   496 -1.027553711766
   497 -1.027553881454
   498 -1.027554050063
   499 -1.027554217601
   500 -1.027554384079
   501 -1.027554549504
   502 -1.027554713885
   503 -1.027554877230
   504 -1.027555039548
   505 -1.027555200847
   506 -1.027555361135
   507 -1.027555520419
   508 -1.027555678708
   509 -1.027555836009
   510 -1.027555992329
   511 -1.027556147677
   512 -1.027556302060
   513 -1.027556455484
   514 -1.027556607958
   515 -1.027556759487
   516 -1.027556910080
   517 -1.027557059742
   518 -1.027557208482
   519 -1.027557356304
   520 -1.027557503217
   521 -1.027557649226
   522 -1.027557794339
   523 -1.027557938560
   524 -1.027558081897
   525 -1.027558224356
   526 -1.027558365943
   527 -1.027558506664
   528 -1.027558646525
   529 -1.027558785531
   530 -1.027558923689
   531 -1.027559061004
   532 -1.027559197482
   533 -1.027559333129
   534 -1.027559467950
   535 -1.027559601950
   536 -1.027559735135
   537 -1.027559867511
   538 -1.027559999081
   539 -1.027560129853
   540 -1.027560259831
   541 -1.027560389019
   542 -1.027560517423
   543 -1.027560645049
   544 -1.027560771900
   545 -1.027560897982
   546 -1.027561023299
   547 -1.027561147856
   548 -1.027561271659
   549 -1.027561394710
   550 -1.027561517016
   551 -1.027561638581
   552 -1.027561759409
   553 -1.027561879504
   554 -1.027561998872
   555 -1.027562117515
   556 -1.027562235439
   557 -1.027562352649
   558 -1.027562469147
   559 -1.027562584938
   560 -1.027562700027
   561 -1.027562814417
   562 -1.027562928113
   563 -1.027563041118
   564 -1.027563153436
   565 -1.027563265072
   566 -1.027563376029
   567 -1.027563486311
   568 -1.027563595922
   569 -1.027563704865
   570 -1.027563813145
   571 -1.027563920765
   572 -1.027564027729
   573 -1.027564134039
   574 -1.027564239701
   575 -1.027564344717
   576 -1.027564449092
   577 -1.027564552827
   578 -1.027564655928
   579 -1.027564758397
   580 -1.027564860238
   581 -1.027564961454
   582 -1.027565062048
   583 -1.027565162025
   584 -1.027565261386
   585 -1.027565360136
   586 -1.027565458277
   587 -1.027565555813
   588 -1.027565652747
   589 -1.027565749082
   590 -1.027565844821
   591 -1.027565939968
   592 -1.027566034525
   593 -1.027566128496
   594 -1.027566221883
   595 -1.027566314689
   596 -1.027566406918
   597 -1.027566498572
   598 -1.027566589655
   599 -1.027566680169
   600 -1.027566770117
   601 -1.027566859503
   602 -1.027566948328
   603 -1.027567036596
   604 -1.027567124309
   605 -1.027567211471
   606 -1.027567298084
   607 -1.027567384151
   608 -1.027567469674
   609 -1.027567554657
   610 -1.027567639102
   611 -1.027567723011
   612 -1.027567806388
   613 -1.027567889235
   614 -1.027567971554
   615 -1.027568053349
   616 -1.027568134622
   617 -1.027568215375
   618 -1.027568295611
   619 -1.027568375333
   620 -1.027568454543
   621 -1.027568533243
   622 -1.027568611437
   623 -1.027568689126
   624 -1.027568766313
   625 -1.027568843002
   626 -1.027568919193
   627 -1.027568994889
   628 -1.027569070094
   629 -1.027569144809
   630 -1.027569219036
   631 -1.027569292779
   632 -1.027569366039
   633 -1.027569438819
   634 -1.027569511122
   635 -1.027569582949
   636 -1.027569654303
   637 -1.027569725186
   638 -1.027569795601
   639 -1.027569865549
   640 -1.027569935034
   641 -1.027570004057
   642 -1.027570072621
   643 -1.027570140728
   644 -1.027570208380
   645 -1.027570275579
   646 -1.027570342328
   647 -1.027570408629
   648 -1.027570474485
   649 -1.027570539896
   650 -1.027570604866
   651 -1.027570669397
   652 -1.027570733490
   653 -1.027570797149
   654 -1.027570860375
   655 -1.027570923170
   656 -1.027570985536
   657 -1.027571047477
   658 -1.027571108993
   659 -1.027571170087
   660 -1.027571230761
   661 -1.027571291017
   662 -1.027571350857
   663 -1.027571410284
   664 -1.027571469298
   665 -1.027571527904
   666 -1.027571586102
   667 -1.027571643894
   668 -1.027571701283
   669 -1.027571758271
   670 -1.027571814860
   671 -1.027571871051
   672 -1.027571926847
   673 -1.027571982250
   674 -1.027572037262
   675 -1.027572091885
   676 -1.027572146120
   677 -1.027572199971
   678 -1.027572253438
   679 -1.027572306524
   680 -1.027572359231
   681 -1.027572411560
   682 -1.027572463515
   683 -1.027572515096
   684 -1.027572566306
   685 -1.027572617146
   686 -1.027572667619
   687 -1.027572717727
   688 -1.027572767471
   689 -1.027572816853
   690 -1.027572865876
   691 -1.027572914541
   692 -1.027572962850
   693 -1.027573010805
   694 -1.027573058408
   695 -1.027573105661
   696 -1.027573152566
   697 -1.027573199124
   698 -1.027573245338
   699 -1.027573291209
   700 -1.027573336740
   701 -1.027573381931
   702 -1.027573426786
   703 -1.027573471305
   704 -1.027573515491
   705 -1.027573559346
   706 -1.027573602871
   707 -1.027573646068
   708 -1.027573688940
   709 -1.027573731487
   710 -1.027573773712
   711 -1.027573815616
   712 -1.027573857202
   713 -1.027573898471
   714 -1.027573939424
   715 -1.027573980065
   716 -1.027574020394
   717 -1.027574060413
   718 -1.027574100125
   719 -1.027574139530
   720 -1.027574178631
   721 -1.027574217429
   722 -1.027574255927
   723 -1.027574294125
   724 -1.027574332026
   725 -1.027574369632
   726 -1.027574406943
   727 -1.027574443963
   728 -1.027574480692
   729 -1.027574517133
   730 -1.027574553286
   731 -1.027574589155
   732 -1.027574624740
   733 -1.027574660043
   734 -1.027574695066
   735 -1.027574729811
   736 -1.027574764279
   737 -1.027574798472
   738 -1.027574832392
   739 -1.027574866040
   740 -1.027574899418
   741 -1.027574932528
   742 -1.027574965371
   743 -1.027574997949
   744 -1.027575030264
   745 -1.027575062317
   746 -1.027575094110
   747 -1.027575125645
   748 -1.027575156923
   749 -1.027575187945
   750 -1.027575218714
   751 -1.027575249232
   752 -1.027575279498
   753 -1.027575309517
   754 -1.027575339288
   755 -1.027575368813
   756 -1.027575398095
   757 -1.027575427134
   758 -1.027575455932
   759 -1.027575484491
   760 -1.027575512813
   761 -1.027575540898
   762 -1.027575568749
   763 -1.027575596367
   764 -1.027575623753
   765 -1.027575650910
   766 -1.027575677838
   767 -1.027575704539
   768 -1.027575731015
   769 -1.027575757267
   770 -1.027575783297
   771 -1.027575809106
   772 -1.027575834696
   773 -1.027575860068
   774 -1.027575885223
   775 -1.027575910164
   776 -1.027575934891
   777 -1.027575959406
   778 -1.027575983711
   779 -1.027576007807
   780 -1.027576031695
   781 -1.027576055378
   782 -1.027576078855
   783 -1.027576102129
   784 -1.027576125202
   785 -1.027576148074
   786 -1.027576170747
   787 -1.027576193223
   788 -1.027576215502
   789 -1.027576237587
   790 -1.027576259478
   791 -1.027576281178
   792 -1.027576302687
   793 -1.027576324006
   794 -1.027576345138
   795 -1.027576366083
   796 -1.027576386843
   797 -1.027576407419
   798 -1.027576427813
   799 -1.027576448025
   800 -1.027576468058
   801 -1.027576487912
   802 -1.027576507590
   803 -1.027576527091
   804 -1.027576546418
   805 -1.027576565571
   806 -1.027576584553
   807 -1.027576603364
   808 -1.027576622005
   809 -1.027576640478
   810 -1.027576658785
   811 -1.027576676926
   812 -1.027576694903
   813 -1.027576712716
   814 -1.027576730368
   815 -1.027576747859
   816 -1.027576765191
   817 -1.027576782364
   818 -1.027576799381
   819 -1.027576816242
   820 -1.027576832948
   821 -1.027576849501
   822 -1.027576865902
   823 -1.027576882152
   824 -1.027576898252
   825 -1.027576914204
   826 -1.027576930008
   827 -1.027576945666
   828 -1.027576961178
   829 -1.027576976547
   830 -1.027576991773
   831 -1.027577006857
   832 -1.027577021801
   833 -1.027577036605
   834 -1.027577051271
   835 -1.027577065800
   836 -1.027577080192
   837 -1.027577094450
   838 -1.027577108573
   839 -1.027577122564
   840 -1.027577136423
   841 -1.027577150151
   842 -1.027577163749
   843 -1.027577177219
   844 -1.027577190562
   845 -1.027577203778
   846 -1.027577216868
   847 -1.027577229834
   848 -1.027577242677
   849 -1.027577255397
   850 -1.027577267996
   851 -1.027577280475
   852 -1.027577292834
   853 -1.027577305075
   854 -1.027577317198
   855 -1.027577329205
   856 -1.027577341097
   857 -1.027577352874
   858 -1.027577364538
   859 -1.027577376089
   860 -1.027577387529
   861 -1.027577398858
   862 -1.027577410078
   863 -1.027577421188
   864 -1.027577432191
   865 -1.027577443087
   866 -1.027577453877
   867 -1.027577464562
   868 -1.027577475143
   869 -1.027577485620
   870 -1.027577495996
   871 -1.027577506269
   872 -1.027577516442
   873 -1.027577526516
   874 -1.027577536490
   875 -1.027577546367
   876 -1.027577556146
   877 -1.027577565829
   878 -1.027577575416
   879 -1.027577584909
   880 -1.027577594308
   881 -1.027577603615
   882 -1.027577612829
   883 -1.027577621951
   884 -1.027577630983
   885 -1.027577639926
   886 -1.027577648779
   887 -1.027577657545
   888 -1.027577666223
   889 -1.027577674814
   890 -1.027577683320
   891 -1.027577691741
   892 -1.027577700078
   893 -1.027577708331
   894 -1.027577716501
   895 -1.027577724589
   896 -1.027577732596
   897 -1.027577740523
   898 -1.027577748369
   899 -1.027577756137
   900 -1.027577763826
   901 -1.027577771438
   902 -1.027577778973
   903 -1.027577786432
   904 -1.027577793815
   905 -1.027577801123
   906 -1.027577808357
   907 -1.027577815518
   908 -1.027577822606
   909 -1.027577829622
   910 -1.027577836566
   911 -1.027577843440
   912 -1.027577850244
   913 -1.027577856978
   914 -1.027577863643
   915 -1.027577870240
   916 -1.027577876770
   917 -1.027577883232
   918 -1.027577889629
   919 -1.027577895960
   920 -1.027577902225
   921 -1.027577908427
   922 -1.027577914564
   923 -1.027577920638
   924 -1.027577926650
   925 -1.027577932600
   926 -1.027577938488
   927 -1.027577944315
   928 -1.027577950082
   929 -1.027577955790
   930 -1.027577961438
   931 -1.027577967028
   932 -1.027577972559
   933 -1.027577978034
   934 -1.027577983451
   935 -1.027577988812
   936 -1.027577994117
   937 -1.027577999367
   938 -1.027578004562
   939 -1.027578009703
   940 -1.027578014790
   941 -1.027578019824
   942 -1.027578024805
   943 -1.027578029734
   944 -1.027578034612
   945 -1.027578039438
   946 -1.027578044214
   947 -1.027578048940
   948 -1.027578053616
   949 -1.027578058242
   950 -1.027578062820
   951 -1.027578067350
   952 -1.027578071832
   953 -1.027578076267
   954 -1.027578080655
   955 -1.027578084997
   956 -1.027578089293
   957 -1.027578093543
   958 -1.027578097748
   959 -1.027578101909
   960 -1.027578106026
   961 -1.027578110098
   962 -1.027578114128
   963 -1.027578118115
   964 -1.027578122060
   965 -1.027578125962
   966 -1.027578129823
   967 -1.027578133643
   968 -1.027578137422
   969 -1.027578141161
   970 -1.027578144860
   971 -1.027578148519
   972 -1.027578152140
   973 -1.027578155721
   974 -1.027578159265
   975 -1.027578162770
   976 -1.027578166238
   977 -1.027578169668
   978 -1.027578173062
   979 -1.027578176419
   980 -1.027578179741
   981 -1.027578183026
   982 -1.027578186276
   983 -1.027578189491
   984 -1.027578192672
   985 -1.027578195818
   986 -1.027578198931
   987 -1.027578202010
   988 -1.027578205055
   989 -1.027578208068
   990 -1.027578211048
   991 -1.027578213996
   992 -1.027578216912
   993 -1.027578219796
   994 -1.027578222649
   995 -1.027578225471
   996 -1.027578228263
   997 -1.027578231024
   998 -1.027578233755
   999 -1.027578236457
  1000 -1.027578239129
