     1 -0.941367500785
     2 -1.012274174990
     3 -1.027188063006
     4 -1.033811278145
     5 -1.036952266565
     6 -1.038375231633
     7 -1.039042137787
     8 -1.039372036021
     9 -1.039545829099
    10 -1.039644668927
    11 -1.039706301657
    12 -1.039748815447
    13 -1.039781097911
    14 -1.039807613537
    15 -1.039830652458
    16 -1.039851413890
    17 -1.039870539252
    18 -1.039888378917
    19 -1.039905128470
    20 -1.039920899786
    21 -1.039935758956
    22 -1.039949747209
    23 -1.039962892804
    24 -1.039975217945
    25 -1.039986742922
    26 -1.039997488524
    27 -1.040007477401
    28 -1.040016734711
    29 -1.040025288285
    30 -1.040033168484
    31 -1.040040407828
    32 -1.040047040521
    33 -1.040053101911
    34 -1.040058627941
    35 -1.040063654630
    36 -1.040068217601
    37 -1.040072351681
    38 -1.040076090556
    39 -1.040079466514
    40 -1.040082510247
    41 -1.040085250723
    42 -1.040087715088
    43 -1.040089928658
    44 -1.040091914904
    45 -1.040093695495
    46 -1.040095290358
    47 -1.040096717746
    48 -1.040097994332
    49 -1.040099135303
    50 -1.040100154453
    51 -1.133300259429
    52 -1.025318465583
    53 -1.030607525289
    54 -1.034697675475
    55 -1.037003745939
    56 -1.038282522305
    57 -1.039012393300
    58 -1.039435063472
    59 -1.039684367329
    60 -1.039834211595
    61 -1.039926201205
    62 -1.039983984394
    63 -1.040021168886
    64 -1.040045694886
    65 -1.040062271898
    66 -1.040073744815
    67 -1.040081866507
    68 -1.040087739422
    69 -1.040092071281
    70 -1.040095325663
    71 -1.040097812154
    72 -1.040099741379
    73 -1.040101259184
    74 -1.040102468292
    75 -1.040103442236
    76 -1.040104234485
    77 -1.040104884509
    78 -1.040105421868
    79 -1.040105869008
    80 -1.040106243199
    81 -1.040106557893
    82 -1.040106823687
    83 -1.040107049019
    84 -1.040107240670
    85 -1.040107404140
    86 -1.040107543923
    87 -1.040107663717
    88 -1.040107766584
    89 -1.040107855070
    90 -1.040107931309
    91 -1.040107997090
    92 -1.040108053923
    93 -1.040108103085
    94 -1.040108145657
    95 -1.040108182563
    96 -1.040108214586
    97 -1.040108242399
    98 -1.040108266576
    99 -1.040108287608
   100 -1.040108305918
   101 -1.134526465296
   102 -1.026335032182
   103 -1.030771036233
   104 -1.034815200639
   105 -1.037012558845
   106 -1.038257305787
   107 -1.038979520834
   108 -1.039407633061
   109 -1.039664128088
   110 -1.039819620133
   111 -1.039915371365
   112 -1.039975552620
   113 -1.040014314890
   114 -1.040039967672
   115 -1.040057428717
   116 -1.040069646166
   117 -1.040078418244
   118 -1.040084864986
   119 -1.040089700628
   120 -1.040093392168
   121 -1.040096252793
   122 -1.040098497799
   123 -1.040100278690
   124 -1.040101704375
   125 -1.040102854671
   126 -1.040103789077
   127 -1.040104552606
   128 -1.040105179758
   129 -1.040105697278
   130 -1.040106126101
   131 -1.040106482760
   132 -1.040106780409
   133 -1.040107029584
   134 -1.040107238777
   135 -1.040107414866
   136 -1.040107563456
   137 -1.040107689127
   138 -1.040107795641
   139 -1.040107886100
   140 -1.040107963068
   141 -1.040108028675
   142 -1.040108084691
   143 -1.040108132594
   144 -1.040108173621
   145 -1.040108208810
   146 -1.040108239032
   147 -1.040108265022
   148 -1.040108287401
   149 -1.040108306693
   150 -1.040108323342
   151 -1.142110272420
   152 -1.027884821209
   153 -1.030607610483
   154 -1.034294173414
   155 -1.036463983169
   156 -1.037736732256
   157 -1.038501843211
   158 -1.038985461886
   159 -1.039303629171
   160 -1.039521773796
   161 -1.039675957859
   162 -1.039787327475
   163 -1.039868801977
   164 -1.039928834302
   165 -1.039973251000
   166 -1.040006212207
   167 -1.040030741209
   168 -1.040049052364
   169 -1.040062772368
   170 -1.040073097174
   171 -1.040080906017
   172 -1.040086845201
   173 -1.040091389975
   174 -1.040094890184
   175 -1.040097603868
   176 -1.040099721923
   177 -1.040101386114
   178 -1.040102702218
   179 -1.040103749580
   180 -1.040104588068
   181 -1.040105263138
   182 -1.040105809527
   183 -1.040106253960
   184 -1.040106617130
   185 -1.040106915165
   186 -1.040107160716
   187 -1.040107363769
   188 -1.040107532247
   189 -1.040107672478
   190 -1.040107789538
   191 -1.040107887519
   192 -1.040107969737
   193 -1.040108038891
   194 -1.040108097184
   195 -1.040108146423
   196 -1.040108188094
   197 -1.040108223424
   198 -1.040108253431
   199 -1.040108278957
   200 -1.040108300705
   201 -1.109015107382
   202 -1.024088710477
   203 -1.031012476009
   204 -1.034975362968
   205 -1.036906632186
   206 -1.037971536102
   207 -1.038638734550
   208 -1.039091390486
   209 -1.039408283263
   210 -1.039627390817
   211 -1.039776052067
   212 -1.039875830233
   213 -1.039942983672
   214 -1.039988751831
   215 -1.040020489252
   216 -1.040042906307
   217 -1.040059020533
   218 -1.040070788626
   219 -1.040079502255
   220 -1.040086031242
   221 -1.040090973149
   222 -1.040094746300
   223 -1.040097648622
   224 -1.040099895566
   225 -1.040101645029
   226 -1.040103014074
   227 -1.040104090354
   228 -1.040104940057
   229 -1.040105613532
   230 -1.040106149319
   231 -1.040106577085
   232 -1.040106919782
   233 -1.040107195239
   234 -1.040107417371
   235 -1.040107597069
   236 -1.040107742895
   237 -1.040107861599
   238 -1.040107958519
   239 -1.040108037889
   240 -1.040108103081
   241 -1.040108156783
   242 -1.040108201148
   243 -1.040108237903
   244 -1.040108268438
   245 -1.040108293875
   246 -1.040108315121
   247 -1.040108332914
   248 -1.040108347852
   249 -1.040108360424
   250 -1.040108371030
   251 -1.147638796729
   252 -1.027650761515
   253 -1.031013546105
   254 -1.034389294685
   255 -1.036595132328
   256 -1.037914746989
   257 -1.038737677855
   258 -1.039246013342
   259 -1.039560480200
   260 -1.039755003923
   261 -1.039875749265
   262 -1.039951296458
   263 -1.039999187687
   264 -1.040030103868
   265 -1.040050519262
   266 -1.040064357785
   267 -1.040074007897
   268 -1.040080935889
   269 -1.040086053102
   270 -1.040089934945
   271 -1.040092951485
   272 -1.040095345723
   273 -1.040097280794
   274 -1.040098868811
   275 -1.040100188648
   276 -1.040101297118
   277 -1.040102236067
   278 -1.040103037006
   279 -1.040103724131
   280 -1.040104316372
   281 -1.040104828785
   282 -1.040105273521
   283 -1.040105660521
   284 -1.040105997998
   285 -1.040106292819
   286 -1.040106550758
   287 -1.040106776710
   288 -1.040106974855
   289 -1.040107148769
   290 -1.040107301535
   291 -1.040107435814
   292 -1.040107553911
   293 -1.040107657828
   294 -1.040107749309
   295 -1.040107829873
   296 -1.040107900848
   297 -1.040107963395
   298 -1.040108018530
   299 -1.040108067143
   300 -1.040108110017
   301 -1.140749163858
   302 -1.025311592998
   303 -1.031125481770
   304 -1.035297467755
   305 -1.037469635443
   306 -1.038612105169
   307 -1.039236812690
   308 -1.039587968702
   309 -1.039789370907
   310 -1.039907156616
   311 -1.039977577764
   312 -1.040020757527
   313 -1.040047979039
   314 -1.040065645403
   315 -1.040077446372
   316 -1.040085548624
   317 -1.040091252692
   318 -1.040095358411
   319 -1.040098370561
   320 -1.040100616343
   321 -1.040102313415
   322 -1.040103610267
   323 -1.040104610541
   324 -1.040105388085
   325 -1.040105996485
   326 -1.040106475239
   327 -1.040106853840
   328 -1.040107154562
   329 -1.040107394381
   330 -1.040107586345
   331 -1.040107740538
   332 -1.040107864808
   333 -1.040107965286
   334 -1.040108046786
   335 -1.040108113098
   336 -1.040108167220
   337 -1.040108211528
   338 -1.040108247913
   339 -1.040108277883
   340 -1.040108302643
   341 -1.040108323161
   342 -1.040108340212
   343 -1.040108354426
   344 -1.040108366308
   345 -1.040108376269
   346 -1.040108384643
   347 -1.040108391701
   348 -1.040108397666
   349 -1.040108402720
   350 -1.040108407013
   351 -1.040108410667
   352 -1.040108413785
   353 -1.040108416451
   354 -1.040108418735
   355 -1.040108420696
   356 -1.040108422383
   357 -1.040108423836
   358 -1.040108425090
   359 -1.040108426174
   360 -1.040108427112
   361 -1.040108427925
   362 -1.040108428631
   363 -1.040108429244
   364 -1.040108429777
   365 -1.040108430242
   366 -1.040108430647
   367 -1.040108431000
   368 -1.040108431309
   369 -1.040108431579
   370 -1.040108431814
   371 -1.040108432021
   372 -1.040108432202
   373 -1.040108432360
   374 -1.040108432499
   375 -1.040108432621
   376 -1.040108432728
   377 -1.040108432822
   378 -1.040108432905
   379 -1.040108432977
   380 -1.040108433041
   381 -1.040108433097
   382 -1.040108433147
   383 -1.040108433190
   384 -1.040108433228
   385 -1.040108433262
   386 -1.040108433292
   387 -1.040108433318
   388 -1.040108433341
   389 -1.040108433362
   390 -1.040108433379
   391 -1.040108433395
   392 -1.040108433409
   393 -1.040108433422
   394 -1.040108433433
   395 -1.040108433442
   396 -1.040108433451
   397 -1.040108433458
   398 -1.040108433465
   399 -1.040108433471
   400 -1.040108433476
   401 -1.040108433480
   402 -1.040108433484
   403 -1.040108433488
   404 -1.040108433491
   405 -1.040108433494
   406 -1.040108433496
   407 -1.040108433498
   408 -1.040108433500
   409 -1.040108433502
   410 -1.040108433503
   411 -1.040108433505
   412 -1.040108433506
   413 -1.040108433507
   414 -1.040108433508
   415 -1.040108433509
   416 -1.040108433509
   417 -1.040108433510
   418 -1.040108433511
   419 -1.040108433511
   420 -1.040108433512
   421 -1.040108433512
   422 -1.040108433512
   423 -1.040108433513
   424 -1.040108433513
   425 -1.040108433513
   426 -1.040108433513
   427 -1.040108433513
   428 -1.040108433514
   429 -1.040108433514
   430 -1.040108433514
   431 -1.040108433514
   432 -1.040108433514
   433 -1.040108433514
   434 -1.040108433514
   435 -1.040108433514
   436 -1.040108433514
   437 -1.040108433514
   438 -1.040108433515
   439 -1.040108433515
   440 -1.040108433515
   441 -1.040108433515
   442 -1.040108433515
   443 -1.040108433515
   444 -1.040108433515
   445 -1.040108433515
   446 -1.040108433515
   447 -1.040108433515
   448 -1.040108433515
   449 -1.040108433515
   450 -1.040108433515
   451 -1.040108433515
   452 -1.040108433515
   453 -1.040108433515
   454 -1.040108433515
   455 -1.040108433515
   456 -1.040108433515
   457 -1.040108433515
   458 -1.040108433515
   459 -1.040108433515
   460 -1.040108433515
   461 -1.040108433515
   462 -1.040108433515
   463 -1.040108433515
   464 -1.040108433515
   465 -1.040108433515
   466 -1.040108433515
   467 -1.040108433515
   468 -1.040108433515
   469 -1.040108433515
   470 -1.040108433515
   471 -1.040108433515
   472 -1.040108433515
   473 -1.040108433515
   474 -1.040108433515
   475 -1.040108433515
   476 -1.040108433515
   477 -1.040108433515
   478 -1.040108433515
   479 -1.040108433515
   480 -1.040108433515
   481 -1.040108433515
   482 -1.040108433515
   483 -1.040108433515
   484 -1.040108433515
   485 -1.040108433515
   486 -1.040108433515
   487 -1.040108433515
   488 -1.040108433515
   489 -1.040108433515
   490 -1.040108433515
   491 -1.040108433515
   492 -1.040108433515
   493 -1.040108433515
   494 -1.040108433515
   495 -1.040108433515
   496 -1.040108433515
   497 -1.040108433515
   498 -1.040108433515
   499 -1.040108433515
   500 -1.040108433515
   501 -1.040108433515
   502 -1.040108433515
   503 -1.040108433515
   504 -1.040108433515
   505 -1.040108433515
   506 -1.040108433515
   507 -1.040108433515
   508 -1.040108433515
   509 -1.040108433515
   510 -1.040108433515
   511 -1.040108433515
   512 -1.040108433515
   513 -1.040108433515
   514 -1.040108433515
   515 -1.040108433515
   516 -1.040108433515
   517 -1.040108433515
   518 -1.040108433515
   519 -1.040108433515
   520 -1.040108433515
   521 -1.040108433515
   522 -1.040108433515
   523 -1.040108433515
   524 -1.040108433515
   525 -1.040108433515
   526 -1.040108433515
   527 -1.040108433515
   528 -1.040108433515
   529 -1.040108433515
   530 -1.040108433515
   531 -1.040108433515
   532 -1.040108433515
   533 -1.040108433515
   534 -1.040108433515
   535 -1.040108433515
   536 -1.040108433515
   537 -1.040108433515
   538 -1.040108433515
   539 -1.040108433515
   540 -1.040108433515
   541 -1.040108433515
   542 -1.040108433515
   543 -1.040108433515
   544 -1.040108433515
   545 -1.040108433515
   546 -1.040108433515
   547 -1.040108433515
   548 -1.040108433515
   549 -1.040108433515
   550 -1.040108433515
   551 -1.040108433515
   552 -1.040108433515
   553 -1.040108433515
   554 -1.040108433515
   555 -1.040108433515
   556 -1.040108433515
   557 -1.040108433515
   558 -1.040108433515
   559 -1.040108433515
   560 -1.040108433515
   561 -1.040108433515
   562 -1.040108433515
   563 -1.040108433515
   564 -1.040108433515
   565 -1.040108433515
   566 -1.040108433515
   567 -1.040108433515
   568 -1.040108433515
   569 -1.040108433515
   570 -1.040108433515
   571 -1.040108433515
   572 -1.040108433515
   573 -1.040108433515
   574 -1.040108433515
   575 -1.040108433515
   576 -1.040108433515
   577 -1.040108433515
   578 -1.040108433515
   579 -1.040108433515
   580 -1.040108433515
   581 -1.040108433515
   582 -1.040108433515
   583 -1.040108433515
   584 -1.040108433515
   585 -1.040108433515
   586 -1.040108433515
   587 -1.040108433515
   588 -1.040108433515
   589 -1.040108433515
   590 -1.040108433515
   591 -1.040108433515
   592 -1.040108433515
   593 -1.040108433515
   594 -1.040108433515
   595 -1.040108433515
   596 -1.040108433515
   597 -1.040108433515
   598 -1.040108433515
   599 -1.040108433515
   600 -1.040108433515
   601 -1.040108433515
   602 -1.040108433515
   603 -1.040108433515
   604 -1.040108433515
   605 -1.040108433515
   606 -1.040108433515
   607 -1.040108433515
   608 -1.040108433515
   609 -1.040108433515
   610 -1.040108433515
   611 -1.040108433515
   612 -1.040108433515
   613 -1.040108433515
   614 -1.040108433515
   615 -1.040108433515
   616 -1.040108433515
   617 -1.040108433515
   618 -1.040108433515
   619 -1.040108433515
   620 -1.040108433515
   621 -1.040108433515
   622 -1.040108433515
   623 -1.040108433515
   624 -1.040108433515
   625 -1.040108433515
   626 -1.040108433515
   627 -1.040108433515
   628 -1.040108433515
   629 -1.040108433515
   630 -1.040108433515
   631 -1.040108433515
   632 -1.040108433515
   633 -1.040108433515
   634 -1.040108433515
   635 -1.040108433515
   636 -1.040108433515
   637 -1.040108433515
   638 -1.040108433515
   639 -1.040108433515
   640 -1.040108433515
   641 -1.040108433515
   642 -1.040108433515
   643 -1.040108433515
   644 -1.040108433515
   645 -1.040108433515
   646 -1.040108433515
   647 -1.040108433515
   648 -1.040108433515
   649 -1.040108433515
   650 -1.040108433515
   651 -1.040108433515
   652 -1.040108433515
   653 -1.040108433515
   654 -1.040108433515
   655 -1.040108433515
   656 -1.040108433515
   657 -1.040108433515
   658 -1.040108433515
   659 -1.040108433515
   660 -1.040108433515
   661 -1.040108433515
   662 -1.040108433515
   663 -1.040108433515
   664 -1.040108433515
   665 -1.040108433515
   666 -1.040108433515
   667 -1.040108433515
   668 -1.040108433515
   669 -1.040108433515
   670 -1.040108433515
   671 -1.040108433515
   672 -1.040108433515
   673 -1.040108433515
   674 -1.040108433515
   675 -1.040108433515
   676 -1.040108433515
   677 -1.040108433515
   678 -1.040108433515
   679 -1.040108433515
   680 -1.040108433515
   681 -1.040108433515
   682 -1.040108433515
   683 -1.040108433515
   684 -1.040108433515
   685 -1.040108433515
   686 -1.040108433515
   687 -1.040108433515
   688 -1.040108433515
   689 -1.040108433515
   690 -1.040108433515
   691 -1.040108433515
   692 -1.040108433515
   693 -1.040108433515
   694 -1.040108433515
   695 -1.040108433515
   696 -1.040108433515
   697 -1.040108433515
   698 -1.040108433515
   699 -1.040108433515
   700 -1.040108433515
   701 -1.040108433515
   702 -1.040108433515
   703 -1.040108433515
   704 -1.040108433515
   705 -1.040108433515
   706 -1.040108433515
   707 -1.040108433515
   708 -1.040108433515
   709 -1.040108433515
   710 -1.040108433515
   711 -1.040108433515
   712 -1.040108433515
   713 -1.040108433515
   714 -1.040108433515
   715 -1.040108433515
   716 -1.040108433515
   717 -1.040108433515
   718 -1.040108433515
   719 -1.040108433515
   720 -1.040108433515
   721 -1.040108433515
   722 -1.040108433515
   723 -1.040108433515
   724 -1.040108433515
   725 -1.040108433515
   726 -1.040108433515
   727 -1.040108433515
   728 -1.040108433515
   729 -1.040108433515
   730 -1.040108433515
   731 -1.040108433515
   732 -1.040108433515
   733 -1.040108433515
   734 -1.040108433515
   735 -1.040108433515
   736 -1.040108433515
   737 -1.040108433515
   738 -1.040108433515
   739 -1.040108433515
   740 -1.040108433515
   741 -1.040108433515
   742 -1.040108433515
   743 -1.040108433515
   744 -1.040108433515
   745 -1.040108433515
   746 -1.040108433515
   747 -1.040108433515
   748 -1.040108433515
   749 -1.040108433515
   750 -1.040108433515
   751 -1.040108433515
   752 -1.040108433515
   753 -1.040108433515
   754 -1.040108433515
   755 -1.040108433515
   756 -1.040108433515
   757 -1.040108433515
   758 -1.040108433515
   759 -1.040108433515
   760 -1.040108433515
   761 -1.040108433515
   762 -1.040108433515
   763 -1.040108433515
   764 -1.040108433515
   765 -1.040108433515
   766 -1.040108433515
   767 -1.040108433515
   768 -1.040108433515
   769 -1.040108433515
   770 -1.040108433515
   771 -1.040108433515
   772 -1.040108433515
   773 -1.040108433515
   774 -1.040108433515
   775 -1.040108433515
   776 -1.040108433515
   777 -1.040108433515
   778 -1.040108433515
   779 -1.040108433515
   780 -1.040108433515
   781 -1.040108433515
   782 -1.040108433515
   783 -1.040108433515
   784 -1.040108433515
   785 -1.040108433515
   786 -1.040108433515
   787 -1.040108433515
   788 -1.040108433515
   789 -1.040108433515
   790 -1.040108433515
   791 -1.040108433515
   792 -1.040108433515
   793 -1.040108433515
   794 -1.040108433515
   795 -1.040108433515
   796 -1.040108433515
   797 -1.040108433515
   798 -1.040108433515
   799 -1.040108433515
   800 -1.040108433515
   801 -1.040108433515
   802 -1.040108433515
   803 -1.040108433515
   804 -1.040108433515
   805 -1.040108433515
   806 -1.040108433515
   807 -1.040108433515
   808 -1.040108433515
   809 -1.040108433515
   810 -1.040108433515
   811 -1.040108433515
   812 -1.040108433515
   813 -1.040108433515
   814 -1.040108433515
   815 -1.040108433515
   816 -1.040108433515
   817 -1.040108433515
   818 -1.040108433515
   819 -1.040108433515
   820 -1.040108433515
   821 -1.040108433515
   822 -1.040108433515
   823 -1.040108433515
   824 -1.040108433515
   825 -1.040108433515
   826 -1.040108433515
   827 -1.040108433515
   828 -1.040108433515
   829 -1.040108433515
   830 -1.040108433515
   831 -1.040108433515
   832 -1.040108433515
   833 -1.040108433515
   834 -1.040108433515
   835 -1.040108433515
   836 -1.040108433515
   837 -1.040108433515
   838 -1.040108433515
   839 -1.040108433515
   840 -1.040108433515
   841 -1.040108433515
   842 -1.040108433515
   843 -1.040108433515
   844 -1.040108433515
   845 -1.040108433515
   846 -1.040108433515
   847 -1.040108433515
   848 -1.040108433515
   849 -1.040108433515
   850 -1.040108433515
   851 -1.040108433515
   852 -1.040108433515
   853 -1.040108433515
   854 -1.040108433515
   855 -1.040108433515
   856 -1.040108433515
   857 -1.040108433515
   858 -1.040108433515
   859 -1.040108433515
   860 -1.040108433515
   861 -1.040108433515
   862 -1.040108433515
   863 -1.040108433515
   864 -1.040108433515
   865 -1.040108433515
   866 -1.040108433515
   867 -1.040108433515
   868 -1.040108433515
   869 -1.040108433515
   870 -1.040108433515
   871 -1.040108433515
   872 -1.040108433515
   873 -1.040108433515
   874 -1.040108433515
   875 -1.040108433515
   876 -1.040108433515
   877 -1.040108433515
   878 -1.040108433515
   879 -1.040108433515
   880 -1.040108433515
   881 -1.040108433515
   882 -1.040108433515
   883 -1.040108433515
   884 -1.040108433515
   885 -1.040108433515
   886 -1.040108433515
   887 -1.040108433515
   888 -1.040108433515
   889 -1.040108433515
   890 -1.040108433515
   891 -1.040108433515
   892 -1.040108433515
   893 -1.040108433515
   894 -1.040108433515
   895 -1.040108433515
   896 -1.040108433515
   897 -1.040108433515
   898 -1.040108433515
   899 -1.040108433515
   900 -1.040108433515
   901 -1.040108433515
   902 -1.040108433515
   903 -1.040108433515
   904 -1.040108433515
   905 -1.040108433515
   906 -1.040108433515
   907 -1.040108433515
   908 -1.040108433515
   909 -1.040108433515
   910 -1.040108433515
   911 -1.040108433515
   912 -1.040108433515
   913 -1.040108433515
   914 -1.040108433515
   915 -1.040108433515
   916 -1.040108433515
   917 -1.040108433515
   918 -1.040108433515
   919 -1.040108433515
   920 -1.040108433515
   921 -1.040108433515
   922 -1.040108433515
   923 -1.040108433515
   924 -1.040108433515
   925 -1.040108433515
   926 -1.040108433515
   927 -1.040108433515
   928 -1.040108433515
   929 -1.040108433515
   930 -1.040108433515
   931 -1.040108433515
   932 -1.040108433515
   933 -1.040108433515
   934 -1.040108433515
   935 -1.040108433515
   936 -1.040108433515
   937 -1.040108433515
   938 -1.040108433515
   939 -1.040108433515
   940 -1.040108433515
   941 -1.040108433515
   942 -1.040108433515
   943 -1.040108433515
   944 -1.040108433515
   945 -1.040108433515
   946 -1.040108433515
   947 -1.040108433515
   948 -1.040108433515
   949 -1.040108433515
   950 -1.040108433515
   951 -1.040108433515
   952 -1.040108433515
   953 -1.040108433515
   954 -1.040108433515
   955 -1.040108433515
   956 -1.040108433515
   957 -1.040108433515
   958 -1.040108433515
   959 -1.040108433515
   960 -1.040108433515
   961 -1.040108433515
   962 -1.040108433515
   963 -1.040108433515
   964 -1.040108433515
   965 -1.040108433515
   966 -1.040108433515
   967 -1.040108433515
   968 -1.040108433515
   969 -1.040108433515
   970 -1.040108433515
   971 -1.040108433515
   972 -1.040108433515
   973 -1.040108433515
   974 -1.040108433515
   975 -1.040108433515
   976 -1.040108433515
   977 -1.040108433515
   978 -1.040108433515
   979 -1.040108433515
   980 -1.040108433515
   981 -1.040108433515
   982 -1.040108433515
   983 -1.040108433515
   984 -1.040108433515
   985 -1.040108433515
   986 -1.040108433515
   987 -1.040108433515
   988 -1.040108433515
   989 -1.040108433515
   990 -1.040108433515
   991 -1.040108433515
   992 -1.040108433515
   993 -1.040108433515
   994 -1.040108433515
   995 -1.040108433515
   996 -1.040108433515
   997 -1.040108433515
   998 -1.040108433515
   999 -1.040108433515
  1000 -1.040108433515
  1001 -1.040108433515
  1002 -1.040108433515
  1003 -1.040108433515
  1004 -1.040108433515
  1005 -1.040108433515
  1006 -1.040108433515
  1007 -1.040108433515
  1008 -1.040108433515
  1009 -1.040108433515
  1010 -1.040108433515
  1011 -1.040108433515
  1012 -1.040108433515
  1013 -1.040108433515
  1014 -1.040108433515
  1015 -1.040108433515
  1016 -1.040108433515
  1017 -1.040108433515
  1018 -1.040108433515
  1019 -1.040108433515
  1020 -1.040108433515
  1021 -1.040108433515
  1022 -1.040108433515
  1023 -1.040108433515
  1024 -1.040108433515
  1025 -1.040108433515
  1026 -1.040108433515
  1027 -1.040108433515
  1028 -1.040108433515
  1029 -1.040108433515
  1030 -1.040108433515
  1031 -1.040108433515
  1032 -1.040108433515
  1033 -1.040108433515
  1034 -1.040108433515
  1035 -1.040108433515
  1036 -1.040108433515
  1037 -1.040108433515
  1038 -1.040108433515
  1039 -1.040108433515
  1040 -1.040108433515
  1041 -1.040108433515
  1042 -1.040108433515
  1043 -1.040108433515
  1044 -1.040108433515
  1045 -1.040108433515
  1046 -1.040108433515
  1047 -1.040108433515
  1048 -1.040108433515
  1049 -1.040108433515
  1050 -1.040108433515
  1051 -1.040108433515
  1052 -1.040108433515
  1053 -1.040108433515
  1054 -1.040108433515
  1055 -1.040108433515
  1056 -1.040108433515
  1057 -1.040108433515
  1058 -1.040108433515
  1059 -1.040108433515
  1060 -1.040108433515
  1061 -1.040108433515
  1062 -1.040108433515
  1063 -1.040108433515
  1064 -1.040108433515
  1065 -1.040108433515
  1066 -1.040108433515
  1067 -1.040108433515
  1068 -1.040108433515
  1069 -1.040108433515
  1070 -1.040108433515
  1071 -1.040108433515
  1072 -1.040108433515
  1073 -1.040108433515
  1074 -1.040108433515
  1075 -1.040108433515
  1076 -1.040108433515
  1077 -1.040108433515
  1078 -1.040108433515
  1079 -1.040108433515
  1080 -1.040108433515
  1081 -1.040108433515
  1082 -1.040108433515
  1083 -1.040108433515
  1084 -1.040108433515
  1085 -1.040108433515
  1086 -1.040108433515
  1087 -1.040108433515
  1088 -1.040108433515
  1089 -1.040108433515
  1090 -1.040108433515
  1091 -1.040108433515
  1092 -1.040108433515
  1093 -1.040108433515
  1094 -1.040108433515
  1095 -1.040108433515
  1096 -1.040108433515
  1097 -1.040108433515
  1098 -1.040108433515
  1099 -1.040108433515
  1100 -1.040108433515
  1101 -1.040108433515
  1102 -1.040108433515
  1103 -1.040108433515
  1104 -1.040108433515
  1105 -1.040108433515
  1106 -1.040108433515
  1107 -1.040108433515
  1108 -1.040108433515
  1109 -1.040108433515
  1110 -1.040108433515
  1111 -1.040108433515
  1112 -1.040108433515
  1113 -1.040108433515
  1114 -1.040108433515
  1115 -1.040108433515
  1116 -1.040108433515
  1117 -1.040108433515
  1118 -1.040108433515
  1119 -1.040108433515
  1120 -1.040108433515
  1121 -1.040108433515
  1122 -1.040108433515
  1123 -1.040108433515
  1124 -1.040108433515
  1125 -1.040108433515
  1126 -1.040108433515
  1127 -1.040108433515
  1128 -1.040108433515
  1129 -1.040108433515
  1130 -1.040108433515
  1131 -1.040108433515
  1132 -1.040108433515
  1133 -1.040108433515
  1134 -1.040108433515
  1135 -1.040108433515
  1136 -1.040108433515
  1137 -1.040108433515
  1138 -1.040108433515
  1139 -1.040108433515
  1140 -1.040108433515
  1141 -1.040108433515
  1142 -1.040108433515
  1143 -1.040108433515
  1144 -1.040108433515
  1145 -1.040108433515
  1146 -1.040108433515
  1147 -1.040108433515
  1148 -1.040108433515
  1149 -1.040108433515
  1150 -1.040108433515
  1151 -1.040108433515
  1152 -1.040108433515
  1153 -1.040108433515
  1154 -1.040108433515
  1155 -1.040108433515
  1156 -1.040108433515
  1157 -1.040108433515
  1158 -1.040108433515
  1159 -1.040108433515
  1160 -1.040108433515
  1161 -1.040108433515
  1162 -1.040108433515
  1163 -1.040108433515
  1164 -1.040108433515
  1165 -1.040108433515
  1166 -1.040108433515
  1167 -1.040108433515
  1168 -1.040108433515
  1169 -1.040108433515
  1170 -1.040108433515
  1171 -1.040108433515
  1172 -1.040108433515
  1173 -1.040108433515
  1174 -1.040108433515
  1175 -1.040108433515
  1176 -1.040108433515
  1177 -1.040108433515
  1178 -1.040108433515
  1179 -1.040108433515
  1180 -1.040108433515
  1181 -1.040108433515
  1182 -1.040108433515
  1183 -1.040108433515
  1184 -1.040108433515
  1185 -1.040108433515
  1186 -1.040108433515
  1187 -1.040108433515
  1188 -1.040108433515
  1189 -1.040108433515
  1190 -1.040108433515
  1191 -1.040108433515
  1192 -1.040108433515
  1193 -1.040108433515
  1194 -1.040108433515
  1195 -1.040108433515
  1196 -1.040108433515
  1197 -1.040108433515
  1198 -1.040108433515
  1199 -1.040108433515
  1200 -1.040108433515
  1201 -1.040108433515
  1202 -1.040108433515
  1203 -1.040108433515
  1204 -1.040108433515
  1205 -1.040108433515
  1206 -1.040108433515
  1207 -1.040108433515
  1208 -1.040108433515
  1209 -1.040108433515
  1210 -1.040108433515
  1211 -1.040108433515
  1212 -1.040108433515
  1213 -1.040108433515
  1214 -1.040108433515
  1215 -1.040108433515
  1216 -1.040108433515
  1217 -1.040108433515
  1218 -1.040108433515
  1219 -1.040108433515
  1220 -1.040108433515
  1221 -1.040108433515
  1222 -1.040108433515
  1223 -1.040108433515
  1224 -1.040108433515
  1225 -1.040108433515
  1226 -1.040108433515
  1227 -1.040108433515
  1228 -1.040108433515
  1229 -1.040108433515
  1230 -1.040108433515
  1231 -1.040108433515
  1232 -1.040108433515
  1233 -1.040108433515
  1234 -1.040108433515
  1235 -1.040108433515
  1236 -1.040108433515
  1237 -1.040108433515
  1238 -1.040108433515
  1239 -1.040108433515
  1240 -1.040108433515
  1241 -1.040108433515
  1242 -1.040108433515
  1243 -1.040108433515
  1244 -1.040108433515
  1245 -1.040108433515
  1246 -1.040108433515
  1247 -1.040108433515
  1248 -1.040108433515
  1249 -1.040108433515
  1250 -1.040108433515
  1251 -1.040108433515
  1252 -1.040108433515
  1253 -1.040108433515
  1254 -1.040108433515
  1255 -1.040108433515
  1256 -1.040108433515
  1257 -1.040108433515
  1258 -1.040108433515
  1259 -1.040108433515
  1260 -1.040108433515
  1261 -1.040108433515
  1262 -1.040108433515
  1263 -1.040108433515
  1264 -1.040108433515
  1265 -1.040108433515
  1266 -1.040108433515
  1267 -1.040108433515
  1268 -1.040108433515
  1269 -1.040108433515
  1270 -1.040108433515
  1271 -1.040108433515
  1272 -1.040108433515
  1273 -1.040108433515
  1274 -1.040108433515
  1275 -1.040108433515
  1276 -1.040108433515
  1277 -1.040108433515
  1278 -1.040108433515
  1279 -1.040108433515
  1280 -1.040108433515
  1281 -1.040108433515
  1282 -1.040108433515
  1283 -1.040108433515
  1284 -1.040108433515
  1285 -1.040108433515
  1286 -1.040108433515
  1287 -1.040108433515
  1288 -1.040108433515
  1289 -1.040108433515
  1290 -1.040108433515
  1291 -1.040108433515
  1292 -1.040108433515
  1293 -1.040108433515
  1294 -1.040108433515
  1295 -1.040108433515
  1296 -1.040108433515
  1297 -1.040108433515
  1298 -1.040108433515
  1299 -1.040108433515
  1300 -1.040108433515
  1301 -1.040108433515
  1302 -1.040108433515
  1303 -1.040108433515
  1304 -1.040108433515
  1305 -1.040108433515
  1306 -1.040108433515
  1307 -1.040108433515
  1308 -1.040108433515
  1309 -1.040108433515
  1310 -1.040108433515
  1311 -1.040108433515
  1312 -1.040108433515
  1313 -1.040108433515
  1314 -1.040108433515
  1315 -1.040108433515
  1316 -1.040108433515
  1317 -1.040108433515
  1318 -1.040108433515
  1319 -1.040108433515
  1320 -1.040108433515
  1321 -1.040108433515
  1322 -1.040108433515
  1323 -1.040108433515
  1324 -1.040108433515
  1325 -1.040108433515
  1326 -1.040108433515
  1327 -1.040108433515
  1328 -1.040108433515
  1329 -1.040108433515
  1330 -1.040108433515
  1331 -1.040108433515
  1332 -1.040108433515
  1333 -1.040108433515
  1334 -1.040108433515
  1335 -1.040108433515
  1336 -1.040108433515
  1337 -1.040108433515
  1338 -1.040108433515
  1339 -1.040108433515
  1340 -1.040108433515
  1341 -1.040108433515
  1342 -1.040108433515
  1343 -1.040108433515
  1344 -1.040108433515
  1345 -1.040108433515
  1346 -1.040108433515
  1347 -1.040108433515
  1348 -1.040108433515
  1349 -1.040108433515
  1350 -1.040108433515
  1351 -1.040108433515
  1352 -1.040108433515
  1353 -1.040108433515
  1354 -1.040108433515
  1355 -1.040108433515
  1356 -1.040108433515
  1357 -1.040108433515
  1358 -1.040108433515
  1359 -1.040108433515
  1360 -1.040108433515
  1361 -1.040108433515
  1362 -1.040108433515
  1363 -1.040108433515
  1364 -1.040108433515
  1365 -1.040108433515
  1366 -1.040108433515
  1367 -1.040108433515
  1368 -1.040108433515
  1369 -1.040108433515
  1370 -1.040108433515
  1371 -1.040108433515
  1372 -1.040108433515
  1373 -1.040108433515
  1374 -1.040108433515
  1375 -1.040108433515
  1376 -1.040108433515
  1377 -1.040108433515
  1378 -1.040108433515
  1379 -1.040108433515
  1380 -1.040108433515
  1381 -1.040108433515
  1382 -1.040108433515
  1383 -1.040108433515
  1384 -1.040108433515
  1385 -1.040108433515
  1386 -1.040108433515
  1387 -1.040108433515
  1388 -1.040108433515
  1389 -1.040108433515
  1390 -1.040108433515
  1391 -1.040108433515
  1392 -1.040108433515
  1393 -1.040108433515
  1394 -1.040108433515
  1395 -1.040108433515
  1396 -1.040108433515
  1397 -1.040108433515
  1398 -1.040108433515
  1399 -1.040108433515
  1400 -1.040108433515
  1401 -1.040108433515
  1402 -1.040108433515
  1403 -1.040108433515
  1404 -1.040108433515
  1405 -1.040108433515
  1406 -1.040108433515
  1407 -1.040108433515
  1408 -1.040108433515
  1409 -1.040108433515
  1410 -1.040108433515
  1411 -1.040108433515
  1412 -1.040108433515
  1413 -1.040108433515
  1414 -1.040108433515
  1415 -1.040108433515
  1416 -1.040108433515
  1417 -1.040108433515
  1418 -1.040108433515
  1419 -1.040108433515
  1420 -1.040108433515
  1421 -1.040108433515
  1422 -1.040108433515
  1423 -1.040108433515
  1424 -1.040108433515
  1425 -1.040108433515
  1426 -1.040108433515
  1427 -1.040108433515
  1428 -1.040108433515
  1429 -1.040108433515
  1430 -1.040108433515
  1431 -1.040108433515
  1432 -1.040108433515
  1433 -1.040108433515
  1434 -1.040108433515
  1435 -1.040108433515
  1436 -1.040108433515
  1437 -1.040108433515
  1438 -1.040108433515
  1439 -1.040108433515
  1440 -1.040108433515
  1441 -1.040108433515
  1442 -1.040108433515
  1443 -1.040108433515
  1444 -1.040108433515
  1445 -1.040108433515
  1446 -1.040108433515
  1447 -1.040108433515
  1448 -1.040108433515
  1449 -1.040108433515
  1450 -1.040108433515
  1451 -1.040108433515
  1452 -1.040108433515
  1453 -1.040108433515
  1454 -1.040108433515
  1455 -1.040108433515
  1456 -1.040108433515
  1457 -1.040108433515
  1458 -1.040108433515
  1459 -1.040108433515
  1460 -1.040108433515
  1461 -1.040108433515
  1462 -1.040108433515
  1463 -1.040108433515
  1464 -1.040108433515
  1465 -1.040108433515
  1466 -1.040108433515
  1467 -1.040108433515
  1468 -1.040108433515
  1469 -1.040108433515
  1470 -1.040108433515
  1471 -1.040108433515
  1472 -1.040108433515
  1473 -1.040108433515
  1474 -1.040108433515
  1475 -1.040108433515
  1476 -1.040108433515
  1477 -1.040108433515
  1478 -1.040108433515
  1479 -1.040108433515
  1480 -1.040108433515
  1481 -1.040108433515
  1482 -1.040108433515
  1483 -1.040108433515
  1484 -1.040108433515
  1485 -1.040108433515
  1486 -1.040108433515
  1487 -1.040108433515
  1488 -1.040108433515
  1489 -1.040108433515
  1490 -1.040108433515
  1491 -1.040108433515
  1492 -1.040108433515
  1493 -1.040108433515
  1494 -1.040108433515
  1495 -1.040108433515
  1496 -1.040108433515
  1497 -1.040108433515
  1498 -1.040108433515
  1499 -1.040108433515
  1500 -1.040108433515
  1501 -1.040108433515
  1502 -1.040108433515
  1503 -1.040108433515
  1504 -1.040108433515
  1505 -1.040108433515
  1506 -1.040108433515
  1507 -1.040108433515
  1508 -1.040108433515
  1509 -1.040108433515
  1510 -1.040108433515
  1511 -1.040108433515
  1512 -1.040108433515
  1513 -1.040108433515
  1514 -1.040108433515
  1515 -1.040108433515
  1516 -1.040108433515
  1517 -1.040108433515
  1518 -1.040108433515
  1519 -1.040108433515
  1520 -1.040108433515
  1521 -1.040108433515
  1522 -1.040108433515
  1523 -1.040108433515
  1524 -1.040108433515
  1525 -1.040108433515
  1526 -1.040108433515
  1527 -1.040108433515
  1528 -1.040108433515
  1529 -1.040108433515
  1530 -1.040108433515
  1531 -1.040108433515
  1532 -1.040108433515
  1533 -1.040108433515
  1534 -1.040108433515
  1535 -1.040108433515
  1536 -1.040108433515
  1537 -1.040108433515
  1538 -1.040108433515
  1539 -1.040108433515
  1540 -1.040108433515
  1541 -1.040108433515
  1542 -1.040108433515
  1543 -1.040108433515
  1544 -1.040108433515
  1545 -1.040108433515
  1546 -1.040108433515
  1547 -1.040108433515
  1548 -1.040108433515
  1549 -1.040108433515
  1550 -1.040108433515
  1551 -1.040108433515
  1552 -1.040108433515
  1553 -1.040108433515
  1554 -1.040108433515
  1555 -1.040108433515
  1556 -1.040108433515
  1557 -1.040108433515
  1558 -1.040108433515
  1559 -1.040108433515
  1560 -1.040108433515
  1561 -1.040108433515
  1562 -1.040108433515
  1563 -1.040108433515
  1564 -1.040108433515
  1565 -1.040108433515
  1566 -1.040108433515
  1567 -1.040108433515
  1568 -1.040108433515
  1569 -1.040108433515
  1570 -1.040108433515
  1571 -1.040108433515
  1572 -1.040108433515
  1573 -1.040108433515
  1574 -1.040108433515
  1575 -1.040108433515
  1576 -1.040108433515
  1577 -1.040108433515
  1578 -1.040108433515
  1579 -1.040108433515
  1580 -1.040108433515
  1581 -1.040108433515
  1582 -1.040108433515
  1583 -1.040108433515
  1584 -1.040108433515
  1585 -1.040108433515
  1586 -1.040108433515
  1587 -1.040108433515
  1588 -1.040108433515
  1589 -1.040108433515
  1590 -1.040108433515
  1591 -1.040108433515
  1592 -1.040108433515
  1593 -1.040108433515
  1594 -1.040108433515
  1595 -1.040108433515
  1596 -1.040108433515
  1597 -1.040108433515
  1598 -1.040108433515
  1599 -1.040108433515
  1600 -1.040108433515
  1601 -1.040108433515
  1602 -1.040108433515
  1603 -1.040108433515
  1604 -1.040108433515
  1605 -1.040108433515
  1606 -1.040108433515
  1607 -1.040108433515
  1608 -1.040108433515
  1609 -1.040108433515
  1610 -1.040108433515
  1611 -1.040108433515
  1612 -1.040108433515
  1613 -1.040108433515
  1614 -1.040108433515
  1615 -1.040108433515
  1616 -1.040108433515
  1617 -1.040108433515
  1618 -1.040108433515
  1619 -1.040108433515
  1620 -1.040108433515
  1621 -1.040108433515
  1622 -1.040108433515
  1623 -1.040108433515
  1624 -1.040108433515
  1625 -1.040108433515
  1626 -1.040108433515
  1627 -1.040108433515
  1628 -1.040108433515
  1629 -1.040108433515
  1630 -1.040108433515
  1631 -1.040108433515
  1632 -1.040108433515
  1633 -1.040108433515
  1634 -1.040108433515
  1635 -1.040108433515
  1636 -1.040108433515
  1637 -1.040108433515
  1638 -1.040108433515
  1639 -1.040108433515
  1640 -1.040108433515
  1641 -1.040108433515
  1642 -1.040108433515
  1643 -1.040108433515
  1644 -1.040108433515
  1645 -1.040108433515
  1646 -1.040108433515
  1647 -1.040108433515
  1648 -1.040108433515
  1649 -1.040108433515
  1650 -1.040108433515
  1651 -1.040108433515
  1652 -1.040108433515
  1653 -1.040108433515
  1654 -1.040108433515
  1655 -1.040108433515
  1656 -1.040108433515
  1657 -1.040108433515
  1658 -1.040108433515
  1659 -1.040108433515
  1660 -1.040108433515
  1661 -1.040108433515
  1662 -1.040108433515
  1663 -1.040108433515
  1664 -1.040108433515
  1665 -1.040108433515
  1666 -1.040108433515
  1667 -1.040108433515
  1668 -1.040108433515
  1669 -1.040108433515
  1670 -1.040108433515
  1671 -1.040108433515
  1672 -1.040108433515
  1673 -1.040108433515
  1674 -1.040108433515
  1675 -1.040108433515
  1676 -1.040108433515
  1677 -1.040108433515
  1678 -1.040108433515
  1679 -1.040108433515
  1680 -1.040108433515
  1681 -1.040108433515
  1682 -1.040108433515
  1683 -1.040108433515
  1684 -1.040108433515
  1685 -1.040108433515
  1686 -1.040108433515
  1687 -1.040108433515
  1688 -1.040108433515
  1689 -1.040108433515
  1690 -1.040108433515
  1691 -1.040108433515
  1692 -1.040108433515
  1693 -1.040108433515
  1694 -1.040108433515
  1695 -1.040108433515
  1696 -1.040108433515
  1697 -1.040108433515
  1698 -1.040108433515
  1699 -1.040108433515
  1700 -1.040108433515
  1701 -1.040108433515
  1702 -1.040108433515
  1703 -1.040108433515
  1704 -1.040108433515
  1705 -1.040108433515
  1706 -1.040108433515
  1707 -1.040108433515
  1708 -1.040108433515
  1709 -1.040108433515
  1710 -1.040108433515
  1711 -1.040108433515
  1712 -1.040108433515
  1713 -1.040108433515
  1714 -1.040108433515
  1715 -1.040108433515
  1716 -1.040108433515
  1717 -1.040108433515
  1718 -1.040108433515
  1719 -1.040108433515
  1720 -1.040108433515
  1721 -1.040108433515
  1722 -1.040108433515
  1723 -1.040108433515
  1724 -1.040108433515
  1725 -1.040108433515
  1726 -1.040108433515
  1727 -1.040108433515
  1728 -1.040108433515
  1729 -1.040108433515
  1730 -1.040108433515
  1731 -1.040108433515
  1732 -1.040108433515
  1733 -1.040108433515
  1734 -1.040108433515
  1735 -1.040108433515
  1736 -1.040108433515
  1737 -1.040108433515
  1738 -1.040108433515
  1739 -1.040108433515
  1740 -1.040108433515
  1741 -1.040108433515
  1742 -1.040108433515
  1743 -1.040108433515
  1744 -1.040108433515
  1745 -1.040108433515
  1746 -1.040108433515
  1747 -1.040108433515
  1748 -1.040108433515
  1749 -1.040108433515
  1750 -1.040108433515
  1751 -1.040108433515
  1752 -1.040108433515
  1753 -1.040108433515
  1754 -1.040108433515
  1755 -1.040108433515
  1756 -1.040108433515
  1757 -1.040108433515
  1758 -1.040108433515
  1759 -1.040108433515
  1760 -1.040108433515
  1761 -1.040108433515
  1762 -1.040108433515
  1763 -1.040108433515
  1764 -1.040108433515
  1765 -1.040108433515
  1766 -1.040108433515
  1767 -1.040108433515
  1768 -1.040108433515
  1769 -1.040108433515
  1770 -1.040108433515
  1771 -1.040108433515
  1772 -1.040108433515
  1773 -1.040108433515
  1774 -1.040108433515
  1775 -1.040108433515
  1776 -1.040108433515
  1777 -1.040108433515
  1778 -1.040108433515
  1779 -1.040108433515
  1780 -1.040108433515
  1781 -1.040108433515
  1782 -1.040108433515
  1783 -1.040108433515
  1784 -1.040108433515
  1785 -1.040108433515
  1786 -1.040108433515
  1787 -1.040108433515
  1788 -1.040108433515
  1789 -1.040108433515
  1790 -1.040108433515
  1791 -1.040108433515
  1792 -1.040108433515
  1793 -1.040108433515
  1794 -1.040108433515
  1795 -1.040108433515
  1796 -1.040108433515
  1797 -1.040108433515
  1798 -1.040108433515
  1799 -1.040108433515
  1800 -1.040108433515
  1801 -1.040108433515
  1802 -1.040108433515
  1803 -1.040108433515
  1804 -1.040108433515
  1805 -1.040108433515
  1806 -1.040108433515
  1807 -1.040108433515
  1808 -1.040108433515
  1809 -1.040108433515
  1810 -1.040108433515
  1811 -1.040108433515
  1812 -1.040108433515
  1813 -1.040108433515
  1814 -1.040108433515
  1815 -1.040108433515
  1816 -1.040108433515
  1817 -1.040108433515
  1818 -1.040108433515
  1819 -1.040108433515
  1820 -1.040108433515
  1821 -1.040108433515
  1822 -1.040108433515
  1823 -1.040108433515
  1824 -1.040108433515
  1825 -1.040108433515
  1826 -1.040108433515
  1827 -1.040108433515
  1828 -1.040108433515
  1829 -1.040108433515
  1830 -1.040108433515
  1831 -1.040108433515
  1832 -1.040108433515
  1833 -1.040108433515
  1834 -1.040108433515
  1835 -1.040108433515
  1836 -1.040108433515
  1837 -1.040108433515
  1838 -1.040108433515
  1839 -1.040108433515
  1840 -1.040108433515
  1841 -1.040108433515
  1842 -1.040108433515
  1843 -1.040108433515
  1844 -1.040108433515
  1845 -1.040108433515
  1846 -1.040108433515
  1847 -1.040108433515
  1848 -1.040108433515
  1849 -1.040108433515
  1850 -1.040108433515
  1851 -1.040108433515
  1852 -1.040108433515
  1853 -1.040108433515
  1854 -1.040108433515
  1855 -1.040108433515
  1856 -1.040108433515
  1857 -1.040108433515
  1858 -1.040108433515
  1859 -1.040108433515
  1860 -1.040108433515
  1861 -1.040108433515
  1862 -1.040108433515
  1863 -1.040108433515
  1864 -1.040108433515
  1865 -1.040108433515
  1866 -1.040108433515
  1867 -1.040108433515
  1868 -1.040108433515
  1869 -1.040108433515
  1870 -1.040108433515
  1871 -1.040108433515
  1872 -1.040108433515
  1873 -1.040108433515
  1874 -1.040108433515
  1875 -1.040108433515
  1876 -1.040108433515
  1877 -1.040108433515
  1878 -1.040108433515
  1879 -1.040108433515
  1880 -1.040108433515
  1881 -1.040108433515
  1882 -1.040108433515
  1883 -1.040108433515
  1884 -1.040108433515
  1885 -1.040108433515
  1886 -1.040108433515
  1887 -1.040108433515
  1888 -1.040108433515
  1889 -1.040108433515
  1890 -1.040108433515
  1891 -1.040108433515
  1892 -1.040108433515
  1893 -1.040108433515
  1894 -1.040108433515
  1895 -1.040108433515
  1896 -1.040108433515
  1897 -1.040108433515
  1898 -1.040108433515
  1899 -1.040108433515
  1900 -1.040108433515
  1901 -1.040108433515
  1902 -1.040108433515
  1903 -1.040108433515
  1904 -1.040108433515
  1905 -1.040108433515
  1906 -1.040108433515
  1907 -1.040108433515
  1908 -1.040108433515
  1909 -1.040108433515
  1910 -1.040108433515
  1911 -1.040108433515
  1912 -1.040108433515
  1913 -1.040108433515
  1914 -1.040108433515
  1915 -1.040108433515
  1916 -1.040108433515
  1917 -1.040108433515
  1918 -1.040108433515
  1919 -1.040108433515
  1920 -1.040108433515
  1921 -1.040108433515
  1922 -1.040108433515
  1923 -1.040108433515
  1924 -1.040108433515
  1925 -1.040108433515
  1926 -1.040108433515
  1927 -1.040108433515
  1928 -1.040108433515
  1929 -1.040108433515
  1930 -1.040108433515
  1931 -1.040108433515
  1932 -1.040108433515
  1933 -1.040108433515
  1934 -1.040108433515
  1935 -1.040108433515
  1936 -1.040108433515
  1937 -1.040108433515
  1938 -1.040108433515
  1939 -1.040108433515
  1940 -1.040108433515
  1941 -1.040108433515
  1942 -1.040108433515
  1943 -1.040108433515
  1944 -1.040108433515
  1945 -1.040108433515
  1946 -1.040108433515
  1947 -1.040108433515
  1948 -1.040108433515
  1949 -1.040108433515
  1950 -1.040108433515
  1951 -1.040108433515
  1952 -1.040108433515
  1953 -1.040108433515
  1954 -1.040108433515
  1955 -1.040108433515
  1956 -1.040108433515
  1957 -1.040108433515
  1958 -1.040108433515
  1959 -1.040108433515
  1960 -1.040108433515
  1961 -1.040108433515
  1962 -1.040108433515
  1963 -1.040108433515
  1964 -1.040108433515
  1965 -1.040108433515
  1966 -1.040108433515
  1967 -1.040108433515
  1968 -1.040108433515
  1969 -1.040108433515
  1970 -1.040108433515
  1971 -1.040108433515
  1972 -1.040108433515
  1973 -1.040108433515
  1974 -1.040108433515
  1975 -1.040108433515
  1976 -1.040108433515
  1977 -1.040108433515
  1978 -1.040108433515
  1979 -1.040108433515
  1980 -1.040108433515
  1981 -1.040108433515
  1982 -1.040108433515
  1983 -1.040108433515
  1984 -1.040108433515
  1985 -1.040108433515
  1986 -1.040108433515
  1987 -1.040108433515
  1988 -1.040108433515
  1989 -1.040108433515
  1990 -1.040108433515
  1991 -1.040108433515
  1992 -1.040108433515
  1993 -1.040108433515
  1994 -1.040108433515
  1995 -1.040108433515
  1996 -1.040108433515
  1997 -1.040108433515
  1998 -1.040108433515
  1999 -1.040108433515
  2000 -1.040108433515
