     1 -1.023964581286
     2 -1.097389877233
     3 -1.114634947668
     4 -1.123168498293
     5 -1.127095595600
     6 -1.128949354682
     7 -1.129882240213
     8 -1.130375935222
     9 -1.130647432344
    10 -1.130801227061
    11 -1.130890388613
    12 -1.130943034236
    13 -1.130974575954
    14 -1.130993696392
    15 -1.131005397394
    16 -1.131012613272
    17 -1.131017091338
    18 -1.131019884718
    19 -1.131021634608
    20 -1.131022734694
    21 -1.131023428295
    22 -1.131023866669
    23 -1.131024144314
    24 -1.131024320448
    25 -1.131024432360
    26 -1.131024503545
    27 -1.131024548871
    28 -1.131024577762
    29 -1.131024596189
    30 -1.131024607952
    31 -1.131024615462
    32 -1.131024620262
    33 -1.131024623329
    34 -1.131024625290
    35 -1.131024626545
    36 -1.131024627348
    37 -1.131024627862
    38 -1.131024628190
    39 -1.131024628401
    40 -1.131024628536
    41 -1.131024628622
    42 -1.131024628678
    43 -1.131024628713
    44 -1.131024628736
    45 -1.131024628750
    46 -1.131024628760
    47 -1.131024628766
    48 -1.131024628769
    49 -1.131024628772
    50 -1.131024628773
    51 -1.226368130116
    52 -1.115578608863
    53 -1.122507936355
    54 -1.126594381892
    55 -1.128629275761
    56 -1.129683855134
    57 -1.130254396810
    58 -1.130573801537
    59 -1.130757202481
    60 -1.130864453147
    61 -1.130927999383
    62 -1.130966010464
    63 -1.130988909273
    64 -1.131002780145
    65 -1.131011220050
    66 -1.131016375015
    67 -1.131019534172
    68 -1.131021476100
    69 -1.131022673167
    70 -1.131023413004
    71 -1.131023871375
    72 -1.131024156011
    73 -1.131024333141
    74 -1.131024443599
    75 -1.131024512602
    76 -1.131024555788
    77 -1.131024582858
    78 -1.131024599852
    79 -1.131024610537
    80 -1.131024617262
    81 -1.131024621501
    82 -1.131024624175
    83 -1.131024625864
    84 -1.131024626932
    85 -1.131024627607
    86 -1.131024628034
    87 -1.131024628305
    88 -1.131024628477
    89 -1.131024628586
    90 -1.131024628655
    91 -1.131024628699
    92 -1.131024628727
    93 -1.131024628745
    94 -1.131024628756
    95 -1.131024628764
    96 -1.131024628768
    97 -1.131024628771
    98 -1.131024628773
    99 -1.131024628774
   100 -1.131024628775
   101 -1.194477127178
   102 -1.113070730336
   103 -1.122606168556
   104 -1.126990031946
   105 -1.128946751133
   106 -1.129889958988
   107 -1.130377657641
   108 -1.130644284378
   109 -1.130796269978
   110 -1.130885546884
   111 -1.130939097038
   112 -1.130971680678
   113 -1.130991700672
   114 -1.131004083440
   115 -1.131011778064
   116 -1.131016575427
   117 -1.131019573909
   118 -1.131021451708
   119 -1.131022629563
   120 -1.131023369400
   121 -1.131023834672
   122 -1.131024127599
   123 -1.131024312209
   124 -1.131024428658
   125 -1.131024502181
   126 -1.131024548637
   127 -1.131024578014
   128 -1.131024596602
   129 -1.131024608373
   130 -1.131024615831
   131 -1.131024620559
   132 -1.131024623558
   133 -1.131024625461
   134 -1.131024626669
   135 -1.131024627437
   136 -1.131024627924
   137 -1.131024628234
   138 -1.131024628431
   139 -1.131024628557
   140 -1.131024628637
   141 -1.131024628687
   142 -1.131024628720
   143 -1.131024628740
   144 -1.131024628753
   145 -1.131024628762
   146 -1.131024628767
   147 -1.131024628770
   148 -1.131024628772
   149 -1.131024628774
   150 -1.131024628775
   151 -1.249493099295
   152 -1.118130302594
   153 -1.123663333244
   154 -1.127239297061
   155 -1.128994851997
   156 -1.129891690771
   157 -1.130372051770
   158 -1.130639594546
   159 -1.130793321213
   160 -1.130883815468
   161 -1.130938069385
   162 -1.130971038917
   163 -1.130991273555
   164 -1.131003783185
   165 -1.131011559350
   166 -1.131016413322
   167 -1.131019453275
   168 -1.131021362286
   169 -1.131022563816
   170 -1.131023321512
   171 -1.131023800126
   172 -1.131024102906
   173 -1.131024294713
   174 -1.131024416363
   175 -1.131024493600
   176 -1.131024542688
   177 -1.131024573912
   178 -1.131024593789
   179 -1.131024606454
   180 -1.131024614526
   181 -1.131024619676
   182 -1.131024622961
   183 -1.131024625060
   184 -1.131024626400
   185 -1.131024627257
   186 -1.131024627804
   187 -1.131024628154
   188 -1.131024628378
   189 -1.131024628521
   190 -1.131024628613
   191 -1.131024628672
   192 -1.131024628709
   193 -1.131024628733
   194 -1.131024628749
   195 -1.131024628759
   196 -1.131024628765
   197 -1.131024628769
   198 -1.131024628772
   199 -1.131024628773
   200 -1.131024628774
   201 -1.215535645880
   202 -1.112819926445
   203 -1.121363271734
   204 -1.126059602580
   205 -1.128342563786
   206 -1.129508674969
   207 -1.130136486595
   208 -1.130490340654
   209 -1.130697281003
   210 -1.130821670275
   211 -1.130897867154
   212 -1.130945114956
   213 -1.130974629609
   214 -1.130993145165
   215 -1.131004787839
   216 -1.131012118084
   217 -1.131016736494
   218 -1.131019647666
   219 -1.131021483450
   220 -1.131022641582
   221 -1.131023372545
   222 -1.131023834136
   223 -1.131024125799
   224 -1.131024310206
   225 -1.131024426874
   226 -1.131024500734
   227 -1.131024547525
   228 -1.131024577187
   229 -1.131024596003
   230 -1.131024607944
   231 -1.131024615528
   232 -1.131024620347
   233 -1.131024623411
   234 -1.131024625360
   235 -1.131024626600
   236 -1.131024627389
   237 -1.131024627892
   238 -1.131024628213
   239 -1.131024628417
   240 -1.131024628547
   241 -1.131024628630
   242 -1.131024628683
   243 -1.131024628717
   244 -1.131024628738
   245 -1.131024628752
   246 -1.131024628761
   247 -1.131024628766
   248 -1.131024628770
   249 -1.131024628772
   250 -1.131024628774
   251 -1.204618261664
   252 -1.115130349759
   253 -1.122401908061
   254 -1.126531664515
   255 -1.128572250555
   256 -1.129627758342
   257 -1.130201710479
   258 -1.130527556405
   259 -1.130719009934
   260 -1.130834428511
   261 -1.130905293752
   262 -1.130949353326
   263 -1.130976977605
   264 -1.130994393456
   265 -1.131005413393
   266 -1.131012403086
   267 -1.131016843775
   268 -1.131019668259
   269 -1.131021466303
   270 -1.131022611678
   271 -1.131023341688
   272 -1.131023807181
   273 -1.131024104135
   274 -1.131024293653
   275 -1.131024414642
   276 -1.131024491907
   277 -1.131024541269
   278 -1.131024572816
   279 -1.131024592980
   280 -1.131024605875
   281 -1.131024614120
   282 -1.131024619395
   283 -1.131024622771
   284 -1.131024624931
   285 -1.131024626314
   286 -1.131024627199
   287 -1.131024627766
   288 -1.131024628129
   289 -1.131024628362
   290 -1.131024628511
   291 -1.131024628606
   292 -1.131024628667
   293 -1.131024628706
   294 -1.131024628731
   295 -1.131024628748
   296 -1.131024628758
   297 -1.131024628765
   298 -1.131024628769
   299 -1.131024628771
   300 -1.131024628773
   301 -1.216273561818
   302 -1.113994724600
   303 -1.122685301699
   304 -1.126927886009
   305 -1.128893114138
   306 -1.129861391281
   307 -1.130366867829
   308 -1.130643159472
   309 -1.130799460149
   310 -1.130890084411
   311 -1.130943541917
   312 -1.130975456156
   313 -1.130994670998
   314 -1.131006311105
   315 -1.131013395188
   316 -1.131017722203
   317 -1.131020373101
   318 -1.131022001286
   319 -1.131023003575
   320 -1.131023621835
   321 -1.131024003910
   322 -1.131024240434
   323 -1.131024387092
   324 -1.131024478170
   325 -1.131024534808
   326 -1.131024570080
   327 -1.131024592071
   328 -1.131024605798
   329 -1.131024614378
   330 -1.131024619745
   331 -1.131024623107
   332 -1.131024625214
   333 -1.131024626537
   334 -1.131024627367
   335 -1.131024627889
   336 -1.131024628217
   337 -1.131024628424
   338 -1.131024628554
   339 -1.131024628636
   340 -1.131024628688
   341 -1.131024628720
   342 -1.131024628741
   343 -1.131024628754
   344 -1.131024628762
   345 -1.131024628767
   346 -1.131024628771
   347 -1.131024628773
   348 -1.131024628774
   349 -1.131024628775
   350 -1.131024628775
   351 -1.131024628776
   352 -1.131024628776
   353 -1.131024628776
   354 -1.131024628776
   355 -1.131024628776
   356 -1.131024628776
   357 -1.131024628776
   358 -1.131024628776
   359 -1.131024628776
   360 -1.131024628776
   361 -1.131024628776
   362 -1.131024628776
   363 -1.131024628776
   364 -1.131024628776
   365 -1.131024628776
   366 -1.131024628776
   367 -1.131024628776
   368 -1.131024628776
   369 -1.131024628776
   370 -1.131024628776
   371 -1.131024628776
   372 -1.131024628776
   373 -1.131024628776
   374 -1.131024628776
   375 -1.131024628776
   376 -1.131024628776
   377 -1.131024628776
   378 -1.131024628776
   379 -1.131024628776
   380 -1.131024628776
   381 -1.131024628776
   382 -1.131024628776
   383 -1.131024628776
   384 -1.131024628776
   385 -1.131024628776
   386 -1.131024628776
   387 -1.131024628776
   388 -1.131024628776
   389 -1.131024628776
   390 -1.131024628776
   391 -1.131024628776
   392 -1.131024628776
   393 -1.131024628776
   394 -1.131024628776
   395 -1.131024628776
   396 -1.131024628776
   397 -1.131024628776
   398 -1.131024628776
   399 -1.131024628776
   400 -1.131024628776
   401 -1.131024628776
   402 -1.131024628776
   403 -1.131024628776
   404 -1.131024628776
   405 -1.131024628776
   406 -1.131024628776
   407 -1.131024628776
   408 -1.131024628776
   409 -1.131024628776
   410 -1.131024628776
   411 -1.131024628776
   412 -1.131024628776
   413 -1.131024628776
   414 -1.131024628776
   415 -1.131024628776
   416 -1.131024628776
   417 -1.131024628776
   418 -1.131024628776
   419 -1.131024628776
   420 -1.131024628776
   421 -1.131024628776
   422 -1.131024628776
   423 -1.131024628776
   424 -1.131024628776
   425 -1.131024628776
   426 -1.131024628776
   427 -1.131024628776
   428 -1.131024628776
   429 -1.131024628776
   430 -1.131024628776
   431 -1.131024628776
   432 -1.131024628776
   433 -1.131024628776
   434 -1.131024628776
   435 -1.131024628776
   436 -1.131024628776
   437 -1.131024628776
   438 -1.131024628776
   439 -1.131024628776
   440 -1.131024628776
   441 -1.131024628776
   442 -1.131024628776
   443 -1.131024628776
   444 -1.131024628776
   445 -1.131024628776
   446 -1.131024628776
   447 -1.131024628776
   448 -1.131024628776
   449 -1.131024628776
   450 -1.131024628776
   451 -1.131024628776
   452 -1.131024628776
   453 -1.131024628776
   454 -1.131024628776
   455 -1.131024628776
   456 -1.131024628776
   457 -1.131024628776
   458 -1.131024628776
   459 -1.131024628776
   460 -1.131024628776
   461 -1.131024628776
   462 -1.131024628776
   463 -1.131024628776
   464 -1.131024628776
   465 -1.131024628776
   466 -1.131024628776
   467 -1.131024628776
   468 -1.131024628776
   469 -1.131024628776
   470 -1.131024628776
   471 -1.131024628776
   472 -1.131024628776
   473 -1.131024628776
   474 -1.131024628776
   475 -1.131024628776
   476 -1.131024628776
   477 -1.131024628776
   478 -1.131024628776
   479 -1.131024628776
   480 -1.131024628776
   481 -1.131024628776
   482 -1.131024628776
   483 -1.131024628776
   484 -1.131024628776
   485 -1.131024628776
   486 -1.131024628776
   487 -1.131024628776
   488 -1.131024628776
   489 -1.131024628776
   490 -1.131024628776
   491 -1.131024628776
   492 -1.131024628776
   493 -1.131024628776
   494 -1.131024628776
   495 -1.131024628776
   496 -1.131024628776
   497 -1.131024628776
   498 -1.131024628776
   499 -1.131024628776
   500 -1.131024628776
   501 -1.131024628776
   502 -1.131024628776
   503 -1.131024628776
   504 -1.131024628776
   505 -1.131024628776
   506 -1.131024628776
   507 -1.131024628776
   508 -1.131024628776
   509 -1.131024628776
   510 -1.131024628776
   511 -1.131024628776
   512 -1.131024628776
   513 -1.131024628776
   514 -1.131024628776
   515 -1.131024628776
   516 -1.131024628776
   517 -1.131024628776
   518 -1.131024628776
   519 -1.131024628776
   520 -1.131024628776
   521 -1.131024628776
   522 -1.131024628776
   523 -1.131024628776
   524 -1.131024628776
   525 -1.131024628776
   526 -1.131024628776
   527 -1.131024628776
   528 -1.131024628776
   529 -1.131024628776
   530 -1.131024628776
   531 -1.131024628776
   532 -1.131024628776
   533 -1.131024628776
   534 -1.131024628776
   535 -1.131024628776
   536 -1.131024628776
   537 -1.131024628776
   538 -1.131024628776
   539 -1.131024628776
   540 -1.131024628776
   541 -1.131024628776
   542 -1.131024628776
   543 -1.131024628776
   544 -1.131024628776
   545 -1.131024628776
   546 -1.131024628776
   547 -1.131024628776
   548 -1.131024628776
   549 -1.131024628776
   550 -1.131024628776
   551 -1.131024628776
   552 -1.131024628776
   553 -1.131024628776
   554 -1.131024628776
   555 -1.131024628776
   556 -1.131024628776
   557 -1.131024628776
   558 -1.131024628776
   559 -1.131024628776
   560 -1.131024628776
   561 -1.131024628776
   562 -1.131024628776
   563 -1.131024628776
   564 -1.131024628776
   565 -1.131024628776
   566 -1.131024628776
   567 -1.131024628776
   568 -1.131024628776
   569 -1.131024628776
   570 -1.131024628776
   571 -1.131024628776
   572 -1.131024628776
   573 -1.131024628776
   574 -1.131024628776
   575 -1.131024628776
   576 -1.131024628776
   577 -1.131024628776
   578 -1.131024628776
   579 -1.131024628776
   580 -1.131024628776
   581 -1.131024628776
   582 -1.131024628776
   583 -1.131024628776
   584 -1.131024628776
   585 -1.131024628776
   586 -1.131024628776
   587 -1.131024628776
   588 -1.131024628776
   589 -1.131024628776
   590 -1.131024628776
   591 -1.131024628776
   592 -1.131024628776
   593 -1.131024628776
   594 -1.131024628776
   595 -1.131024628776
   596 -1.131024628776
   597 -1.131024628776
   598 -1.131024628776
   599 -1.131024628776
   600 -1.131024628776
   601 -1.131024628776
   602 -1.131024628776
   603 -1.131024628776
   604 -1.131024628776
   605 -1.131024628776
   606 -1.131024628776
   607 -1.131024628776
   608 -1.131024628776
   609 -1.131024628776
   610 -1.131024628776
   611 -1.131024628776
   612 -1.131024628776
   613 -1.131024628776
   614 -1.131024628776
   615 -1.131024628776
   616 -1.131024628776
   617 -1.131024628776
   618 -1.131024628776
   619 -1.131024628776
   620 -1.131024628776
   621 -1.131024628776
   622 -1.131024628776
   623 -1.131024628776
   624 -1.131024628776
   625 -1.131024628776
   626 -1.131024628776
   627 -1.131024628776
   628 -1.131024628776
   629 -1.131024628776
   630 -1.131024628776
   631 -1.131024628776
   632 -1.131024628776
   633 -1.131024628776
   634 -1.131024628776
   635 -1.131024628776
   636 -1.131024628776
   637 -1.131024628776
   638 -1.131024628776
   639 -1.131024628776
   640 -1.131024628776
   641 -1.131024628776
   642 -1.131024628776
   643 -1.131024628776
   644 -1.131024628776
   645 -1.131024628776
   646 -1.131024628776
   647 -1.131024628776
   648 -1.131024628776
   649 -1.131024628776
   650 -1.131024628776
   651 -1.131024628776
   652 -1.131024628776
   653 -1.131024628776
   654 -1.131024628776
   655 -1.131024628776
   656 -1.131024628776
   657 -1.131024628776
   658 -1.131024628776
   659 -1.131024628776
   660 -1.131024628776
   661 -1.131024628776
   662 -1.131024628776
   663 -1.131024628776
   664 -1.131024628776
   665 -1.131024628776
   666 -1.131024628776
   667 -1.131024628776
   668 -1.131024628776
   669 -1.131024628776
   670 -1.131024628776
   671 -1.131024628776
   672 -1.131024628776
   673 -1.131024628776
   674 -1.131024628776
   675 -1.131024628776
   676 -1.131024628776
   677 -1.131024628776
   678 -1.131024628776
   679 -1.131024628776
   680 -1.131024628776
   681 -1.131024628776
   682 -1.131024628776
   683 -1.131024628776
   684 -1.131024628776
   685 -1.131024628776
   686 -1.131024628776
   687 -1.131024628776
   688 -1.131024628776
   689 -1.131024628776
   690 -1.131024628776
   691 -1.131024628776
   692 -1.131024628776
   693 -1.131024628776
   694 -1.131024628776
   695 -1.131024628776
   696 -1.131024628776
   697 -1.131024628776
   698 -1.131024628776
   699 -1.131024628776
   700 -1.131024628776
   701 -1.131024628776
   702 -1.131024628776
   703 -1.131024628776
   704 -1.131024628776
   705 -1.131024628776
   706 -1.131024628776
   707 -1.131024628776
   708 -1.131024628776
   709 -1.131024628776
   710 -1.131024628776
   711 -1.131024628776
   712 -1.131024628776
   713 -1.131024628776
   714 -1.131024628776
   715 -1.131024628776
   716 -1.131024628776
   717 -1.131024628776
   718 -1.131024628776
   719 -1.131024628776
   720 -1.131024628776
   721 -1.131024628776
   722 -1.131024628776
   723 -1.131024628776
   724 -1.131024628776
   725 -1.131024628776
   726 -1.131024628776
   727 -1.131024628776
   728 -1.131024628776
   729 -1.131024628776
   730 -1.131024628776
   731 -1.131024628776
   732 -1.131024628776
   733 -1.131024628776
   734 -1.131024628776
   735 -1.131024628776
   736 -1.131024628776
   737 -1.131024628776
   738 -1.131024628776
   739 -1.131024628776
   740 -1.131024628776
   741 -1.131024628776
   742 -1.131024628776
   743 -1.131024628776
   744 -1.131024628776
   745 -1.131024628776
   746 -1.131024628776
   747 -1.131024628776
   748 -1.131024628776
   749 -1.131024628776
   750 -1.131024628776
   751 -1.131024628776
   752 -1.131024628776
   753 -1.131024628776
   754 -1.131024628776
   755 -1.131024628776
   756 -1.131024628776
   757 -1.131024628776
   758 -1.131024628776
   759 -1.131024628776
   760 -1.131024628776
   761 -1.131024628776
   762 -1.131024628776
   763 -1.131024628776
   764 -1.131024628776
   765 -1.131024628776
   766 -1.131024628776
   767 -1.131024628776
   768 -1.131024628776
   769 -1.131024628776
   770 -1.131024628776
   771 -1.131024628776
   772 -1.131024628776
   773 -1.131024628776
   774 -1.131024628776
   775 -1.131024628776
   776 -1.131024628776
   777 -1.131024628776
   778 -1.131024628776
   779 -1.131024628776
   780 -1.131024628776
   781 -1.131024628776
   782 -1.131024628776
   783 -1.131024628776
   784 -1.131024628776
   785 -1.131024628776
   786 -1.131024628776
   787 -1.131024628776
   788 -1.131024628776
   789 -1.131024628776
   790 -1.131024628776
   791 -1.131024628776
   792 -1.131024628776
   793 -1.131024628776
   794 -1.131024628776
   795 -1.131024628776
   796 -1.131024628776
   797 -1.131024628776
   798 -1.131024628776
   799 -1.131024628776
   800 -1.131024628776
   801 -1.131024628776
   802 -1.131024628776
   803 -1.131024628776
   804 -1.131024628776
   805 -1.131024628776
   806 -1.131024628776
   807 -1.131024628776
   808 -1.131024628776
   809 -1.131024628776
   810 -1.131024628776
   811 -1.131024628776
   812 -1.131024628776
   813 -1.131024628776
   814 -1.131024628776
   815 -1.131024628776
   816 -1.131024628776
   817 -1.131024628776
   818 -1.131024628776
   819 -1.131024628776
   820 -1.131024628776
   821 -1.131024628776
   822 -1.131024628776
   823 -1.131024628776
   824 -1.131024628776
   825 -1.131024628776
   826 -1.131024628776
   827 -1.131024628776
   828 -1.131024628776
   829 -1.131024628776
   830 -1.131024628776
   831 -1.131024628776
   832 -1.131024628776
   833 -1.131024628776
   834 -1.131024628776
   835 -1.131024628776
   836 -1.131024628776
   837 -1.131024628776
   838 -1.131024628776
   839 -1.131024628776
   840 -1.131024628776
   841 -1.131024628776
   842 -1.131024628776
   843 -1.131024628776
   844 -1.131024628776
   845 -1.131024628776
   846 -1.131024628776
   847 -1.131024628776
   848 -1.131024628776
   849 -1.131024628776
   850 -1.131024628776
   851 -1.131024628776
   852 -1.131024628776
   853 -1.131024628776
   854 -1.131024628776
   855 -1.131024628776
   856 -1.131024628776
   857 -1.131024628776
   858 -1.131024628776
   859 -1.131024628776
   860 -1.131024628776
   861 -1.131024628776
   862 -1.131024628776
   863 -1.131024628776
   864 -1.131024628776
   865 -1.131024628776
   866 -1.131024628776
   867 -1.131024628776
   868 -1.131024628776
   869 -1.131024628776
   870 -1.131024628776
   871 -1.131024628776
   872 -1.131024628776
   873 -1.131024628776
   874 -1.131024628776
   875 -1.131024628776
   876 -1.131024628776
   877 -1.131024628776
   878 -1.131024628776
   879 -1.131024628776
   880 -1.131024628776
   881 -1.131024628776
   882 -1.131024628776
   883 -1.131024628776
   884 -1.131024628776
   885 -1.131024628776
   886 -1.131024628776
   887 -1.131024628776
   888 -1.131024628776
   889 -1.131024628776
   890 -1.131024628776
   891 -1.131024628776
   892 -1.131024628776
   893 -1.131024628776
   894 -1.131024628776
   895 -1.131024628776
   896 -1.131024628776
   897 -1.131024628776
   898 -1.131024628776
   899 -1.131024628776
   900 -1.131024628776
   901 -1.131024628776
   902 -1.131024628776
   903 -1.131024628776
   904 -1.131024628776
   905 -1.131024628776
   906 -1.131024628776
   907 -1.131024628776
   908 -1.131024628776
   909 -1.131024628776
   910 -1.131024628776
   911 -1.131024628776
   912 -1.131024628776
   913 -1.131024628776
   914 -1.131024628776
   915 -1.131024628776
   916 -1.131024628776
   917 -1.131024628776
   918 -1.131024628776
   919 -1.131024628776
   920 -1.131024628776
   921 -1.131024628776
   922 -1.131024628776
   923 -1.131024628776
   924 -1.131024628776
   925 -1.131024628776
   926 -1.131024628776
   927 -1.131024628776
   928 -1.131024628776
   929 -1.131024628776
   930 -1.131024628776
   931 -1.131024628776
   932 -1.131024628776
   933 -1.131024628776
   934 -1.131024628776
   935 -1.131024628776
   936 -1.131024628776
   937 -1.131024628776
   938 -1.131024628776
   939 -1.131024628776
   940 -1.131024628776
   941 -1.131024628776
   942 -1.131024628776
   943 -1.131024628776
   944 -1.131024628776
   945 -1.131024628776
   946 -1.131024628776
   947 -1.131024628776
   948 -1.131024628776
   949 -1.131024628776
   950 -1.131024628776
   951 -1.131024628776
   952 -1.131024628776
   953 -1.131024628776
   954 -1.131024628776
   955 -1.131024628776
   956 -1.131024628776
   957 -1.131024628776
   958 -1.131024628776
   959 -1.131024628776
   960 -1.131024628776
   961 -1.131024628776
   962 -1.131024628776
   963 -1.131024628776
   964 -1.131024628776
   965 -1.131024628776
   966 -1.131024628776
   967 -1.131024628776
   968 -1.131024628776
   969 -1.131024628776
   970 -1.131024628776
   971 -1.131024628776
   972 -1.131024628776
   973 -1.131024628776
   974 -1.131024628776
   975 -1.131024628776
   976 -1.131024628776
   977 -1.131024628776
   978 -1.131024628776
   979 -1.131024628776
   980 -1.131024628776
   981 -1.131024628776
   982 -1.131024628776
   983 -1.131024628776
   984 -1.131024628776
   985 -1.131024628776
   986 -1.131024628776
   987 -1.131024628776
   988 -1.131024628776
   989 -1.131024628776
   990 -1.131024628776
   991 -1.131024628776
   992 -1.131024628776
   993 -1.131024628776
   994 -1.131024628776
   995 -1.131024628776
   996 -1.131024628776
   997 -1.131024628776
   998 -1.131024628776
   999 -1.131024628776
  1000 -1.131024628776
  1001 -1.131024628776
  1002 -1.131024628776
  1003 -1.131024628776
  1004 -1.131024628776
  1005 -1.131024628776
  1006 -1.131024628776
  1007 -1.131024628776
  1008 -1.131024628776
  1009 -1.131024628776
  1010 -1.131024628776
  1011 -1.131024628776
  1012 -1.131024628776
  1013 -1.131024628776
  1014 -1.131024628776
  1015 -1.131024628776
  1016 -1.131024628776
  1017 -1.131024628776
  1018 -1.131024628776
  1019 -1.131024628776
  1020 -1.131024628776
  1021 -1.131024628776
  1022 -1.131024628776
  1023 -1.131024628776
  1024 -1.131024628776
  1025 -1.131024628776
  1026 -1.131024628776
  1027 -1.131024628776
  1028 -1.131024628776
  1029 -1.131024628776
  1030 -1.131024628776
  1031 -1.131024628776
  1032 -1.131024628776
  1033 -1.131024628776
  1034 -1.131024628776
  1035 -1.131024628776
  1036 -1.131024628776
  1037 -1.131024628776
  1038 -1.131024628776
  1039 -1.131024628776
  1040 -1.131024628776
  1041 -1.131024628776
  1042 -1.131024628776
  1043 -1.131024628776
  1044 -1.131024628776
  1045 -1.131024628776
  1046 -1.131024628776
  1047 -1.131024628776
  1048 -1.131024628776
  1049 -1.131024628776
  1050 -1.131024628776
  1051 -1.131024628776
  1052 -1.131024628776
  1053 -1.131024628776
  1054 -1.131024628776
  1055 -1.131024628776
  1056 -1.131024628776
  1057 -1.131024628776
  1058 -1.131024628776
  1059 -1.131024628776
  1060 -1.131024628776
  1061 -1.131024628776
  1062 -1.131024628776
  1063 -1.131024628776
  1064 -1.131024628776
  1065 -1.131024628776
  1066 -1.131024628776
  1067 -1.131024628776
  1068 -1.131024628776
  1069 -1.131024628776
  1070 -1.131024628776
  1071 -1.131024628776
  1072 -1.131024628776
  1073 -1.131024628776
  1074 -1.131024628776
  1075 -1.131024628776
  1076 -1.131024628776
  1077 -1.131024628776
  1078 -1.131024628776
  1079 -1.131024628776
  1080 -1.131024628776
  1081 -1.131024628776
  1082 -1.131024628776
  1083 -1.131024628776
  1084 -1.131024628776
  1085 -1.131024628776
  1086 -1.131024628776
  1087 -1.131024628776
  1088 -1.131024628776
  1089 -1.131024628776
  1090 -1.131024628776
  1091 -1.131024628776
  1092 -1.131024628776
  1093 -1.131024628776
  1094 -1.131024628776
  1095 -1.131024628776
  1096 -1.131024628776
  1097 -1.131024628776
  1098 -1.131024628776
  1099 -1.131024628776
  1100 -1.131024628776
  1101 -1.131024628776
  1102 -1.131024628776
  1103 -1.131024628776
  1104 -1.131024628776
  1105 -1.131024628776
  1106 -1.131024628776
  1107 -1.131024628776
  1108 -1.131024628776
  1109 -1.131024628776
  1110 -1.131024628776
  1111 -1.131024628776
  1112 -1.131024628776
  1113 -1.131024628776
  1114 -1.131024628776
  1115 -1.131024628776
  1116 -1.131024628776
  1117 -1.131024628776
  1118 -1.131024628776
  1119 -1.131024628776
  1120 -1.131024628776
  1121 -1.131024628776
  1122 -1.131024628776
  1123 -1.131024628776
  1124 -1.131024628776
  1125 -1.131024628776
  1126 -1.131024628776
  1127 -1.131024628776
  1128 -1.131024628776
  1129 -1.131024628776
  1130 -1.131024628776
  1131 -1.131024628776
  1132 -1.131024628776
  1133 -1.131024628776
  1134 -1.131024628776
  1135 -1.131024628776
  1136 -1.131024628776
  1137 -1.131024628776
  1138 -1.131024628776
  1139 -1.131024628776
  1140 -1.131024628776
  1141 -1.131024628776
  1142 -1.131024628776
  1143 -1.131024628776
  1144 -1.131024628776
  1145 -1.131024628776
  1146 -1.131024628776
  1147 -1.131024628776
  1148 -1.131024628776
  1149 -1.131024628776
  1150 -1.131024628776
  1151 -1.131024628776
  1152 -1.131024628776
  1153 -1.131024628776
  1154 -1.131024628776
  1155 -1.131024628776
  1156 -1.131024628776
  1157 -1.131024628776
  1158 -1.131024628776
  1159 -1.131024628776
  1160 -1.131024628776
  1161 -1.131024628776
  1162 -1.131024628776
  1163 -1.131024628776
  1164 -1.131024628776
  1165 -1.131024628776
  1166 -1.131024628776
  1167 -1.131024628776
  1168 -1.131024628776
  1169 -1.131024628776
  1170 -1.131024628776
  1171 -1.131024628776
  1172 -1.131024628776
  1173 -1.131024628776
  1174 -1.131024628776
  1175 -1.131024628776
  1176 -1.131024628776
  1177 -1.131024628776
  1178 -1.131024628776
  1179 -1.131024628776
  1180 -1.131024628776
  1181 -1.131024628776
  1182 -1.131024628776
  1183 -1.131024628776
  1184 -1.131024628776
  1185 -1.131024628776
  1186 -1.131024628776
  1187 -1.131024628776
  1188 -1.131024628776
  1189 -1.131024628776
  1190 -1.131024628776
  1191 -1.131024628776
  1192 -1.131024628776
  1193 -1.131024628776
  1194 -1.131024628776
  1195 -1.131024628776
  1196 -1.131024628776
  1197 -1.131024628776
  1198 -1.131024628776
  1199 -1.131024628776
  1200 -1.131024628776
  1201 -1.131024628776
  1202 -1.131024628776
  1203 -1.131024628776
  1204 -1.131024628776
  1205 -1.131024628776
  1206 -1.131024628776
  1207 -1.131024628776
  1208 -1.131024628776
  1209 -1.131024628776
  1210 -1.131024628776
  1211 -1.131024628776
  1212 -1.131024628776
  1213 -1.131024628776
  1214 -1.131024628776
  1215 -1.131024628776
  1216 -1.131024628776
  1217 -1.131024628776
  1218 -1.131024628776
  1219 -1.131024628776
  1220 -1.131024628776
  1221 -1.131024628776
  1222 -1.131024628776
  1223 -1.131024628776
  1224 -1.131024628776
  1225 -1.131024628776
  1226 -1.131024628776
  1227 -1.131024628776
  1228 -1.131024628776
  1229 -1.131024628776
  1230 -1.131024628776
  1231 -1.131024628776
  1232 -1.131024628776
  1233 -1.131024628776
  1234 -1.131024628776
  1235 -1.131024628776
  1236 -1.131024628776
  1237 -1.131024628776
  1238 -1.131024628776
  1239 -1.131024628776
  1240 -1.131024628776
  1241 -1.131024628776
  1242 -1.131024628776
  1243 -1.131024628776
  1244 -1.131024628776
  1245 -1.131024628776
  1246 -1.131024628776
  1247 -1.131024628776
  1248 -1.131024628776
  1249 -1.131024628776
  1250 -1.131024628776
  1251 -1.131024628776
  1252 -1.131024628776
  1253 -1.131024628776
  1254 -1.131024628776
  1255 -1.131024628776
  1256 -1.131024628776
  1257 -1.131024628776
  1258 -1.131024628776
  1259 -1.131024628776
  1260 -1.131024628776
  1261 -1.131024628776
  1262 -1.131024628776
  1263 -1.131024628776
  1264 -1.131024628776
  1265 -1.131024628776
  1266 -1.131024628776
  1267 -1.131024628776
  1268 -1.131024628776
  1269 -1.131024628776
  1270 -1.131024628776
  1271 -1.131024628776
  1272 -1.131024628776
  1273 -1.131024628776
  1274 -1.131024628776
  1275 -1.131024628776
  1276 -1.131024628776
  1277 -1.131024628776
  1278 -1.131024628776
  1279 -1.131024628776
  1280 -1.131024628776
  1281 -1.131024628776
  1282 -1.131024628776
  1283 -1.131024628776
  1284 -1.131024628776
  1285 -1.131024628776
  1286 -1.131024628776
  1287 -1.131024628776
  1288 -1.131024628776
  1289 -1.131024628776
  1290 -1.131024628776
  1291 -1.131024628776
  1292 -1.131024628776
  1293 -1.131024628776
  1294 -1.131024628776
  1295 -1.131024628776
  1296 -1.131024628776
  1297 -1.131024628776
  1298 -1.131024628776
  1299 -1.131024628776
  1300 -1.131024628776
  1301 -1.131024628776
  1302 -1.131024628776
  1303 -1.131024628776
  1304 -1.131024628776
  1305 -1.131024628776
  1306 -1.131024628776
  1307 -1.131024628776
  1308 -1.131024628776
  1309 -1.131024628776
  1310 -1.131024628776
  1311 -1.131024628776
  1312 -1.131024628776
  1313 -1.131024628776
  1314 -1.131024628776
  1315 -1.131024628776
  1316 -1.131024628776
  1317 -1.131024628776
  1318 -1.131024628776
  1319 -1.131024628776
  1320 -1.131024628776
  1321 -1.131024628776
  1322 -1.131024628776
  1323 -1.131024628776
  1324 -1.131024628776
  1325 -1.131024628776
  1326 -1.131024628776
  1327 -1.131024628776
  1328 -1.131024628776
  1329 -1.131024628776
  1330 -1.131024628776
  1331 -1.131024628776
  1332 -1.131024628776
  1333 -1.131024628776
  1334 -1.131024628776
  1335 -1.131024628776
  1336 -1.131024628776
  1337 -1.131024628776
  1338 -1.131024628776
  1339 -1.131024628776
  1340 -1.131024628776
  1341 -1.131024628776
  1342 -1.131024628776
  1343 -1.131024628776
  1344 -1.131024628776
  1345 -1.131024628776
  1346 -1.131024628776
  1347 -1.131024628776
  1348 -1.131024628776
  1349 -1.131024628776
  1350 -1.131024628776
  1351 -1.131024628776
  1352 -1.131024628776
  1353 -1.131024628776
  1354 -1.131024628776
  1355 -1.131024628776
  1356 -1.131024628776
  1357 -1.131024628776
  1358 -1.131024628776
  1359 -1.131024628776
  1360 -1.131024628776
  1361 -1.131024628776
  1362 -1.131024628776
  1363 -1.131024628776
  1364 -1.131024628776
  1365 -1.131024628776
  1366 -1.131024628776
  1367 -1.131024628776
  1368 -1.131024628776
  1369 -1.131024628776
  1370 -1.131024628776
  1371 -1.131024628776
  1372 -1.131024628776
  1373 -1.131024628776
  1374 -1.131024628776
  1375 -1.131024628776
  1376 -1.131024628776
  1377 -1.131024628776
  1378 -1.131024628776
  1379 -1.131024628776
  1380 -1.131024628776
  1381 -1.131024628776
  1382 -1.131024628776
  1383 -1.131024628776
  1384 -1.131024628776
  1385 -1.131024628776
  1386 -1.131024628776
  1387 -1.131024628776
  1388 -1.131024628776
  1389 -1.131024628776
  1390 -1.131024628776
  1391 -1.131024628776
  1392 -1.131024628776
  1393 -1.131024628776
  1394 -1.131024628776
  1395 -1.131024628776
  1396 -1.131024628776
  1397 -1.131024628776
  1398 -1.131024628776
  1399 -1.131024628776
  1400 -1.131024628776
  1401 -1.131024628776
  1402 -1.131024628776
  1403 -1.131024628776
  1404 -1.131024628776
  1405 -1.131024628776
  1406 -1.131024628776
  1407 -1.131024628776
  1408 -1.131024628776
  1409 -1.131024628776
  1410 -1.131024628776
  1411 -1.131024628776
  1412 -1.131024628776
  1413 -1.131024628776
  1414 -1.131024628776
  1415 -1.131024628776
  1416 -1.131024628776
  1417 -1.131024628776
  1418 -1.131024628776
  1419 -1.131024628776
  1420 -1.131024628776
  1421 -1.131024628776
  1422 -1.131024628776
  1423 -1.131024628776
  1424 -1.131024628776
  1425 -1.131024628776
  1426 -1.131024628776
  1427 -1.131024628776
  1428 -1.131024628776
  1429 -1.131024628776
  1430 -1.131024628776
  1431 -1.131024628776
  1432 -1.131024628776
  1433 -1.131024628776
  1434 -1.131024628776
  1435 -1.131024628776
  1436 -1.131024628776
  1437 -1.131024628776
  1438 -1.131024628776
  1439 -1.131024628776
  1440 -1.131024628776
  1441 -1.131024628776
  1442 -1.131024628776
  1443 -1.131024628776
  1444 -1.131024628776
  1445 -1.131024628776
  1446 -1.131024628776
  1447 -1.131024628776
  1448 -1.131024628776
  1449 -1.131024628776
  1450 -1.131024628776
  1451 -1.131024628776
  1452 -1.131024628776
  1453 -1.131024628776
  1454 -1.131024628776
  1455 -1.131024628776
  1456 -1.131024628776
  1457 -1.131024628776
  1458 -1.131024628776
  1459 -1.131024628776
  1460 -1.131024628776
  1461 -1.131024628776
  1462 -1.131024628776
  1463 -1.131024628776
  1464 -1.131024628776
  1465 -1.131024628776
  1466 -1.131024628776
  1467 -1.131024628776
  1468 -1.131024628776
  1469 -1.131024628776
  1470 -1.131024628776
  1471 -1.131024628776
  1472 -1.131024628776
  1473 -1.131024628776
  1474 -1.131024628776
  1475 -1.131024628776
  1476 -1.131024628776
  1477 -1.131024628776
  1478 -1.131024628776
  1479 -1.131024628776
  1480 -1.131024628776
  1481 -1.131024628776
  1482 -1.131024628776
  1483 -1.131024628776
  1484 -1.131024628776
  1485 -1.131024628776
  1486 -1.131024628776
  1487 -1.131024628776
  1488 -1.131024628776
  1489 -1.131024628776
  1490 -1.131024628776
  1491 -1.131024628776
  1492 -1.131024628776
  1493 -1.131024628776
  1494 -1.131024628776
  1495 -1.131024628776
  1496 -1.131024628776
  1497 -1.131024628776
  1498 -1.131024628776
  1499 -1.131024628776
  1500 -1.131024628776
  1501 -1.131024628776
  1502 -1.131024628776
  1503 -1.131024628776
  1504 -1.131024628776
  1505 -1.131024628776
  1506 -1.131024628776
  1507 -1.131024628776
  1508 -1.131024628776
  1509 -1.131024628776
  1510 -1.131024628776
  1511 -1.131024628776
  1512 -1.131024628776
  1513 -1.131024628776
  1514 -1.131024628776
  1515 -1.131024628776
  1516 -1.131024628776
  1517 -1.131024628776
  1518 -1.131024628776
  1519 -1.131024628776
  1520 -1.131024628776
  1521 -1.131024628776
  1522 -1.131024628776
  1523 -1.131024628776
  1524 -1.131024628776
  1525 -1.131024628776
  1526 -1.131024628776
  1527 -1.131024628776
  1528 -1.131024628776
  1529 -1.131024628776
  1530 -1.131024628776
  1531 -1.131024628776
  1532 -1.131024628776
  1533 -1.131024628776
  1534 -1.131024628776
  1535 -1.131024628776
  1536 -1.131024628776
  1537 -1.131024628776
  1538 -1.131024628776
  1539 -1.131024628776
  1540 -1.131024628776
  1541 -1.131024628776
  1542 -1.131024628776
  1543 -1.131024628776
  1544 -1.131024628776
  1545 -1.131024628776
  1546 -1.131024628776
  1547 -1.131024628776
  1548 -1.131024628776
  1549 -1.131024628776
  1550 -1.131024628776
  1551 -1.131024628776
  1552 -1.131024628776
  1553 -1.131024628776
  1554 -1.131024628776
  1555 -1.131024628776
  1556 -1.131024628776
  1557 -1.131024628776
  1558 -1.131024628776
  1559 -1.131024628776
  1560 -1.131024628776
  1561 -1.131024628776
  1562 -1.131024628776
  1563 -1.131024628776
  1564 -1.131024628776
  1565 -1.131024628776
  1566 -1.131024628776
  1567 -1.131024628776
  1568 -1.131024628776
  1569 -1.131024628776
  1570 -1.131024628776
  1571 -1.131024628776
  1572 -1.131024628776
  1573 -1.131024628776
  1574 -1.131024628776
  1575 -1.131024628776
  1576 -1.131024628776
  1577 -1.131024628776
  1578 -1.131024628776
  1579 -1.131024628776
  1580 -1.131024628776
  1581 -1.131024628776
  1582 -1.131024628776
  1583 -1.131024628776
  1584 -1.131024628776
  1585 -1.131024628776
  1586 -1.131024628776
  1587 -1.131024628776
  1588 -1.131024628776
  1589 -1.131024628776
  1590 -1.131024628776
  1591 -1.131024628776
  1592 -1.131024628776
  1593 -1.131024628776
  1594 -1.131024628776
  1595 -1.131024628776
  1596 -1.131024628776
  1597 -1.131024628776
  1598 -1.131024628776
  1599 -1.131024628776
  1600 -1.131024628776
  1601 -1.131024628776
  1602 -1.131024628776
  1603 -1.131024628776
  1604 -1.131024628776
  1605 -1.131024628776
  1606 -1.131024628776
  1607 -1.131024628776
  1608 -1.131024628776
  1609 -1.131024628776
  1610 -1.131024628776
  1611 -1.131024628776
  1612 -1.131024628776
  1613 -1.131024628776
  1614 -1.131024628776
  1615 -1.131024628776
  1616 -1.131024628776
  1617 -1.131024628776
  1618 -1.131024628776
  1619 -1.131024628776
  1620 -1.131024628776
  1621 -1.131024628776
  1622 -1.131024628776
  1623 -1.131024628776
  1624 -1.131024628776
  1625 -1.131024628776
  1626 -1.131024628776
  1627 -1.131024628776
  1628 -1.131024628776
  1629 -1.131024628776
  1630 -1.131024628776
  1631 -1.131024628776
  1632 -1.131024628776
  1633 -1.131024628776
  1634 -1.131024628776
  1635 -1.131024628776
  1636 -1.131024628776
  1637 -1.131024628776
  1638 -1.131024628776
  1639 -1.131024628776
  1640 -1.131024628776
  1641 -1.131024628776
  1642 -1.131024628776
  1643 -1.131024628776
  1644 -1.131024628776
  1645 -1.131024628776
  1646 -1.131024628776
  1647 -1.131024628776
  1648 -1.131024628776
  1649 -1.131024628776
  1650 -1.131024628776
  1651 -1.131024628776
  1652 -1.131024628776
  1653 -1.131024628776
  1654 -1.131024628776
  1655 -1.131024628776
  1656 -1.131024628776
  1657 -1.131024628776
  1658 -1.131024628776
  1659 -1.131024628776
  1660 -1.131024628776
  1661 -1.131024628776
  1662 -1.131024628776
  1663 -1.131024628776
  1664 -1.131024628776
  1665 -1.131024628776
  1666 -1.131024628776
  1667 -1.131024628776
  1668 -1.131024628776
  1669 -1.131024628776
  1670 -1.131024628776
  1671 -1.131024628776
  1672 -1.131024628776
  1673 -1.131024628776
  1674 -1.131024628776
  1675 -1.131024628776
  1676 -1.131024628776
  1677 -1.131024628776
  1678 -1.131024628776
  1679 -1.131024628776
  1680 -1.131024628776
  1681 -1.131024628776
  1682 -1.131024628776
  1683 -1.131024628776
  1684 -1.131024628776
  1685 -1.131024628776
  1686 -1.131024628776
  1687 -1.131024628776
  1688 -1.131024628776
  1689 -1.131024628776
  1690 -1.131024628776
  1691 -1.131024628776
  1692 -1.131024628776
  1693 -1.131024628776
  1694 -1.131024628776
  1695 -1.131024628776
  1696 -1.131024628776
  1697 -1.131024628776
  1698 -1.131024628776
  1699 -1.131024628776
  1700 -1.131024628776
  1701 -1.131024628776
  1702 -1.131024628776
  1703 -1.131024628776
  1704 -1.131024628776
  1705 -1.131024628776
  1706 -1.131024628776
  1707 -1.131024628776
  1708 -1.131024628776
  1709 -1.131024628776
  1710 -1.131024628776
  1711 -1.131024628776
  1712 -1.131024628776
  1713 -1.131024628776
  1714 -1.131024628776
  1715 -1.131024628776
  1716 -1.131024628776
  1717 -1.131024628776
  1718 -1.131024628776
  1719 -1.131024628776
  1720 -1.131024628776
  1721 -1.131024628776
  1722 -1.131024628776
  1723 -1.131024628776
  1724 -1.131024628776
  1725 -1.131024628776
  1726 -1.131024628776
  1727 -1.131024628776
  1728 -1.131024628776
  1729 -1.131024628776
  1730 -1.131024628776
  1731 -1.131024628776
  1732 -1.131024628776
  1733 -1.131024628776
  1734 -1.131024628776
  1735 -1.131024628776
  1736 -1.131024628776
  1737 -1.131024628776
  1738 -1.131024628776
  1739 -1.131024628776
  1740 -1.131024628776
  1741 -1.131024628776
  1742 -1.131024628776
  1743 -1.131024628776
  1744 -1.131024628776
  1745 -1.131024628776
  1746 -1.131024628776
  1747 -1.131024628776
  1748 -1.131024628776
  1749 -1.131024628776
  1750 -1.131024628776
  1751 -1.131024628776
  1752 -1.131024628776
  1753 -1.131024628776
  1754 -1.131024628776
  1755 -1.131024628776
  1756 -1.131024628776
  1757 -1.131024628776
  1758 -1.131024628776
  1759 -1.131024628776
  1760 -1.131024628776
  1761 -1.131024628776
  1762 -1.131024628776
  1763 -1.131024628776
  1764 -1.131024628776
  1765 -1.131024628776
  1766 -1.131024628776
  1767 -1.131024628776
  1768 -1.131024628776
  1769 -1.131024628776
  1770 -1.131024628776
  1771 -1.131024628776
  1772 -1.131024628776
  1773 -1.131024628776
  1774 -1.131024628776
  1775 -1.131024628776
  1776 -1.131024628776
  1777 -1.131024628776
  1778 -1.131024628776
  1779 -1.131024628776
  1780 -1.131024628776
  1781 -1.131024628776
  1782 -1.131024628776
  1783 -1.131024628776
  1784 -1.131024628776
  1785 -1.131024628776
  1786 -1.131024628776
  1787 -1.131024628776
  1788 -1.131024628776
  1789 -1.131024628776
  1790 -1.131024628776
  1791 -1.131024628776
  1792 -1.131024628776
  1793 -1.131024628776
  1794 -1.131024628776
  1795 -1.131024628776
  1796 -1.131024628776
  1797 -1.131024628776
  1798 -1.131024628776
  1799 -1.131024628776
  1800 -1.131024628776
  1801 -1.131024628776
  1802 -1.131024628776
  1803 -1.131024628776
  1804 -1.131024628776
  1805 -1.131024628776
  1806 -1.131024628776
  1807 -1.131024628776
  1808 -1.131024628776
  1809 -1.131024628776
  1810 -1.131024628776
  1811 -1.131024628776
  1812 -1.131024628776
  1813 -1.131024628776
  1814 -1.131024628776
  1815 -1.131024628776
  1816 -1.131024628776
  1817 -1.131024628776
  1818 -1.131024628776
  1819 -1.131024628776
  1820 -1.131024628776
  1821 -1.131024628776
  1822 -1.131024628776
  1823 -1.131024628776
  1824 -1.131024628776
  1825 -1.131024628776
  1826 -1.131024628776
  1827 -1.131024628776
  1828 -1.131024628776
  1829 -1.131024628776
  1830 -1.131024628776
  1831 -1.131024628776
  1832 -1.131024628776
  1833 -1.131024628776
  1834 -1.131024628776
  1835 -1.131024628776
  1836 -1.131024628776
  1837 -1.131024628776
  1838 -1.131024628776
  1839 -1.131024628776
  1840 -1.131024628776
  1841 -1.131024628776
  1842 -1.131024628776
  1843 -1.131024628776
  1844 -1.131024628776
  1845 -1.131024628776
  1846 -1.131024628776
  1847 -1.131024628776
  1848 -1.131024628776
  1849 -1.131024628776
  1850 -1.131024628776
  1851 -1.131024628776
  1852 -1.131024628776
  1853 -1.131024628776
  1854 -1.131024628776
  1855 -1.131024628776
  1856 -1.131024628776
  1857 -1.131024628776
  1858 -1.131024628776
  1859 -1.131024628776
  1860 -1.131024628776
  1861 -1.131024628776
  1862 -1.131024628776
  1863 -1.131024628776
  1864 -1.131024628776
  1865 -1.131024628776
  1866 -1.131024628776
  1867 -1.131024628776
  1868 -1.131024628776
  1869 -1.131024628776
  1870 -1.131024628776
  1871 -1.131024628776
  1872 -1.131024628776
  1873 -1.131024628776
  1874 -1.131024628776
  1875 -1.131024628776
  1876 -1.131024628776
  1877 -1.131024628776
  1878 -1.131024628776
  1879 -1.131024628776
  1880 -1.131024628776
  1881 -1.131024628776
  1882 -1.131024628776
  1883 -1.131024628776
  1884 -1.131024628776
  1885 -1.131024628776
  1886 -1.131024628776
  1887 -1.131024628776
  1888 -1.131024628776
  1889 -1.131024628776
  1890 -1.131024628776
  1891 -1.131024628776
  1892 -1.131024628776
  1893 -1.131024628776
  1894 -1.131024628776
  1895 -1.131024628776
  1896 -1.131024628776
  1897 -1.131024628776
  1898 -1.131024628776
  1899 -1.131024628776
  1900 -1.131024628776
  1901 -1.131024628776
  1902 -1.131024628776
  1903 -1.131024628776
  1904 -1.131024628776
  1905 -1.131024628776
  1906 -1.131024628776
  1907 -1.131024628776
  1908 -1.131024628776
  1909 -1.131024628776
  1910 -1.131024628776
  1911 -1.131024628776
  1912 -1.131024628776
  1913 -1.131024628776
  1914 -1.131024628776
  1915 -1.131024628776
  1916 -1.131024628776
  1917 -1.131024628776
  1918 -1.131024628776
  1919 -1.131024628776
  1920 -1.131024628776
  1921 -1.131024628776
  1922 -1.131024628776
  1923 -1.131024628776
  1924 -1.131024628776
  1925 -1.131024628776
  1926 -1.131024628776
  1927 -1.131024628776
  1928 -1.131024628776
  1929 -1.131024628776
  1930 -1.131024628776
  1931 -1.131024628776
  1932 -1.131024628776
  1933 -1.131024628776
  1934 -1.131024628776
  1935 -1.131024628776
  1936 -1.131024628776
  1937 -1.131024628776
  1938 -1.131024628776
  1939 -1.131024628776
  1940 -1.131024628776
  1941 -1.131024628776
  1942 -1.131024628776
  1943 -1.131024628776
  1944 -1.131024628776
  1945 -1.131024628776
  1946 -1.131024628776
  1947 -1.131024628776
  1948 -1.131024628776
  1949 -1.131024628776
  1950 -1.131024628776
  1951 -1.131024628776
  1952 -1.131024628776
  1953 -1.131024628776
  1954 -1.131024628776
  1955 -1.131024628776
  1956 -1.131024628776
  1957 -1.131024628776
  1958 -1.131024628776
  1959 -1.131024628776
  1960 -1.131024628776
  1961 -1.131024628776
  1962 -1.131024628776
  1963 -1.131024628776
  1964 -1.131024628776
  1965 -1.131024628776
  1966 -1.131024628776
  1967 -1.131024628776
  1968 -1.131024628776
  1969 -1.131024628776
  1970 -1.131024628776
  1971 -1.131024628776
  1972 -1.131024628776
  1973 -1.131024628776
  1974 -1.131024628776
  1975 -1.131024628776
  1976 -1.131024628776
  1977 -1.131024628776
  1978 -1.131024628776
  1979 -1.131024628776
  1980 -1.131024628776
  1981 -1.131024628776
  1982 -1.131024628776
  1983 -1.131024628776
  1984 -1.131024628776
  1985 -1.131024628776
  1986 -1.131024628776
  1987 -1.131024628776
  1988 -1.131024628776
  1989 -1.131024628776
  1990 -1.131024628776
  1991 -1.131024628776
  1992 -1.131024628776
  1993 -1.131024628776
  1994 -1.131024628776
  1995 -1.131024628776
  1996 -1.131024628776
  1997 -1.131024628776
  1998 -1.131024628776
  1999 -1.131024628776
  2000 -1.131024628776
