     1 -0.983613076668
     2 -1.051409014006
     3 -1.066540420507
     4 -1.073992083864
     5 -1.077489803737
     6 -1.079109300158
     7 -1.079901472128
     8 -1.080307464980
     9 -1.080523161786
    10 -1.080641013042
    11 -1.080706849256
    12 -1.080744292466
    13 -1.080765902219
    14 -1.080778526705
    15 -1.080785977712
    16 -1.080790413526
    17 -1.080793073840
    18 -1.080794679488
    19 -1.080795653888
    20 -1.080796248016
    21 -1.080796611777
    22 -1.080796835281
    23 -1.080796973050
    24 -1.080797058198
    25 -1.080797110950
    26 -1.080797143703
    27 -1.080797164076
    28 -1.080797176768
    29 -1.080797184687
    30 -1.080797189635
    31 -1.080797192730
    32 -1.080797194667
    33 -1.080797195881
    34 -1.080797196642
    35 -1.080797197120
    36 -1.080797197420
    37 -1.080797197609
    38 -1.080797197727
    39 -1.080797197802
    40 -1.080797197849
    41 -1.080797197879
    42 -1.080797197897
    43 -1.080797197909
    44 -1.080797197916
    45 -1.080797197921
    46 -1.080797197924
    47 -1.080797197926
    48 -1.080797197927
    49 -1.080797197928
    50 -1.080797197928
    51 -1.189956709257
    52 -1.062792884575
    53 -1.070911232168
    54 -1.075747681388
    55 -1.078118411263
    56 -1.079327829782
    57 -1.079971096819
    58 -1.080324510642
    59 -1.080523197021
    60 -1.080636744924
    61 -1.080702435022
    62 -1.080740809232
    63 -1.080763411976
    64 -1.080776823869
    65 -1.080784836746
    66 -1.080789655001
    67 -1.080792570138
    68 -1.080794344163
    69 -1.080795429741
    70 -1.080796097515
    71 -1.080796510294
    72 -1.080796766614
    73 -1.080796926453
    74 -1.080797026512
    75 -1.080797089378
    76 -1.080797129005
    77 -1.080797154060
    78 -1.080797169945
    79 -1.080797180042
    80 -1.080797186474
    81 -1.080797190580
    82 -1.080797193207
    83 -1.080797194891
    84 -1.080797195971
    85 -1.080797196666
    86 -1.080797197113
    87 -1.080797197402
    88 -1.080797197588
    89 -1.080797197708
    90 -1.080797197785
    91 -1.080797197836
    92 -1.080797197868
    93 -1.080797197890
    94 -1.080797197903
    95 -1.080797197912
    96 -1.080797197918
    97 -1.080797197922
    98 -1.080797197924
    99 -1.080797197926
   100 -1.080797197927
   101 -1.156701602730
   102 -1.062176700196
   103 -1.070837413949
   104 -1.075894042872
   105 -1.078298166390
   106 -1.079461016645
   107 -1.080053024935
   108 -1.080369660802
   109 -1.080545882058
   110 -1.080646962780
   111 -1.080706252068
   112 -1.080741608145
   113 -1.080762956751
   114 -1.080775973105
   115 -1.080783971314
   116 -1.080788917825
   117 -1.080791993796
   118 -1.080793915626
   119 -1.080795121336
   120 -1.080795880540
   121 -1.080796360126
   122 -1.080796663959
   123 -1.080796856933
   124 -1.080796979788
   125 -1.080797058158
   126 -1.080797108245
   127 -1.080797140308
   128 -1.080797160866
   129 -1.080797174063
   130 -1.080797182547
   131 -1.080797188005
   132 -1.080797191522
   133 -1.080797193789
   134 -1.080797195252
   135 -1.080797196197
   136 -1.080797196808
   137 -1.080797197203
   138 -1.080797197458
   139 -1.080797197624
   140 -1.080797197731
   141 -1.080797197800
   142 -1.080797197846
   143 -1.080797197875
   144 -1.080797197894
   145 -1.080797197906
   146 -1.080797197914
   147 -1.080797197919
   148 -1.080797197923
   149 -1.080797197925
   150 -1.080797197926
   151 -1.187222938518
   152 -1.065542861154
   153 -1.071184585619
   154 -1.075360905578
   155 -1.077647271740
   156 -1.078931775197
   157 -1.079678620872
   158 -1.080122427891
   159 -1.080389064319
   160 -1.080550015068
   161 -1.080647348501
   162 -1.080706258675
   163 -1.080741939084
   164 -1.080763569618
   165 -1.080776698702
   166 -1.080784679478
   167 -1.080789538862
   168 -1.080792503094
   169 -1.080794314712
   170 -1.080795424017
   171 -1.080796104579
   172 -1.080796522900
   173 -1.080796780489
   174 -1.080796939384
   175 -1.080797037563
   176 -1.080797098323
   177 -1.080797135982
   178 -1.080797159355
   179 -1.080797173883
   180 -1.080797182922
   181 -1.080797188554
   182 -1.080797192067
   183 -1.080797194260
   184 -1.080797195631
   185 -1.080797196488
   186 -1.080797197025
   187 -1.080797197361
   188 -1.080797197572
   189 -1.080797197705
   190 -1.080797197788
   191 -1.080797197840
   192 -1.080797197873
   193 -1.080797197894
   194 -1.080797197907
   195 -1.080797197915
   196 -1.080797197920
   197 -1.080797197923
   198 -1.080797197925
   199 -1.080797197927
   200 -1.080797197927
   201 -1.184481870759
   202 -1.060289406250
   203 -1.068798804293
   204 -1.074325503321
   205 -1.077159762639
   206 -1.078677479825
   207 -1.079531252555
   208 -1.080030659551
   209 -1.080330001197
   210 -1.080511727446
   211 -1.080622646360
   212 -1.080690452843
   213 -1.080731903951
   214 -1.080757235361
   215 -1.080772714523
   216 -1.080782176844
   217 -1.080787966186
   218 -1.080791512845
   219 -1.080793689267
   220 -1.080795027429
   221 -1.080795851968
   222 -1.080796361213
   223 -1.080796676483
   224 -1.080796872146
   225 -1.080796993881
   226 -1.080797069816
   227 -1.080797117295
   228 -1.080797147058
   229 -1.080797165761
   230 -1.080797177542
   231 -1.080797184980
   232 -1.080797189687
   233 -1.080797192672
   234 -1.080797194569
   235 -1.080797195778
   236 -1.080797196549
   237 -1.080797197042
   238 -1.080797197358
   239 -1.080797197561
   240 -1.080797197691
   241 -1.080797197775
   242 -1.080797197829
   243 -1.080797197864
   244 -1.080797197887
   245 -1.080797197902
   246 -1.080797197911
   247 -1.080797197917
   248 -1.080797197921
   249 -1.080797197924
   250 -1.080797197926
   251 -1.180749290461
   252 -1.064229775531
   253 -1.072236996786
   254 -1.076596389803
   255 -1.078621984595
   256 -1.079610682267
   257 -1.080122503519
   258 -1.080401330280
   259 -1.080559534821
   260 -1.080652123432
   261 -1.080707568918
   262 -1.080741333900
   263 -1.080762149519
   264 -1.080775098470
   265 -1.080783208348
   266 -1.080788313869
   267 -1.080791541151
   268 -1.080793587893
   269 -1.080794889529
   270 -1.080795719242
   271 -1.080796249227
   272 -1.080796588382
   273 -1.080796805768
   274 -1.080796945318
   275 -1.080797035025
   276 -1.080797092762
   277 -1.080797129970
   278 -1.080797153971
   279 -1.080797169471
   280 -1.080797179490
   281 -1.080797185972
   282 -1.080797190170
   283 -1.080797192890
   284 -1.080797194655
   285 -1.080797195800
   286 -1.080797196544
   287 -1.080797197027
   288 -1.080797197341
   289 -1.080797197546
   290 -1.080797197679
   291 -1.080797197766
   292 -1.080797197823
   293 -1.080797197859
   294 -1.080797197883
   295 -1.080797197899
   296 -1.080797197909
   297 -1.080797197916
   298 -1.080797197921
   299 -1.080797197923
   300 -1.080797197925
   301 -1.166370330130
   302 -1.060779494651
   303 -1.069538149053
   304 -1.074839657743
   305 -1.077538847417
   306 -1.078967117693
   307 -1.079751102213
   308 -1.080192271112
   309 -1.080444513912
   310 -1.080590247395
   311 -1.080675074131
   312 -1.080724746097
   313 -1.080753989113
   314 -1.080771294390
   315 -1.080781587937
   316 -1.080787742422
   317 -1.080791441301
   318 -1.080793675857
   319 -1.080795032693
   320 -1.080795860701
   321 -1.080796368437
   322 -1.080796681253
   323 -1.080796874833
   324 -1.080796995144
   325 -1.080797070213
   326 -1.080797117233
   327 -1.080797146788
   328 -1.080797165428
   329 -1.080797177220
   330 -1.080797184702
   331 -1.080797189462
   332 -1.080797192497
   333 -1.080797194438
   334 -1.080797195681
   335 -1.080797196479
   336 -1.080797196992
   337 -1.080797197323
   338 -1.080797197536
   339 -1.080797197674
   340 -1.080797197764
   341 -1.080797197821
   342 -1.080797197859
   343 -1.080797197883
   344 -1.080797197899
   345 -1.080797197909
   346 -1.080797197916
   347 -1.080797197921
   348 -1.080797197923
   349 -1.080797197925
   350 -1.080797197927
   351 -1.080797197927
   352 -1.080797197928
   353 -1.080797197928
   354 -1.080797197928
   355 -1.080797197929
   356 -1.080797197929
   357 -1.080797197929
   358 -1.080797197929
   359 -1.080797197929
   360 -1.080797197929
   361 -1.080797197929
   362 -1.080797197929
   363 -1.080797197929
   364 -1.080797197929
   365 -1.080797197929
   366 -1.080797197929
   367 -1.080797197929
   368 -1.080797197929
   369 -1.080797197929
   370 -1.080797197929
   371 -1.080797197929
   372 -1.080797197929
   373 -1.080797197929
   374 -1.080797197929
   375 -1.080797197929
   376 -1.080797197929
   377 -1.080797197929
   378 -1.080797197929
   379 -1.080797197929
   380 -1.080797197929
   381 -1.080797197929
   382 -1.080797197929
   383 -1.080797197929
   384 -1.080797197929
   385 -1.080797197929
   386 -1.080797197929
   387 -1.080797197929
   388 -1.080797197929
   389 -1.080797197929
   390 -1.080797197929
   391 -1.080797197929
   392 -1.080797197929
   393 -1.080797197929
   394 -1.080797197929
   395 -1.080797197929
   396 -1.080797197929
   397 -1.080797197929
   398 -1.080797197929
   399 -1.080797197929
   400 -1.080797197929
   401 -1.080797197929
   402 -1.080797197929
   403 -1.080797197929
   404 -1.080797197929
   405 -1.080797197929
   406 -1.080797197929
   407 -1.080797197929
   408 -1.080797197929
   409 -1.080797197929
   410 -1.080797197929
   411 -1.080797197929
   412 -1.080797197929
   413 -1.080797197929
   414 -1.080797197929
   415 -1.080797197929
   416 -1.080797197929
   417 -1.080797197929
   418 -1.080797197929
   419 -1.080797197929
   420 -1.080797197929
   421 -1.080797197929
   422 -1.080797197929
   423 -1.080797197929
   424 -1.080797197929
   425 -1.080797197929
   426 -1.080797197929
   427 -1.080797197929
   428 -1.080797197929
   429 -1.080797197929
   430 -1.080797197929
   431 -1.080797197929
   432 -1.080797197929
   433 -1.080797197929
   434 -1.080797197929
   435 -1.080797197929
   436 -1.080797197929
   437 -1.080797197929
   438 -1.080797197929
   439 -1.080797197929
   440 -1.080797197929
   441 -1.080797197929
   442 -1.080797197929
   443 -1.080797197929
   444 -1.080797197929
   445 -1.080797197929
   446 -1.080797197929
   447 -1.080797197929
   448 -1.080797197929
   449 -1.080797197929
   450 -1.080797197929
   451 -1.080797197929
   452 -1.080797197929
   453 -1.080797197929
   454 -1.080797197929
   455 -1.080797197929
   456 -1.080797197929
   457 -1.080797197929
   458 -1.080797197929
   459 -1.080797197929
   460 -1.080797197929
   461 -1.080797197929
   462 -1.080797197929
   463 -1.080797197929
   464 -1.080797197929
   465 -1.080797197929
   466 -1.080797197929
   467 -1.080797197929
   468 -1.080797197929
   469 -1.080797197929
   470 -1.080797197929
   471 -1.080797197929
   472 -1.080797197929
   473 -1.080797197929
   474 -1.080797197929
   475 -1.080797197929
   476 -1.080797197929
   477 -1.080797197929
   478 -1.080797197929
   479 -1.080797197929
   480 -1.080797197929
   481 -1.080797197929
   482 -1.080797197929
   483 -1.080797197929
   484 -1.080797197929
   485 -1.080797197929
   486 -1.080797197929
   487 -1.080797197929
   488 -1.080797197929
   489 -1.080797197929
   490 -1.080797197929
   491 -1.080797197929
   492 -1.080797197929
   493 -1.080797197929
   494 -1.080797197929
   495 -1.080797197929
   496 -1.080797197929
   497 -1.080797197929
   498 -1.080797197929
   499 -1.080797197929
   500 -1.080797197929
   501 -1.080797197929
   502 -1.080797197929
   503 -1.080797197929
   504 -1.080797197929
   505 -1.080797197929
   506 -1.080797197929
   507 -1.080797197929
   508 -1.080797197929
   509 -1.080797197929
   510 -1.080797197929
   511 -1.080797197929
   512 -1.080797197929
   513 -1.080797197929
   514 -1.080797197929
   515 -1.080797197929
   516 -1.080797197929
   517 -1.080797197929
   518 -1.080797197929
   519 -1.080797197929
   520 -1.080797197929
   521 -1.080797197929
   522 -1.080797197929
   523 -1.080797197929
   524 -1.080797197929
   525 -1.080797197929
   526 -1.080797197929
   527 -1.080797197929
   528 -1.080797197929
   529 -1.080797197929
   530 -1.080797197929
   531 -1.080797197929
   532 -1.080797197929
   533 -1.080797197929
   534 -1.080797197929
   535 -1.080797197929
   536 -1.080797197929
   537 -1.080797197929
   538 -1.080797197929
   539 -1.080797197929
   540 -1.080797197929
   541 -1.080797197929
   542 -1.080797197929
   543 -1.080797197929
   544 -1.080797197929
   545 -1.080797197929
   546 -1.080797197929
   547 -1.080797197929
   548 -1.080797197929
   549 -1.080797197929
   550 -1.080797197929
   551 -1.080797197929
   552 -1.080797197929
   553 -1.080797197929
   554 -1.080797197929
   555 -1.080797197929
   556 -1.080797197929
   557 -1.080797197929
   558 -1.080797197929
   559 -1.080797197929
   560 -1.080797197929
   561 -1.080797197929
   562 -1.080797197929
   563 -1.080797197929
   564 -1.080797197929
   565 -1.080797197929
   566 -1.080797197929
   567 -1.080797197929
   568 -1.080797197929
   569 -1.080797197929
   570 -1.080797197929
   571 -1.080797197929
   572 -1.080797197929
   573 -1.080797197929
   574 -1.080797197929
   575 -1.080797197929
   576 -1.080797197929
   577 -1.080797197929
   578 -1.080797197929
   579 -1.080797197929
   580 -1.080797197929
   581 -1.080797197929
   582 -1.080797197929
   583 -1.080797197929
   584 -1.080797197929
   585 -1.080797197929
   586 -1.080797197929
   587 -1.080797197929
   588 -1.080797197929
   589 -1.080797197929
   590 -1.080797197929
   591 -1.080797197929
   592 -1.080797197929
   593 -1.080797197929
   594 -1.080797197929
   595 -1.080797197929
   596 -1.080797197929
   597 -1.080797197929
   598 -1.080797197929
   599 -1.080797197929
   600 -1.080797197929
   601 -1.080797197929
   602 -1.080797197929
   603 -1.080797197929
   604 -1.080797197929
   605 -1.080797197929
   606 -1.080797197929
   607 -1.080797197929
   608 -1.080797197929
   609 -1.080797197929
   610 -1.080797197929
   611 -1.080797197929
   612 -1.080797197929
   613 -1.080797197929
   614 -1.080797197929
   615 -1.080797197929
   616 -1.080797197929
   617 -1.080797197929
   618 -1.080797197929
   619 -1.080797197929
   620 -1.080797197929
   621 -1.080797197929
   622 -1.080797197929
   623 -1.080797197929
   624 -1.080797197929
   625 -1.080797197929
   626 -1.080797197929
   627 -1.080797197929
   628 -1.080797197929
   629 -1.080797197929
   630 -1.080797197929
   631 -1.080797197929
   632 -1.080797197929
   633 -1.080797197929
   634 -1.080797197929
   635 -1.080797197929
   636 -1.080797197929
   637 -1.080797197929
   638 -1.080797197929
   639 -1.080797197929
   640 -1.080797197929
   641 -1.080797197929
   642 -1.080797197929
   643 -1.080797197929
   644 -1.080797197929
   645 -1.080797197929
   646 -1.080797197929
   647 -1.080797197929
   648 -1.080797197929
   649 -1.080797197929
   650 -1.080797197929
   651 -1.080797197929
   652 -1.080797197929
   653 -1.080797197929
   654 -1.080797197929
   655 -1.080797197929
   656 -1.080797197929
   657 -1.080797197929
   658 -1.080797197929
   659 -1.080797197929
   660 -1.080797197929
   661 -1.080797197929
   662 -1.080797197929
   663 -1.080797197929
   664 -1.080797197929
   665 -1.080797197929
   666 -1.080797197929
   667 -1.080797197929
   668 -1.080797197929
   669 -1.080797197929
   670 -1.080797197929
   671 -1.080797197929
   672 -1.080797197929
   673 -1.080797197929
   674 -1.080797197929
   675 -1.080797197929
   676 -1.080797197929
   677 -1.080797197929
   678 -1.080797197929
   679 -1.080797197929
   680 -1.080797197929
   681 -1.080797197929
   682 -1.080797197929
   683 -1.080797197929
   684 -1.080797197929
   685 -1.080797197929
   686 -1.080797197929
   687 -1.080797197929
   688 -1.080797197929
   689 -1.080797197929
   690 -1.080797197929
   691 -1.080797197929
   692 -1.080797197929
   693 -1.080797197929
   694 -1.080797197929
   695 -1.080797197929
   696 -1.080797197929
   697 -1.080797197929
   698 -1.080797197929
   699 -1.080797197929
   700 -1.080797197929
   701 -1.080797197929
   702 -1.080797197929
   703 -1.080797197929
   704 -1.080797197929
   705 -1.080797197929
   706 -1.080797197929
   707 -1.080797197929
   708 -1.080797197929
   709 -1.080797197929
   710 -1.080797197929
   711 -1.080797197929
   712 -1.080797197929
   713 -1.080797197929
   714 -1.080797197929
   715 -1.080797197929
   716 -1.080797197929
   717 -1.080797197929
   718 -1.080797197929
   719 -1.080797197929
   720 -1.080797197929
   721 -1.080797197929
   722 -1.080797197929
   723 -1.080797197929
   724 -1.080797197929
   725 -1.080797197929
   726 -1.080797197929
   727 -1.080797197929
   728 -1.080797197929
   729 -1.080797197929
   730 -1.080797197929
   731 -1.080797197929
   732 -1.080797197929
   733 -1.080797197929
   734 -1.080797197929
   735 -1.080797197929
   736 -1.080797197929
   737 -1.080797197929
   738 -1.080797197929
   739 -1.080797197929
   740 -1.080797197929
   741 -1.080797197929
   742 -1.080797197929
   743 -1.080797197929
   744 -1.080797197929
   745 -1.080797197929
   746 -1.080797197929
   747 -1.080797197929
   748 -1.080797197929
   749 -1.080797197929
   750 -1.080797197929
   751 -1.080797197929
   752 -1.080797197929
   753 -1.080797197929
   754 -1.080797197929
   755 -1.080797197929
   756 -1.080797197929
   757 -1.080797197929
   758 -1.080797197929
   759 -1.080797197929
   760 -1.080797197929
   761 -1.080797197929
   762 -1.080797197929
   763 -1.080797197929
   764 -1.080797197929
   765 -1.080797197929
   766 -1.080797197929
   767 -1.080797197929
   768 -1.080797197929
   769 -1.080797197929
   770 -1.080797197929
   771 -1.080797197929
   772 -1.080797197929
   773 -1.080797197929
   774 -1.080797197929
   775 -1.080797197929
   776 -1.080797197929
   777 -1.080797197929
   778 -1.080797197929
   779 -1.080797197929
   780 -1.080797197929
   781 -1.080797197929
   782 -1.080797197929
   783 -1.080797197929
   784 -1.080797197929
   785 -1.080797197929
   786 -1.080797197929
   787 -1.080797197929
   788 -1.080797197929
   789 -1.080797197929
   790 -1.080797197929
   791 -1.080797197929
   792 -1.080797197929
   793 -1.080797197929
   794 -1.080797197929
   795 -1.080797197929
   796 -1.080797197929
   797 -1.080797197929
   798 -1.080797197929
   799 -1.080797197929
   800 -1.080797197929
   801 -1.080797197929
   802 -1.080797197929
   803 -1.080797197929
   804 -1.080797197929
   805 -1.080797197929
   806 -1.080797197929
   807 -1.080797197929
   808 -1.080797197929
   809 -1.080797197929
   810 -1.080797197929
   811 -1.080797197929
   812 -1.080797197929
   813 -1.080797197929
   814 -1.080797197929
   815 -1.080797197929
   816 -1.080797197929
   817 -1.080797197929
   818 -1.080797197929
   819 -1.080797197929
   820 -1.080797197929
   821 -1.080797197929
   822 -1.080797197929
   823 -1.080797197929
   824 -1.080797197929
   825 -1.080797197929
   826 -1.080797197929
   827 -1.080797197929
   828 -1.080797197929
   829 -1.080797197929
   830 -1.080797197929
   831 -1.080797197929
   832 -1.080797197929
   833 -1.080797197929
   834 -1.080797197929
   835 -1.080797197929
   836 -1.080797197929
   837 -1.080797197929
   838 -1.080797197929
   839 -1.080797197929
   840 -1.080797197929
   841 -1.080797197929
   842 -1.080797197929
   843 -1.080797197929
   844 -1.080797197929
   845 -1.080797197929
   846 -1.080797197929
   847 -1.080797197929
   848 -1.080797197929
   849 -1.080797197929
   850 -1.080797197929
   851 -1.080797197929
   852 -1.080797197929
   853 -1.080797197929
   854 -1.080797197929
   855 -1.080797197929
   856 -1.080797197929
   857 -1.080797197929
   858 -1.080797197929
   859 -1.080797197929
   860 -1.080797197929
   861 -1.080797197929
   862 -1.080797197929
   863 -1.080797197929
   864 -1.080797197929
   865 -1.080797197929
   866 -1.080797197929
   867 -1.080797197929
   868 -1.080797197929
   869 -1.080797197929
   870 -1.080797197929
   871 -1.080797197929
   872 -1.080797197929
   873 -1.080797197929
   874 -1.080797197929
   875 -1.080797197929
   876 -1.080797197929
   877 -1.080797197929
   878 -1.080797197929
   879 -1.080797197929
   880 -1.080797197929
   881 -1.080797197929
   882 -1.080797197929
   883 -1.080797197929
   884 -1.080797197929
   885 -1.080797197929
   886 -1.080797197929
   887 -1.080797197929
   888 -1.080797197929
   889 -1.080797197929
   890 -1.080797197929
   891 -1.080797197929
   892 -1.080797197929
   893 -1.080797197929
   894 -1.080797197929
   895 -1.080797197929
   896 -1.080797197929
   897 -1.080797197929
   898 -1.080797197929
   899 -1.080797197929
   900 -1.080797197929
   901 -1.080797197929
   902 -1.080797197929
   903 -1.080797197929
   904 -1.080797197929
   905 -1.080797197929
   906 -1.080797197929
   907 -1.080797197929
   908 -1.080797197929
   909 -1.080797197929
   910 -1.080797197929
   911 -1.080797197929
   912 -1.080797197929
   913 -1.080797197929
   914 -1.080797197929
   915 -1.080797197929
   916 -1.080797197929
   917 -1.080797197929
   918 -1.080797197929
   919 -1.080797197929
   920 -1.080797197929
   921 -1.080797197929
   922 -1.080797197929
   923 -1.080797197929
   924 -1.080797197929
   925 -1.080797197929
   926 -1.080797197929
   927 -1.080797197929
   928 -1.080797197929
   929 -1.080797197929
   930 -1.080797197929
   931 -1.080797197929
   932 -1.080797197929
   933 -1.080797197929
   934 -1.080797197929
   935 -1.080797197929
   936 -1.080797197929
   937 -1.080797197929
   938 -1.080797197929
   939 -1.080797197929
   940 -1.080797197929
   941 -1.080797197929
   942 -1.080797197929
   943 -1.080797197929
   944 -1.080797197929
   945 -1.080797197929
   946 -1.080797197929
   947 -1.080797197929
   948 -1.080797197929
   949 -1.080797197929
   950 -1.080797197929
   951 -1.080797197929
   952 -1.080797197929
   953 -1.080797197929
   954 -1.080797197929
   955 -1.080797197929
   956 -1.080797197929
   957 -1.080797197929
   958 -1.080797197929
   959 -1.080797197929
   960 -1.080797197929
   961 -1.080797197929
   962 -1.080797197929
   963 -1.080797197929
   964 -1.080797197929
   965 -1.080797197929
   966 -1.080797197929
   967 -1.080797197929
   968 -1.080797197929
   969 -1.080797197929
   970 -1.080797197929
   971 -1.080797197929
   972 -1.080797197929
   973 -1.080797197929
   974 -1.080797197929
   975 -1.080797197929
   976 -1.080797197929
   977 -1.080797197929
   978 -1.080797197929
   979 -1.080797197929
   980 -1.080797197929
   981 -1.080797197929
   982 -1.080797197929
   983 -1.080797197929
   984 -1.080797197929
   985 -1.080797197929
   986 -1.080797197929
   987 -1.080797197929
   988 -1.080797197929
   989 -1.080797197929
   990 -1.080797197929
   991 -1.080797197929
   992 -1.080797197929
   993 -1.080797197929
   994 -1.080797197929
   995 -1.080797197929
   996 -1.080797197929
   997 -1.080797197929
   998 -1.080797197929
   999 -1.080797197929
  1000 -1.080797197929
  1001 -1.080797197929
  1002 -1.080797197929
  1003 -1.080797197929
  1004 -1.080797197929
  1005 -1.080797197929
  1006 -1.080797197929
  1007 -1.080797197929
  1008 -1.080797197929
  1009 -1.080797197929
  1010 -1.080797197929
  1011 -1.080797197929
  1012 -1.080797197929
  1013 -1.080797197929
  1014 -1.080797197929
  1015 -1.080797197929
  1016 -1.080797197929
  1017 -1.080797197929
  1018 -1.080797197929
  1019 -1.080797197929
  1020 -1.080797197929
  1021 -1.080797197929
  1022 -1.080797197929
  1023 -1.080797197929
  1024 -1.080797197929
  1025 -1.080797197929
  1026 -1.080797197929
  1027 -1.080797197929
  1028 -1.080797197929
  1029 -1.080797197929
  1030 -1.080797197929
  1031 -1.080797197929
  1032 -1.080797197929
  1033 -1.080797197929
  1034 -1.080797197929
  1035 -1.080797197929
  1036 -1.080797197929
  1037 -1.080797197929
  1038 -1.080797197929
  1039 -1.080797197929
  1040 -1.080797197929
  1041 -1.080797197929
  1042 -1.080797197929
  1043 -1.080797197929
  1044 -1.080797197929
  1045 -1.080797197929
  1046 -1.080797197929
  1047 -1.080797197929
  1048 -1.080797197929
  1049 -1.080797197929
  1050 -1.080797197929
  1051 -1.080797197929
  1052 -1.080797197929
  1053 -1.080797197929
  1054 -1.080797197929
  1055 -1.080797197929
  1056 -1.080797197929
  1057 -1.080797197929
  1058 -1.080797197929
  1059 -1.080797197929
  1060 -1.080797197929
  1061 -1.080797197929
  1062 -1.080797197929
  1063 -1.080797197929
  1064 -1.080797197929
  1065 -1.080797197929
  1066 -1.080797197929
  1067 -1.080797197929
  1068 -1.080797197929
  1069 -1.080797197929
  1070 -1.080797197929
  1071 -1.080797197929
  1072 -1.080797197929
  1073 -1.080797197929
  1074 -1.080797197929
  1075 -1.080797197929
  1076 -1.080797197929
  1077 -1.080797197929
  1078 -1.080797197929
  1079 -1.080797197929
  1080 -1.080797197929
  1081 -1.080797197929
  1082 -1.080797197929
  1083 -1.080797197929
  1084 -1.080797197929
  1085 -1.080797197929
  1086 -1.080797197929
  1087 -1.080797197929
  1088 -1.080797197929
  1089 -1.080797197929
  1090 -1.080797197929
  1091 -1.080797197929
  1092 -1.080797197929
  1093 -1.080797197929
  1094 -1.080797197929
  1095 -1.080797197929
  1096 -1.080797197929
  1097 -1.080797197929
  1098 -1.080797197929
  1099 -1.080797197929
  1100 -1.080797197929
  1101 -1.080797197929
  1102 -1.080797197929
  1103 -1.080797197929
  1104 -1.080797197929
  1105 -1.080797197929
  1106 -1.080797197929
  1107 -1.080797197929
  1108 -1.080797197929
  1109 -1.080797197929
  1110 -1.080797197929
  1111 -1.080797197929
  1112 -1.080797197929
  1113 -1.080797197929
  1114 -1.080797197929
  1115 -1.080797197929
  1116 -1.080797197929
  1117 -1.080797197929
  1118 -1.080797197929
  1119 -1.080797197929
  1120 -1.080797197929
  1121 -1.080797197929
  1122 -1.080797197929
  1123 -1.080797197929
  1124 -1.080797197929
  1125 -1.080797197929
  1126 -1.080797197929
  1127 -1.080797197929
  1128 -1.080797197929
  1129 -1.080797197929
  1130 -1.080797197929
  1131 -1.080797197929
  1132 -1.080797197929
  1133 -1.080797197929
  1134 -1.080797197929
  1135 -1.080797197929
  1136 -1.080797197929
  1137 -1.080797197929
  1138 -1.080797197929
  1139 -1.080797197929
  1140 -1.080797197929
  1141 -1.080797197929
  1142 -1.080797197929
  1143 -1.080797197929
  1144 -1.080797197929
  1145 -1.080797197929
  1146 -1.080797197929
  1147 -1.080797197929
  1148 -1.080797197929
  1149 -1.080797197929
  1150 -1.080797197929
  1151 -1.080797197929
  1152 -1.080797197929
  1153 -1.080797197929
  1154 -1.080797197929
  1155 -1.080797197929
  1156 -1.080797197929
  1157 -1.080797197929
  1158 -1.080797197929
  1159 -1.080797197929
  1160 -1.080797197929
  1161 -1.080797197929
  1162 -1.080797197929
  1163 -1.080797197929
  1164 -1.080797197929
  1165 -1.080797197929
  1166 -1.080797197929
  1167 -1.080797197929
  1168 -1.080797197929
  1169 -1.080797197929
  1170 -1.080797197929
  1171 -1.080797197929
  1172 -1.080797197929
  1173 -1.080797197929
  1174 -1.080797197929
  1175 -1.080797197929
  1176 -1.080797197929
  1177 -1.080797197929
  1178 -1.080797197929
  1179 -1.080797197929
  1180 -1.080797197929
  1181 -1.080797197929
  1182 -1.080797197929
  1183 -1.080797197929
  1184 -1.080797197929
  1185 -1.080797197929
  1186 -1.080797197929
  1187 -1.080797197929
  1188 -1.080797197929
  1189 -1.080797197929
  1190 -1.080797197929
  1191 -1.080797197929
  1192 -1.080797197929
  1193 -1.080797197929
  1194 -1.080797197929
  1195 -1.080797197929
  1196 -1.080797197929
  1197 -1.080797197929
  1198 -1.080797197929
  1199 -1.080797197929
  1200 -1.080797197929
  1201 -1.080797197929
  1202 -1.080797197929
  1203 -1.080797197929
  1204 -1.080797197929
  1205 -1.080797197929
  1206 -1.080797197929
  1207 -1.080797197929
  1208 -1.080797197929
  1209 -1.080797197929
  1210 -1.080797197929
  1211 -1.080797197929
  1212 -1.080797197929
  1213 -1.080797197929
  1214 -1.080797197929
  1215 -1.080797197929
  1216 -1.080797197929
  1217 -1.080797197929
  1218 -1.080797197929
  1219 -1.080797197929
  1220 -1.080797197929
  1221 -1.080797197929
  1222 -1.080797197929
  1223 -1.080797197929
  1224 -1.080797197929
  1225 -1.080797197929
  1226 -1.080797197929
  1227 -1.080797197929
  1228 -1.080797197929
  1229 -1.080797197929
  1230 -1.080797197929
  1231 -1.080797197929
  1232 -1.080797197929
  1233 -1.080797197929
  1234 -1.080797197929
  1235 -1.080797197929
  1236 -1.080797197929
  1237 -1.080797197929
  1238 -1.080797197929
  1239 -1.080797197929
  1240 -1.080797197929
  1241 -1.080797197929
  1242 -1.080797197929
  1243 -1.080797197929
  1244 -1.080797197929
  1245 -1.080797197929
  1246 -1.080797197929
  1247 -1.080797197929
  1248 -1.080797197929
  1249 -1.080797197929
  1250 -1.080797197929
  1251 -1.080797197929
  1252 -1.080797197929
  1253 -1.080797197929
  1254 -1.080797197929
  1255 -1.080797197929
  1256 -1.080797197929
  1257 -1.080797197929
  1258 -1.080797197929
  1259 -1.080797197929
  1260 -1.080797197929
  1261 -1.080797197929
  1262 -1.080797197929
  1263 -1.080797197929
  1264 -1.080797197929
  1265 -1.080797197929
  1266 -1.080797197929
  1267 -1.080797197929
  1268 -1.080797197929
  1269 -1.080797197929
  1270 -1.080797197929
  1271 -1.080797197929
  1272 -1.080797197929
  1273 -1.080797197929
  1274 -1.080797197929
  1275 -1.080797197929
  1276 -1.080797197929
  1277 -1.080797197929
  1278 -1.080797197929
  1279 -1.080797197929
  1280 -1.080797197929
  1281 -1.080797197929
  1282 -1.080797197929
  1283 -1.080797197929
  1284 -1.080797197929
  1285 -1.080797197929
  1286 -1.080797197929
  1287 -1.080797197929
  1288 -1.080797197929
  1289 -1.080797197929
  1290 -1.080797197929
  1291 -1.080797197929
  1292 -1.080797197929
  1293 -1.080797197929
  1294 -1.080797197929
  1295 -1.080797197929
  1296 -1.080797197929
  1297 -1.080797197929
  1298 -1.080797197929
  1299 -1.080797197929
  1300 -1.080797197929
  1301 -1.080797197929
  1302 -1.080797197929
  1303 -1.080797197929
  1304 -1.080797197929
  1305 -1.080797197929
  1306 -1.080797197929
  1307 -1.080797197929
  1308 -1.080797197929
  1309 -1.080797197929
  1310 -1.080797197929
  1311 -1.080797197929
  1312 -1.080797197929
  1313 -1.080797197929
  1314 -1.080797197929
  1315 -1.080797197929
  1316 -1.080797197929
  1317 -1.080797197929
  1318 -1.080797197929
  1319 -1.080797197929
  1320 -1.080797197929
  1321 -1.080797197929
  1322 -1.080797197929
  1323 -1.080797197929
  1324 -1.080797197929
  1325 -1.080797197929
  1326 -1.080797197929
  1327 -1.080797197929
  1328 -1.080797197929
  1329 -1.080797197929
  1330 -1.080797197929
  1331 -1.080797197929
  1332 -1.080797197929
  1333 -1.080797197929
  1334 -1.080797197929
  1335 -1.080797197929
  1336 -1.080797197929
  1337 -1.080797197929
  1338 -1.080797197929
  1339 -1.080797197929
  1340 -1.080797197929
  1341 -1.080797197929
  1342 -1.080797197929
  1343 -1.080797197929
  1344 -1.080797197929
  1345 -1.080797197929
  1346 -1.080797197929
  1347 -1.080797197929
  1348 -1.080797197929
  1349 -1.080797197929
  1350 -1.080797197929
  1351 -1.080797197929
  1352 -1.080797197929
  1353 -1.080797197929
  1354 -1.080797197929
  1355 -1.080797197929
  1356 -1.080797197929
  1357 -1.080797197929
  1358 -1.080797197929
  1359 -1.080797197929
  1360 -1.080797197929
  1361 -1.080797197929
  1362 -1.080797197929
  1363 -1.080797197929
  1364 -1.080797197929
  1365 -1.080797197929
  1366 -1.080797197929
  1367 -1.080797197929
  1368 -1.080797197929
  1369 -1.080797197929
  1370 -1.080797197929
  1371 -1.080797197929
  1372 -1.080797197929
  1373 -1.080797197929
  1374 -1.080797197929
  1375 -1.080797197929
  1376 -1.080797197929
  1377 -1.080797197929
  1378 -1.080797197929
  1379 -1.080797197929
  1380 -1.080797197929
  1381 -1.080797197929
  1382 -1.080797197929
  1383 -1.080797197929
  1384 -1.080797197929
  1385 -1.080797197929
  1386 -1.080797197929
  1387 -1.080797197929
  1388 -1.080797197929
  1389 -1.080797197929
  1390 -1.080797197929
  1391 -1.080797197929
  1392 -1.080797197929
  1393 -1.080797197929
  1394 -1.080797197929
  1395 -1.080797197929
  1396 -1.080797197929
  1397 -1.080797197929
  1398 -1.080797197929
  1399 -1.080797197929
  1400 -1.080797197929
  1401 -1.080797197929
  1402 -1.080797197929
  1403 -1.080797197929
  1404 -1.080797197929
  1405 -1.080797197929
  1406 -1.080797197929
  1407 -1.080797197929
  1408 -1.080797197929
  1409 -1.080797197929
  1410 -1.080797197929
  1411 -1.080797197929
  1412 -1.080797197929
  1413 -1.080797197929
  1414 -1.080797197929
  1415 -1.080797197929
  1416 -1.080797197929
  1417 -1.080797197929
  1418 -1.080797197929
  1419 -1.080797197929
  1420 -1.080797197929
  1421 -1.080797197929
  1422 -1.080797197929
  1423 -1.080797197929
  1424 -1.080797197929
  1425 -1.080797197929
  1426 -1.080797197929
  1427 -1.080797197929
  1428 -1.080797197929
  1429 -1.080797197929
  1430 -1.080797197929
  1431 -1.080797197929
  1432 -1.080797197929
  1433 -1.080797197929
  1434 -1.080797197929
  1435 -1.080797197929
  1436 -1.080797197929
  1437 -1.080797197929
  1438 -1.080797197929
  1439 -1.080797197929
  1440 -1.080797197929
  1441 -1.080797197929
  1442 -1.080797197929
  1443 -1.080797197929
  1444 -1.080797197929
  1445 -1.080797197929
  1446 -1.080797197929
  1447 -1.080797197929
  1448 -1.080797197929
  1449 -1.080797197929
  1450 -1.080797197929
  1451 -1.080797197929
  1452 -1.080797197929
  1453 -1.080797197929
  1454 -1.080797197929
  1455 -1.080797197929
  1456 -1.080797197929
  1457 -1.080797197929
  1458 -1.080797197929
  1459 -1.080797197929
  1460 -1.080797197929
  1461 -1.080797197929
  1462 -1.080797197929
  1463 -1.080797197929
  1464 -1.080797197929
  1465 -1.080797197929
  1466 -1.080797197929
  1467 -1.080797197929
  1468 -1.080797197929
  1469 -1.080797197929
  1470 -1.080797197929
  1471 -1.080797197929
  1472 -1.080797197929
  1473 -1.080797197929
  1474 -1.080797197929
  1475 -1.080797197929
  1476 -1.080797197929
  1477 -1.080797197929
  1478 -1.080797197929
  1479 -1.080797197929
  1480 -1.080797197929
  1481 -1.080797197929
  1482 -1.080797197929
  1483 -1.080797197929
  1484 -1.080797197929
  1485 -1.080797197929
  1486 -1.080797197929
  1487 -1.080797197929
  1488 -1.080797197929
  1489 -1.080797197929
  1490 -1.080797197929
  1491 -1.080797197929
  1492 -1.080797197929
  1493 -1.080797197929
  1494 -1.080797197929
  1495 -1.080797197929
  1496 -1.080797197929
  1497 -1.080797197929
  1498 -1.080797197929
  1499 -1.080797197929
  1500 -1.080797197929
  1501 -1.080797197929
  1502 -1.080797197929
  1503 -1.080797197929
  1504 -1.080797197929
  1505 -1.080797197929
  1506 -1.080797197929
  1507 -1.080797197929
  1508 -1.080797197929
  1509 -1.080797197929
  1510 -1.080797197929
  1511 -1.080797197929
  1512 -1.080797197929
  1513 -1.080797197929
  1514 -1.080797197929
  1515 -1.080797197929
  1516 -1.080797197929
  1517 -1.080797197929
  1518 -1.080797197929
  1519 -1.080797197929
  1520 -1.080797197929
  1521 -1.080797197929
  1522 -1.080797197929
  1523 -1.080797197929
  1524 -1.080797197929
  1525 -1.080797197929
  1526 -1.080797197929
  1527 -1.080797197929
  1528 -1.080797197929
  1529 -1.080797197929
  1530 -1.080797197929
  1531 -1.080797197929
  1532 -1.080797197929
  1533 -1.080797197929
  1534 -1.080797197929
  1535 -1.080797197929
  1536 -1.080797197929
  1537 -1.080797197929
  1538 -1.080797197929
  1539 -1.080797197929
  1540 -1.080797197929
  1541 -1.080797197929
  1542 -1.080797197929
  1543 -1.080797197929
  1544 -1.080797197929
  1545 -1.080797197929
  1546 -1.080797197929
  1547 -1.080797197929
  1548 -1.080797197929
  1549 -1.080797197929
  1550 -1.080797197929
  1551 -1.080797197929
  1552 -1.080797197929
  1553 -1.080797197929
  1554 -1.080797197929
  1555 -1.080797197929
  1556 -1.080797197929
  1557 -1.080797197929
  1558 -1.080797197929
  1559 -1.080797197929
  1560 -1.080797197929
  1561 -1.080797197929
  1562 -1.080797197929
  1563 -1.080797197929
  1564 -1.080797197929
  1565 -1.080797197929
  1566 -1.080797197929
  1567 -1.080797197929
  1568 -1.080797197929
  1569 -1.080797197929
  1570 -1.080797197929
  1571 -1.080797197929
  1572 -1.080797197929
  1573 -1.080797197929
  1574 -1.080797197929
  1575 -1.080797197929
  1576 -1.080797197929
  1577 -1.080797197929
  1578 -1.080797197929
  1579 -1.080797197929
  1580 -1.080797197929
  1581 -1.080797197929
  1582 -1.080797197929
  1583 -1.080797197929
  1584 -1.080797197929
  1585 -1.080797197929
  1586 -1.080797197929
  1587 -1.080797197929
  1588 -1.080797197929
  1589 -1.080797197929
  1590 -1.080797197929
  1591 -1.080797197929
  1592 -1.080797197929
  1593 -1.080797197929
  1594 -1.080797197929
  1595 -1.080797197929
  1596 -1.080797197929
  1597 -1.080797197929
  1598 -1.080797197929
  1599 -1.080797197929
  1600 -1.080797197929
  1601 -1.080797197929
  1602 -1.080797197929
  1603 -1.080797197929
  1604 -1.080797197929
  1605 -1.080797197929
  1606 -1.080797197929
  1607 -1.080797197929
  1608 -1.080797197929
  1609 -1.080797197929
  1610 -1.080797197929
  1611 -1.080797197929
  1612 -1.080797197929
  1613 -1.080797197929
  1614 -1.080797197929
  1615 -1.080797197929
  1616 -1.080797197929
  1617 -1.080797197929
  1618 -1.080797197929
  1619 -1.080797197929
  1620 -1.080797197929
  1621 -1.080797197929
  1622 -1.080797197929
  1623 -1.080797197929
  1624 -1.080797197929
  1625 -1.080797197929
  1626 -1.080797197929
  1627 -1.080797197929
  1628 -1.080797197929
  1629 -1.080797197929
  1630 -1.080797197929
  1631 -1.080797197929
  1632 -1.080797197929
  1633 -1.080797197929
  1634 -1.080797197929
  1635 -1.080797197929
  1636 -1.080797197929
  1637 -1.080797197929
  1638 -1.080797197929
  1639 -1.080797197929
  1640 -1.080797197929
  1641 -1.080797197929
  1642 -1.080797197929
  1643 -1.080797197929
  1644 -1.080797197929
  1645 -1.080797197929
  1646 -1.080797197929
  1647 -1.080797197929
  1648 -1.080797197929
  1649 -1.080797197929
  1650 -1.080797197929
  1651 -1.080797197929
  1652 -1.080797197929
  1653 -1.080797197929
  1654 -1.080797197929
  1655 -1.080797197929
  1656 -1.080797197929
  1657 -1.080797197929
  1658 -1.080797197929
  1659 -1.080797197929
  1660 -1.080797197929
  1661 -1.080797197929
  1662 -1.080797197929
  1663 -1.080797197929
  1664 -1.080797197929
  1665 -1.080797197929
  1666 -1.080797197929
  1667 -1.080797197929
  1668 -1.080797197929
  1669 -1.080797197929
  1670 -1.080797197929
  1671 -1.080797197929
  1672 -1.080797197929
  1673 -1.080797197929
  1674 -1.080797197929
  1675 -1.080797197929
  1676 -1.080797197929
  1677 -1.080797197929
  1678 -1.080797197929
  1679 -1.080797197929
  1680 -1.080797197929
  1681 -1.080797197929
  1682 -1.080797197929
  1683 -1.080797197929
  1684 -1.080797197929
  1685 -1.080797197929
  1686 -1.080797197929
  1687 -1.080797197929
  1688 -1.080797197929
  1689 -1.080797197929
  1690 -1.080797197929
  1691 -1.080797197929
  1692 -1.080797197929
  1693 -1.080797197929
  1694 -1.080797197929
  1695 -1.080797197929
  1696 -1.080797197929
  1697 -1.080797197929
  1698 -1.080797197929
  1699 -1.080797197929
  1700 -1.080797197929
  1701 -1.080797197929
  1702 -1.080797197929
  1703 -1.080797197929
  1704 -1.080797197929
  1705 -1.080797197929
  1706 -1.080797197929
  1707 -1.080797197929
  1708 -1.080797197929
  1709 -1.080797197929
  1710 -1.080797197929
  1711 -1.080797197929
  1712 -1.080797197929
  1713 -1.080797197929
  1714 -1.080797197929
  1715 -1.080797197929
  1716 -1.080797197929
  1717 -1.080797197929
  1718 -1.080797197929
  1719 -1.080797197929
  1720 -1.080797197929
  1721 -1.080797197929
  1722 -1.080797197929
  1723 -1.080797197929
  1724 -1.080797197929
  1725 -1.080797197929
  1726 -1.080797197929
  1727 -1.080797197929
  1728 -1.080797197929
  1729 -1.080797197929
  1730 -1.080797197929
  1731 -1.080797197929
  1732 -1.080797197929
  1733 -1.080797197929
  1734 -1.080797197929
  1735 -1.080797197929
  1736 -1.080797197929
  1737 -1.080797197929
  1738 -1.080797197929
  1739 -1.080797197929
  1740 -1.080797197929
  1741 -1.080797197929
  1742 -1.080797197929
  1743 -1.080797197929
  1744 -1.080797197929
  1745 -1.080797197929
  1746 -1.080797197929
  1747 -1.080797197929
  1748 -1.080797197929
  1749 -1.080797197929
  1750 -1.080797197929
  1751 -1.080797197929
  1752 -1.080797197929
  1753 -1.080797197929
  1754 -1.080797197929
  1755 -1.080797197929
  1756 -1.080797197929
  1757 -1.080797197929
  1758 -1.080797197929
  1759 -1.080797197929
  1760 -1.080797197929
  1761 -1.080797197929
  1762 -1.080797197929
  1763 -1.080797197929
  1764 -1.080797197929
  1765 -1.080797197929
  1766 -1.080797197929
  1767 -1.080797197929
  1768 -1.080797197929
  1769 -1.080797197929
  1770 -1.080797197929
  1771 -1.080797197929
  1772 -1.080797197929
  1773 -1.080797197929
  1774 -1.080797197929
  1775 -1.080797197929
  1776 -1.080797197929
  1777 -1.080797197929
  1778 -1.080797197929
  1779 -1.080797197929
  1780 -1.080797197929
  1781 -1.080797197929
  1782 -1.080797197929
  1783 -1.080797197929
  1784 -1.080797197929
  1785 -1.080797197929
  1786 -1.080797197929
  1787 -1.080797197929
  1788 -1.080797197929
  1789 -1.080797197929
  1790 -1.080797197929
  1791 -1.080797197929
  1792 -1.080797197929
  1793 -1.080797197929
  1794 -1.080797197929
  1795 -1.080797197929
  1796 -1.080797197929
  1797 -1.080797197929
  1798 -1.080797197929
  1799 -1.080797197929
  1800 -1.080797197929
  1801 -1.080797197929
  1802 -1.080797197929
  1803 -1.080797197929
  1804 -1.080797197929
  1805 -1.080797197929
  1806 -1.080797197929
  1807 -1.080797197929
  1808 -1.080797197929
  1809 -1.080797197929
  1810 -1.080797197929
  1811 -1.080797197929
  1812 -1.080797197929
  1813 -1.080797197929
  1814 -1.080797197929
  1815 -1.080797197929
  1816 -1.080797197929
  1817 -1.080797197929
  1818 -1.080797197929
  1819 -1.080797197929
  1820 -1.080797197929
  1821 -1.080797197929
  1822 -1.080797197929
  1823 -1.080797197929
  1824 -1.080797197929
  1825 -1.080797197929
  1826 -1.080797197929
  1827 -1.080797197929
  1828 -1.080797197929
  1829 -1.080797197929
  1830 -1.080797197929
  1831 -1.080797197929
  1832 -1.080797197929
  1833 -1.080797197929
  1834 -1.080797197929
  1835 -1.080797197929
  1836 -1.080797197929
  1837 -1.080797197929
  1838 -1.080797197929
  1839 -1.080797197929
  1840 -1.080797197929
  1841 -1.080797197929
  1842 -1.080797197929
  1843 -1.080797197929
  1844 -1.080797197929
  1845 -1.080797197929
  1846 -1.080797197929
  1847 -1.080797197929
  1848 -1.080797197929
  1849 -1.080797197929
  1850 -1.080797197929
  1851 -1.080797197929
  1852 -1.080797197929
  1853 -1.080797197929
  1854 -1.080797197929
  1855 -1.080797197929
  1856 -1.080797197929
  1857 -1.080797197929
  1858 -1.080797197929
  1859 -1.080797197929
  1860 -1.080797197929
  1861 -1.080797197929
  1862 -1.080797197929
  1863 -1.080797197929
  1864 -1.080797197929
  1865 -1.080797197929
  1866 -1.080797197929
  1867 -1.080797197929
  1868 -1.080797197929
  1869 -1.080797197929
  1870 -1.080797197929
  1871 -1.080797197929
  1872 -1.080797197929
  1873 -1.080797197929
  1874 -1.080797197929
  1875 -1.080797197929
  1876 -1.080797197929
  1877 -1.080797197929
  1878 -1.080797197929
  1879 -1.080797197929
  1880 -1.080797197929
  1881 -1.080797197929
  1882 -1.080797197929
  1883 -1.080797197929
  1884 -1.080797197929
  1885 -1.080797197929
  1886 -1.080797197929
  1887 -1.080797197929
  1888 -1.080797197929
  1889 -1.080797197929
  1890 -1.080797197929
  1891 -1.080797197929
  1892 -1.080797197929
  1893 -1.080797197929
  1894 -1.080797197929
  1895 -1.080797197929
  1896 -1.080797197929
  1897 -1.080797197929
  1898 -1.080797197929
  1899 -1.080797197929
  1900 -1.080797197929
  1901 -1.080797197929
  1902 -1.080797197929
  1903 -1.080797197929
  1904 -1.080797197929
  1905 -1.080797197929
  1906 -1.080797197929
  1907 -1.080797197929
  1908 -1.080797197929
  1909 -1.080797197929
  1910 -1.080797197929
  1911 -1.080797197929
  1912 -1.080797197929
  1913 -1.080797197929
  1914 -1.080797197929
  1915 -1.080797197929
  1916 -1.080797197929
  1917 -1.080797197929
  1918 -1.080797197929
  1919 -1.080797197929
  1920 -1.080797197929
  1921 -1.080797197929
  1922 -1.080797197929
  1923 -1.080797197929
  1924 -1.080797197929
  1925 -1.080797197929
  1926 -1.080797197929
  1927 -1.080797197929
  1928 -1.080797197929
  1929 -1.080797197929
  1930 -1.080797197929
  1931 -1.080797197929
  1932 -1.080797197929
  1933 -1.080797197929
  1934 -1.080797197929
  1935 -1.080797197929
  1936 -1.080797197929
  1937 -1.080797197929
  1938 -1.080797197929
  1939 -1.080797197929
  1940 -1.080797197929
  1941 -1.080797197929
  1942 -1.080797197929
  1943 -1.080797197929
  1944 -1.080797197929
  1945 -1.080797197929
  1946 -1.080797197929
  1947 -1.080797197929
  1948 -1.080797197929
  1949 -1.080797197929
  1950 -1.080797197929
  1951 -1.080797197929
  1952 -1.080797197929
  1953 -1.080797197929
  1954 -1.080797197929
  1955 -1.080797197929
  1956 -1.080797197929
  1957 -1.080797197929
  1958 -1.080797197929
  1959 -1.080797197929
  1960 -1.080797197929
  1961 -1.080797197929
  1962 -1.080797197929
  1963 -1.080797197929
  1964 -1.080797197929
  1965 -1.080797197929
  1966 -1.080797197929
  1967 -1.080797197929
  1968 -1.080797197929
  1969 -1.080797197929
  1970 -1.080797197929
  1971 -1.080797197929
  1972 -1.080797197929
  1973 -1.080797197929
  1974 -1.080797197929
  1975 -1.080797197929
  1976 -1.080797197929
  1977 -1.080797197929
  1978 -1.080797197929
  1979 -1.080797197929
  1980 -1.080797197929
  1981 -1.080797197929
  1982 -1.080797197929
  1983 -1.080797197929
  1984 -1.080797197929
  1985 -1.080797197929
  1986 -1.080797197929
  1987 -1.080797197929
  1988 -1.080797197929
  1989 -1.080797197929
  1990 -1.080797197929
  1991 -1.080797197929
  1992 -1.080797197929
  1993 -1.080797197929
  1994 -1.080797197929
  1995 -1.080797197929
  1996 -1.080797197929
  1997 -1.080797197929
  1998 -1.080797197929
  1999 -1.080797197929
  2000 -1.080797197929
