     1 -0.886555785699
     2 -1.025074092525
     3 -1.002064456023
     4 -0.994253954902
     5 -0.993496365024
     6 -0.993766504063
     7 -0.994208260366
     8 -0.994675171041
     9 -0.995193040883
    10 -0.995880026986
    11 -0.996896837690
    12 -0.998343406034
    13 -1.000181345825
    14 -1.002252871822
    15 -1.004283808924
    16 -1.006019269452
    17 -1.007379553249
    18 -1.008411285418
    19 -1.009192288072
    20 -1.009790482886
    21 -1.010256542394
    22 -1.010626451076
    23 -1.010925419495
    24 -1.011171130755
    25 -1.011376100630
    26 -1.011549312715
    27 -1.011697327133
    28 -1.011825024678
    29 -1.011936105597
    30 -1.012033426070
    31 -1.012119227160
    32 -1.012195293380
    33 -1.012263064455
    34 -1.012323715085
    35 -1.012378213629
    36 -1.012427365350
    37 -1.012471845230
    38 -1.012512223237
    39 -1.012548983631
    40 -1.012582540342
    41 -1.012613249092
    42 -1.012641417112
    43 -1.012667310943
    44 -1.012691162939
    45 -1.012713176337
    46 -1.012733529635
    47 -1.012752380154
    48 -1.012769867011
    49 -1.012786113611
    50 -1.012801229752
    51 -1.097725165070
    52 -0.993194363694
    53 -1.000414953875
    54 -1.006756235545
    55 -1.009903526007
    56 -1.011318034050
    57 -1.011962816187
    58 -1.012275855307
    59 -1.012441658400
    60 -1.012538635294
    61 -1.012601307490
    62 -1.012645610652
    63 -1.012679309214
    64 -1.012706413756
    65 -1.012729124851
    66 -1.012748724418
    67 -1.012766002849
    68 -1.012781473432
    69 -1.012795485305
    70 -1.012808285870
    71 -1.012820056910
    72 -1.012830936381
    73 -1.012841032062
    74 -1.012850430369
    75 -1.012859202209
    76 -1.012867406930
    77 -1.012875095187
    78 -1.012882310730
    79 -1.012889091901
    80 -1.012895472641
    81 -1.012901483249
    82 -1.012907150969
    83 -1.012912500435
    84 -1.012917554027
    85 -1.012922332159
    86 -1.012926853508
    87 -1.012931135210
    88 -1.012935193021
    89 -1.012939041461
    90 -1.012942693928
    91 -1.012946162810
    92 -1.012949459571
    93 -1.012952594835
    94 -1.012955578461
    95 -1.012958419604
    96 -1.012961126775
    97 -1.012963707897
    98 -1.012966170344
    99 -1.012968520994
   100 -1.012970766261
   101 -1.125230150256
   102 -0.998602565948
   103 -1.002901958235
   104 -1.008497519011
   105 -1.010889150109
   106 -1.011944563081
   107 -1.012428967515
   108 -1.012661079387
   109 -1.012778470165
   110 -1.012841925383
   111 -1.012878881462
   112 -1.012902100474
   113 -1.012917757791
   114 -1.012928991419
   115 -1.012937486065
   116 -1.012944198591
   117 -1.012949701956
   118 -1.012954355243
   119 -1.012958392003
   120 -1.012961968660
   121 -1.012965192444
   122 -1.012968138290
   123 -1.012970859468
   124 -1.012973394483
   125 -1.012975771641
   126 -1.012978012141
   127 -1.012980132176
   128 -1.012982144385
   129 -1.012984058855
   130 -1.012985883822
   131 -1.012987626161
   132 -1.012989291732
   133 -1.012990885621
   134 -1.012992412318
   135 -1.012993875841
   136 -1.012995279825
   137 -1.012996627593
   138 -1.012997922199
   139 -1.012999166472
   140 -1.013000363043
   141 -1.013001514366
   142 -1.013002622737
   143 -1.013003690309
   144 -1.013004719107
   145 -1.013005711035
   146 -1.013006667887
   147 -1.013007591354
   148 -1.013008483032
   149 -1.013009344429
   150 -1.013010176969
   151 -1.095888443872
   152 -0.989381941567
   153 -0.995843359767
   154 -1.003938467030
   155 -1.008424098961
   156 -1.010706657006
   157 -1.011840218547
   158 -1.012391440974
   159 -1.012657622554
   160 -1.012787544102
   161 -1.012852868469
   162 -1.012887360287
   163 -1.012906826158
   164 -1.012918721885
   165 -1.012926633549
   166 -1.012932338578
   167 -1.012936752357
   168 -1.012940367808
   169 -1.012943463129
   170 -1.012946202727
   171 -1.012948687963
   172 -1.012950983680
   173 -1.012953132698
   174 -1.012955164076
   175 -1.012957098017
   176 -1.012958948892
   177 -1.012960727155
   178 -1.012962440591
   179 -1.012964095142
   180 -1.012965695460
   181 -1.012967245286
   182 -1.012968747708
   183 -1.012970205339
   184 -1.012971620445
   185 -1.012972995027
   186 -1.012974330884
   187 -1.012975629658
   188 -1.012976892866
   189 -1.012978121917
   190 -1.012979318135
   191 -1.012980482766
   192 -1.012981616991
   193 -1.012982721932
   194 -1.012983798656
   195 -1.012984848181
   196 -1.012985871478
   197 -1.012986869478
   198 -1.012987843071
   199 -1.012988793107
   200 -1.012989720405
   201 -1.089113681446
   202 -0.994085015668
   203 -1.002500981980
   204 -1.008166844834
   205 -1.010731445439
   206 -1.011893310608
   207 -1.012429166042
   208 -1.012681834959
   209 -1.012804652309
   210 -1.012866871571
   211 -1.012900168259
   212 -1.012919258184
   213 -1.012931115142
   214 -1.012939127181
   215 -1.012944991596
   216 -1.012949590528
   217 -1.012953402101
   218 -1.012956697373
   219 -1.012959637069
   220 -1.012962320574
   221 -1.012964811666
   222 -1.012967152589
   223 -1.012969372087
   224 -1.012971490188
   225 -1.012973521148
   226 -1.012975475335
   227 -1.012977360457
   228 -1.012979182379
   229 -1.012980945679
   230 -1.012982654023
   231 -1.012984310427
   232 -1.012985917440
   233 -1.012987477264
   234 -1.012988991850
   235 -1.012990462954
   236 -1.012991892181
   237 -1.012993281023
   238 -1.012994630872
   239 -1.012995943043
   240 -1.012997218784
   241 -1.012998459284
   242 -1.012999665680
   243 -1.013000839063
   244 -1.013001980480
   245 -1.013003090939
   246 -1.013004171413
   247 -1.013005222836
   248 -1.013006246114
   249 -1.013007242119
   250 -1.013008211693
   251 -1.121054071621
   252 -0.996789364265
   253 -0.997882418407
   254 -1.004851951581
   255 -1.008947347299
   256 -1.011064189546
   257 -1.012089793330
   258 -1.012570288236
   259 -1.012792021124
   260 -1.012894274740
   261 -1.012941994083
   262 -1.012964824538
   263 -1.012976191458
   264 -1.012982186163
   265 -1.012985599345
   266 -1.012987730784
   267 -1.012989199942
   268 -1.012990310852
   269 -1.012991218104
   270 -1.012992003535
   271 -1.012992712367
   272 -1.012993370699
   273 -1.012993994215
   274 -1.012994592689
   275 -1.012995172399
   276 -1.012995737484
   277 -1.012996290730
   278 -1.012996834043
   279 -1.012997368753
   280 -1.012997895796
   281 -1.012998415847
   282 -1.012998929399
   283 -1.012999436817
   284 -1.012999938382
   285 -1.013000434313
   286 -1.013000924787
   287 -1.013001409949
   288 -1.013001889923
   289 -1.013002364820
   290 -1.013002834736
   291 -1.013003299762
   292 -1.013003759981
   293 -1.013004215471
   294 -1.013004666308
   295 -1.013005112564
   296 -1.013005554307
   297 -1.013005991606
   298 -1.013006424525
   299 -1.013006853130
   300 -1.013007277483
   301 -1.119720156627
   302 -0.990987943678
   303 -1.000386084448
   304 -1.007014323719
   305 -1.010122198608
   306 -1.011571964719
   307 -1.012256560133
   308 -1.012585685837
   309 -1.012747893332
   310 -1.012830643889
   311 -1.012874824843
   312 -1.012899768593
   313 -1.012914773550
   314 -1.012924422838
   315 -1.012931049269
   316 -1.012935887243
   317 -1.012939618652
   318 -1.012942637268
   319 -1.012945179985
   320 -1.012947394732
   321 -1.012949376748
   322 -1.012951188902
   323 -1.012952873532
   324 -1.012954459635
   325 -1.012955967357
   326 -1.012957410889
   327 -1.012958800371
   328 -1.012960143158
   329 -1.012961444677
   330 -1.012962709014
   331 -1.012963939313
   332 -1.012965138051
   333 -1.012966307231
   334 -1.012967448513
   335 -1.012968563309
   336 -1.012969652844
   337 -1.012970718206
   338 -1.012971760376
   339 -1.012972780249
   340 -1.012973778654
   341 -1.012974756363
   342 -1.012975714102
   343 -1.012976652556
   344 -1.012977572371
   345 -1.012978474166
   346 -1.012979358526
   347 -1.012980226013
   348 -1.012981077161
   349 -1.012981912482
   350 -1.012982732468
   351 -1.012983537588
   352 -1.012984328293
   353 -1.012985105015
   354 -1.012985868170
   355 -1.012986618155
   356 -1.012987355353
   357 -1.012988080133
   358 -1.012988792847
   359 -1.012989493836
   360 -1.012990183427
   361 -1.012990861934
   362 -1.012991529660
   363 -1.012992186897
   364 -1.012992833925
   365 -1.012993471015
   366 -1.012994098427
   367 -1.012994716413
   368 -1.012995325215
   369 -1.012995925066
   370 -1.012996516192
   371 -1.012997098810
   372 -1.012997673129
   373 -1.012998239353
   374 -1.012998797677
   375 -1.012999348290
   376 -1.012999891374
   377 -1.013000427107
   378 -1.013000955657
   379 -1.013001477192
   380 -1.013001991869
   381 -1.013002499844
   382 -1.013003001266
   383 -1.013003496279
   384 -1.013003985024
   385 -1.013004467637
   386 -1.013004944248
   387 -1.013005414984
   388 -1.013005879971
   389 -1.013006339326
   390 -1.013006793166
   391 -1.013007241605
   392 -1.013007684750
   393 -1.013008122708
   394 -1.013008555582
   395 -1.013008983471
   396 -1.013009406474
   397 -1.013009824683
   398 -1.013010238192
   399 -1.013010647088
   400 -1.013011051458
   401 -1.013011451387
   402 -1.013011846956
   403 -1.013012238245
   404 -1.013012625331
   405 -1.013013008291
   406 -1.013013387197
   407 -1.013013762120
   408 -1.013014133131
   409 -1.013014500298
   410 -1.013014863686
   411 -1.013015223359
   412 -1.013015579382
   413 -1.013015931814
   414 -1.013016280717
   415 -1.013016626147
   416 -1.013016968161
   417 -1.013017306816
   418 -1.013017642166
   419 -1.013017974263
   420 -1.013018303158
   421 -1.013018628903
   422 -1.013018951546
   423 -1.013019271136
   424 -1.013019587720
   425 -1.013019901343
   426 -1.013020212050
   427 -1.013020519886
   428 -1.013020824894
   429 -1.013021127114
   430 -1.013021426590
   431 -1.013021723359
   432 -1.013022017463
   433 -1.013022308940
   434 -1.013022597826
   435 -1.013022884160
   436 -1.013023167977
   437 -1.013023449313
   438 -1.013023728203
   439 -1.013024004679
   440 -1.013024278777
   441 -1.013024550528
   442 -1.013024819964
   443 -1.013025087117
   444 -1.013025352017
   445 -1.013025614695
   446 -1.013025875180
   447 -1.013026133502
   448 -1.013026389688
   449 -1.013026643767
   450 -1.013026895766
   451 -1.013027145712
   452 -1.013027393631
   453 -1.013027639549
   454 -1.013027883493
   455 -1.013028125485
   456 -1.013028365553
   457 -1.013028603718
   458 -1.013028840006
   459 -1.013029074438
   460 -1.013029307039
   461 -1.013029537831
   462 -1.013029766835
   463 -1.013029994074
   464 -1.013030219568
   465 -1.013030443339
   466 -1.013030665407
   467 -1.013030885793
   468 -1.013031104516
   469 -1.013031321596
   470 -1.013031537053
   471 -1.013031750905
   472 -1.013031963171
   473 -1.013032173869
   474 -1.013032383018
   475 -1.013032590634
   476 -1.013032796736
   477 -1.013033001341
   478 -1.013033204466
   479 -1.013033406128
   480 -1.013033606342
   481 -1.013033805125
   482 -1.013034002493
   483 -1.013034198462
   484 -1.013034393046
   485 -1.013034586262
   486 -1.013034778124
   487 -1.013034968647
   488 -1.013035157846
   489 -1.013035345734
   490 -1.013035532326
   491 -1.013035717636
   492 -1.013035901677
   493 -1.013036084463
   494 -1.013036266007
   495 -1.013036446323
   496 -1.013036625423
   497 -1.013036803319
   498 -1.013036980025
   499 -1.013037155553
   500 -1.013037329915
   501 -1.013037503123
   502 -1.013037675189
   503 -1.013037846124
   504 -1.013038015940
   505 -1.013038184649
   506 -1.013038352262
   507 -1.013038518789
   508 -1.013038684241
   509 -1.013038848630
   510 -1.013039011966
   511 -1.013039174259
   512 -1.013039335519
   513 -1.013039495758
   514 -1.013039654984
   515 -1.013039813209
   516 -1.013039970440
   517 -1.013040126689
   518 -1.013040281965
   519 -1.013040436277
   520 -1.013040589634
   521 -1.013040742045
   522 -1.013040893521
   523 -1.013041044068
   524 -1.013041193697
   525 -1.013041342416
   526 -1.013041490233
   527 -1.013041637157
   528 -1.013041783197
   529 -1.013041928360
   530 -1.013042072654
   531 -1.013042216089
   532 -1.013042358671
   533 -1.013042500408
   534 -1.013042641309
   535 -1.013042781380
   536 -1.013042920630
   537 -1.013043059066
   538 -1.013043196695
   539 -1.013043333524
   540 -1.013043469562
   541 -1.013043604813
   542 -1.013043739287
   543 -1.013043872989
   544 -1.013044005926
   545 -1.013044138106
   546 -1.013044269535
   547 -1.013044400219
   548 -1.013044530165
   549 -1.013044659380
   550 -1.013044787869
   551 -1.013044915639
   552 -1.013045042696
   553 -1.013045169047
   554 -1.013045294697
   555 -1.013045419652
   556 -1.013045543919
   557 -1.013045667503
   558 -1.013045790409
   559 -1.013045912644
   560 -1.013046034214
   561 -1.013046155123
   562 -1.013046275377
   563 -1.013046394982
   564 -1.013046513943
   565 -1.013046632266
   566 -1.013046749955
   567 -1.013046867015
   568 -1.013046983453
   569 -1.013047099273
   570 -1.013047214480
   571 -1.013047329079
   572 -1.013047443074
   573 -1.013047556472
   574 -1.013047669276
   575 -1.013047781491
   576 -1.013047893122
   577 -1.013048004173
   578 -1.013048114650
   579 -1.013048224556
   580 -1.013048333897
   581 -1.013048442676
   582 -1.013048550898
   583 -1.013048658567
   584 -1.013048765687
   585 -1.013048872263
   586 -1.013048978299
   587 -1.013049083800
   588 -1.013049188768
   589 -1.013049293208
   590 -1.013049397125
   591 -1.013049500521
   592 -1.013049603402
   593 -1.013049705770
   594 -1.013049807631
   595 -1.013049908986
   596 -1.013050009841
   597 -1.013050110199
   598 -1.013050210063
   599 -1.013050309438
   600 -1.013050408326
   601 -1.013050506732
   602 -1.013050604658
   603 -1.013050702109
   604 -1.013050799087
   605 -1.013050895597
   606 -1.013050991640
   607 -1.013051087222
   608 -1.013051182345
   609 -1.013051277012
   610 -1.013051371227
   611 -1.013051464992
   612 -1.013051558311
   613 -1.013051651187
   614 -1.013051743623
   615 -1.013051835622
   616 -1.013051927187
   617 -1.013052018322
   618 -1.013052109028
   619 -1.013052199309
   620 -1.013052289168
   621 -1.013052378608
   622 -1.013052467631
   623 -1.013052556240
   624 -1.013052644439
   625 -1.013052732229
   626 -1.013052819614
   627 -1.013052906596
   628 -1.013052993178
   629 -1.013053079363
   630 -1.013053165153
   631 -1.013053250550
   632 -1.013053335557
   633 -1.013053420177
   634 -1.013053504413
   635 -1.013053588266
   636 -1.013053671739
   637 -1.013053754835
   638 -1.013053837556
   639 -1.013053919904
   640 -1.013054001882
   641 -1.013054083492
   642 -1.013054164736
   643 -1.013054245617
   644 -1.013054326136
   645 -1.013054406297
   646 -1.013054486101
   647 -1.013054565550
   648 -1.013054644647
   649 -1.013054723394
   650 -1.013054801792
   651 -1.013054879845
   652 -1.013054957554
   653 -1.013055034920
   654 -1.013055111947
   655 -1.013055188636
   656 -1.013055264989
   657 -1.013055341009
   658 -1.013055416696
   659 -1.013055492053
   660 -1.013055567083
   661 -1.013055641786
   662 -1.013055716165
   663 -1.013055790221
   664 -1.013055863957
   665 -1.013055937374
   666 -1.013056010474
   667 -1.013056083260
   668 -1.013056155731
   669 -1.013056227891
   670 -1.013056299741
   671 -1.013056371283
   672 -1.013056442519
   673 -1.013056513450
   674 -1.013056584078
   675 -1.013056654404
   676 -1.013056724430
   677 -1.013056794158
   678 -1.013056863590
   679 -1.013056932727
   680 -1.013057001570
   681 -1.013057070122
   682 -1.013057138383
   683 -1.013057206355
   684 -1.013057274040
   685 -1.013057341440
   686 -1.013057408555
   687 -1.013057475387
   688 -1.013057541938
   689 -1.013057608210
   690 -1.013057674202
   691 -1.013057739918
   692 -1.013057805358
   693 -1.013057870524
   694 -1.013057935417
   695 -1.013058000039
   696 -1.013058064391
   697 -1.013058128474
   698 -1.013058192289
   699 -1.013058255838
   700 -1.013058319123
   701 -1.013058382144
   702 -1.013058444902
   703 -1.013058507400
   704 -1.013058569638
   705 -1.013058631618
   706 -1.013058693341
   707 -1.013058754807
   708 -1.013058816019
   709 -1.013058876977
   710 -1.013058937683
   711 -1.013058998137
   712 -1.013059058342
   713 -1.013059118298
   714 -1.013059178006
   715 -1.013059237467
   716 -1.013059296683
   717 -1.013059355655
   718 -1.013059414383
   719 -1.013059472869
   720 -1.013059531115
   721 -1.013059589120
   722 -1.013059646887
   723 -1.013059704415
   724 -1.013059761707
   725 -1.013059818764
   726 -1.013059875585
   727 -1.013059932173
   728 -1.013059988528
   729 -1.013060044652
   730 -1.013060100545
   731 -1.013060156209
   732 -1.013060211644
   733 -1.013060266851
   734 -1.013060321831
   735 -1.013060376586
   736 -1.013060431116
   737 -1.013060485422
   738 -1.013060539505
   739 -1.013060593366
   740 -1.013060647006
   741 -1.013060700426
   742 -1.013060753626
   743 -1.013060806609
   744 -1.013060859373
   745 -1.013060911922
   746 -1.013060964254
   747 -1.013061016372
   748 -1.013061068275
   749 -1.013061119966
   750 -1.013061171444
   751 -1.013061222711
   752 -1.013061273767
   753 -1.013061324614
   754 -1.013061375251
   755 -1.013061425680
   756 -1.013061475902
   757 -1.013061525918
   758 -1.013061575728
   759 -1.013061625332
   760 -1.013061674733
   761 -1.013061723930
   762 -1.013061772925
   763 -1.013061821718
   764 -1.013061870309
   765 -1.013061918701
   766 -1.013061966892
   767 -1.013062014885
   768 -1.013062062680
   769 -1.013062110277
   770 -1.013062157678
   771 -1.013062204883
   772 -1.013062251893
   773 -1.013062298708
   774 -1.013062345329
   775 -1.013062391758
   776 -1.013062437994
   777 -1.013062484038
   778 -1.013062529891
   779 -1.013062575554
   780 -1.013062621027
   781 -1.013062666312
   782 -1.013062711408
   783 -1.013062756316
   784 -1.013062801037
   785 -1.013062845573
   786 -1.013062889922
   787 -1.013062934086
   788 -1.013062978066
   789 -1.013063021863
   790 -1.013063065476
   791 -1.013063108906
   792 -1.013063152155
   793 -1.013063195223
   794 -1.013063238110
   795 -1.013063280817
   796 -1.013063323344
   797 -1.013063365693
   798 -1.013063407864
   799 -1.013063449857
   800 -1.013063491673
   801 -1.013063533313
   802 -1.013063574777
   803 -1.013063616066
   804 -1.013063657180
   805 -1.013063698120
   806 -1.013063738886
   807 -1.013063779480
   808 -1.013063819901
   809 -1.013063860151
   810 -1.013063900229
   811 -1.013063940137
   812 -1.013063979875
   813 -1.013064019443
   814 -1.013064058842
   815 -1.013064098073
   816 -1.013064137136
   817 -1.013064176031
   818 -1.013064214760
   819 -1.013064253322
   820 -1.013064291719
   821 -1.013064329951
   822 -1.013064368017
   823 -1.013064405920
   824 -1.013064443659
   825 -1.013064481235
   826 -1.013064518648
   827 -1.013064555900
   828 -1.013064592990
   829 -1.013064629918
   830 -1.013064666686
   831 -1.013064703295
   832 -1.013064739743
   833 -1.013064776033
   834 -1.013064812164
   835 -1.013064848137
   836 -1.013064883953
   837 -1.013064919611
   838 -1.013064955113
   839 -1.013064990459
   840 -1.013065025650
   841 -1.013065060685
   842 -1.013065095566
   843 -1.013065130293
   844 -1.013065164866
   845 -1.013065199286
   846 -1.013065233553
   847 -1.013065267668
   848 -1.013065301631
   849 -1.013065335443
   850 -1.013065369105
   851 -1.013065402616
   852 -1.013065435977
   853 -1.013065469189
   854 -1.013065502251
   855 -1.013065535166
   856 -1.013065567932
   857 -1.013065600551
   858 -1.013065633023
   859 -1.013065665348
   860 -1.013065697527
   861 -1.013065729560
   862 -1.013065761449
   863 -1.013065793192
   864 -1.013065824791
   865 -1.013065856246
   866 -1.013065887557
   867 -1.013065918725
   868 -1.013065949751
   869 -1.013065980635
   870 -1.013066011377
   871 -1.013066041978
   872 -1.013066072438
   873 -1.013066102757
   874 -1.013066132937
   875 -1.013066162977
   876 -1.013066192878
   877 -1.013066222640
   878 -1.013066252265
   879 -1.013066281751
   880 -1.013066311100
   881 -1.013066340312
   882 -1.013066369388
   883 -1.013066398328
   884 -1.013066427131
   885 -1.013066455800
   886 -1.013066484334
   887 -1.013066512734
   888 -1.013066540999
   889 -1.013066569132
   890 -1.013066597131
   891 -1.013066624997
   892 -1.013066652731
   893 -1.013066680333
   894 -1.013066707804
   895 -1.013066735144
   896 -1.013066762353
   897 -1.013066789432
   898 -1.013066816382
   899 -1.013066843202
   900 -1.013066869893
   901 -1.013066896455
   902 -1.013066922890
   903 -1.013066949196
   904 -1.013066975376
   905 -1.013067001428
   906 -1.013067027354
   907 -1.013067053155
   908 -1.013067078829
   909 -1.013067104378
   910 -1.013067129802
   911 -1.013067155102
   912 -1.013067180278
   913 -1.013067205330
   914 -1.013067230259
   915 -1.013067255066
   916 -1.013067279749
   917 -1.013067304311
   918 -1.013067328751
   919 -1.013067353070
   920 -1.013067377269
   921 -1.013067401346
   922 -1.013067425304
   923 -1.013067449142
   924 -1.013067472861
   925 -1.013067496462
   926 -1.013067519943
   927 -1.013067543307
   928 -1.013067566553
   929 -1.013067589682
   930 -1.013067612695
   931 -1.013067635590
   932 -1.013067658370
   933 -1.013067681034
   934 -1.013067703583
   935 -1.013067726017
   936 -1.013067748336
   937 -1.013067770542
   938 -1.013067792634
   939 -1.013067814612
   940 -1.013067836478
   941 -1.013067858231
   942 -1.013067879872
   943 -1.013067901402
   944 -1.013067922820
   945 -1.013067944127
   946 -1.013067965324
   947 -1.013067986410
   948 -1.013068007387
   949 -1.013068028254
   950 -1.013068049012
   951 -1.013068069662
   952 -1.013068090204
   953 -1.013068110638
   954 -1.013068130964
   955 -1.013068151183
   956 -1.013068171296
   957 -1.013068191302
   958 -1.013068211202
   959 -1.013068230997
   960 -1.013068250687
   961 -1.013068270272
   962 -1.013068289753
   963 -1.013068309129
   964 -1.013068328403
   965 -1.013068347572
   966 -1.013068366640
   967 -1.013068385604
   968 -1.013068404467
   969 -1.013068423228
   970 -1.013068441887
   971 -1.013068460446
   972 -1.013068478904
   973 -1.013068497262
   974 -1.013068515520
   975 -1.013068533679
   976 -1.013068551738
   977 -1.013068569699
   978 -1.013068587562
   979 -1.013068605327
   980 -1.013068622994
   981 -1.013068640564
   982 -1.013068658038
   983 -1.013068675415
   984 -1.013068692696
   985 -1.013068709881
   986 -1.013068726971
   987 -1.013068743966
   988 -1.013068760867
   989 -1.013068777673
   990 -1.013068794386
   991 -1.013068811005
   992 -1.013068827531
   993 -1.013068843965
   994 -1.013068860306
   995 -1.013068876555
   996 -1.013068892713
   997 -1.013068908780
   998 -1.013068924755
   999 -1.013068940641
  1000 -1.013068956436
