     1 -0.996681468373
     2 -1.066411189990
     3 -1.082245554416
     4 -1.090064699606
     5 -1.093713400643
     6 -1.095414861793
     7 -1.096255926315
     8 -1.096692090269
     9 -1.096926748374
    10 -1.097056643302
    11 -1.097130176946
    12 -1.097172557030
    13 -1.097197339095
    14 -1.097212003476
    15 -1.097220766418
    16 -1.097226045713
    17 -1.097229248207
    18 -1.097231202125
    19 -1.097232400138
    20 -1.097233137769
    21 -1.097233593557
    22 -1.097233876082
    23 -1.097234051672
    24 -1.097234161051
    25 -1.097234229329
    26 -1.097234272027
    27 -1.097234298767
    28 -1.097234315536
    29 -1.097234326065
    30 -1.097234332683
    31 -1.097234336847
    32 -1.097234339469
    33 -1.097234341122
    34 -1.097234342164
    35 -1.097234342821
    36 -1.097234343236
    37 -1.097234343498
    38 -1.097234343664
    39 -1.097234343769
    40 -1.097234343835
    41 -1.097234343877
    42 -1.097234343903
    43 -1.097234343920
    44 -1.097234343931
    45 -1.097234343938
    46 -1.097234343942
    47 -1.097234343945
    48 -1.097234343946
    49 -1.097234343947
    50 -1.097234343948
    51 -1.185188091331
    52 -1.078456645228
    53 -1.087214096687
    54 -1.092121997976
    55 -1.094539713252
    56 -1.095771587907
    57 -1.096421640337
    58 -1.096774489690
    59 -1.096970298159
    60 -1.097080880377
    61 -1.097144224471
    62 -1.097180941507
    63 -1.097202441714
    64 -1.097215144950
    65 -1.097222711616
    66 -1.097227252151
    67 -1.097229995526
    68 -1.097231663567
    69 -1.097232683776
    70 -1.097233311121
    71 -1.097233698836
    72 -1.097233939536
    73 -1.097234089600
    74 -1.097234183507
    75 -1.097234242476
    76 -1.097234279620
    77 -1.097234303080
    78 -1.097234317936
    79 -1.097234327364
    80 -1.097234333359
    81 -1.097234337178
    82 -1.097234339614
    83 -1.097234341171
    84 -1.097234342167
    85 -1.097234342805
    86 -1.097234343214
    87 -1.097234343476
    88 -1.097234343645
    89 -1.097234343753
    90 -1.097234343823
    91 -1.097234343868
    92 -1.097234343897
    93 -1.097234343915
    94 -1.097234343927
    95 -1.097234343935
    96 -1.097234343940
    97 -1.097234343943
    98 -1.097234343945
    99 -1.097234343947
   100 -1.097234343948
   101 -1.168263514281
   102 -1.077342214684
   103 -1.085275783792
   104 -1.090404373649
   105 -1.093247970660
   106 -1.094874609107
   107 -1.095829848975
   108 -1.096398074226
   109 -1.096737245769
   110 -1.096939455568
   111 -1.097059674564
   112 -1.097130951180
   113 -1.097173126667
   114 -1.097198058784
   115 -1.097212798427
   116 -1.097221520707
   117 -1.097226691000
   118 -1.097229762791
   119 -1.097231592756
   120 -1.097232686233
   121 -1.097233341744
   122 -1.097233736010
   123 -1.097233973956
   124 -1.097234118049
   125 -1.097234205593
   126 -1.097234258962
   127 -1.097234291594
   128 -1.097234311611
   129 -1.097234323922
   130 -1.097234331517
   131 -1.097234336214
   132 -1.097234339125
   133 -1.097234340936
   134 -1.097234342063
   135 -1.097234342766
   136 -1.097234343206
   137 -1.097234343481
   138 -1.097234343654
   139 -1.097234343763
   140 -1.097234343832
   141 -1.097234343875
   142 -1.097234343902
   143 -1.097234343919
   144 -1.097234343930
   145 -1.097234343937
   146 -1.097234343942
   147 -1.097234343944
   148 -1.097234343946
   149 -1.097234343947
   150 -1.097234343948
   151 -1.157417314541
   152 -1.078881806341
   153 -1.087834464891
   154 -1.092632234558
   155 -1.094917476662
   156 -1.096034732198
   157 -1.096596877223
   158 -1.096887609046
   159 -1.097041883857
   160 -1.097125651409
   161 -1.097172050194
   162 -1.097198191358
   163 -1.097213134374
   164 -1.097221783155
   165 -1.097226843212
   166 -1.097229831736
   167 -1.097231611637
   168 -1.097232679675
   169 -1.097233324845
   170 -1.097233716947
   171 -1.097233956544
   172 -1.097234103672
   173 -1.097234194414
   174 -1.097234250603
   175 -1.097234285520
   176 -1.097234307287
   177 -1.097234320895
   178 -1.097234329425
   179 -1.097234334783
   180 -1.097234338155
   181 -1.097234340282
   182 -1.097234341626
   183 -1.097234342475
   184 -1.097234343013
   185 -1.097234343354
   186 -1.097234343571
   187 -1.097234343708
   188 -1.097234343796
   189 -1.097234343851
   190 -1.097234343887
   191 -1.097234343909
   192 -1.097234343924
   193 -1.097234343933
   194 -1.097234343939
   195 -1.097234343943
   196 -1.097234343945
   197 -1.097234343946
   198 -1.097234343947
   199 -1.097234343948
   200 -1.097234343948
   201 -1.204445031553
   202 -1.079886172397
   203 -1.087626171000
   204 -1.092362145561
   205 -1.094661633579
   206 -1.095823596685
   207 -1.096439066008
   208 -1.096777345947
   209 -1.096968241667
   210 -1.097077940556
   211 -1.097141774944
   212 -1.097179254591
   213 -1.097201409172
   214 -1.097214575553
   215 -1.097222435906
   216 -1.097227147240
   217 -1.097229981331
   218 -1.097231691832
   219 -1.097232727390
   220 -1.097233356149
   221 -1.097233738937
   222 -1.097233972578
   223 -1.097234115527
   224 -1.097234203179
   225 -1.097234257041
   226 -1.097234290201
   227 -1.097234310657
   228 -1.097234323296
   229 -1.097234331120
   230 -1.097234335968
   231 -1.097234338979
   232 -1.097234340850
   233 -1.097234342014
   234 -1.097234342740
   235 -1.097234343193
   236 -1.097234343476
   237 -1.097234343652
   238 -1.097234343763
   239 -1.097234343832
   240 -1.097234343876
   241 -1.097234343903
   242 -1.097234343920
   243 -1.097234343931
   244 -1.097234343938
   245 -1.097234343942
   246 -1.097234343945
   247 -1.097234343946
   248 -1.097234343947
   249 -1.097234343948
   250 -1.097234343948
   251 -1.178835736593
   252 -1.079946174057
   253 -1.088288666523
   254 -1.092684133404
   255 -1.094798807471
   256 -1.095873876468
   257 -1.096450134022
   258 -1.096772313464
   259 -1.096958102884
   260 -1.097067567762
   261 -1.097132996592
   262 -1.097172476736
   263 -1.097196450531
   264 -1.097211072584
   265 -1.097220019973
   266 -1.097225509349
   267 -1.097228884717
   268 -1.097230964433
   269 -1.097232248279
   270 -1.097233042280
   271 -1.097233534170
   272 -1.097233839427
   273 -1.097234029160
   274 -1.097234147278
   275 -1.097234220913
   276 -1.097234266886
   277 -1.097234295626
   278 -1.097234313614
   279 -1.097234324889
   280 -1.097234331961
   281 -1.097234336402
   282 -1.097234339194
   283 -1.097234340951
   284 -1.097234342057
   285 -1.097234342754
   286 -1.097234343194
   287 -1.097234343472
   288 -1.097234343647
   289 -1.097234343758
   290 -1.097234343828
   291 -1.097234343872
   292 -1.097234343901
   293 -1.097234343918
   294 -1.097234343930
   295 -1.097234343937
   296 -1.097234343941
   297 -1.097234343944
   298 -1.097234343946
   299 -1.097234343947
   300 -1.097234343948
   301 -1.204897867777
   302 -1.080476828575
   303 -1.087122126489
   304 -1.091763757349
   305 -1.094172160575
   306 -1.095463606255
   307 -1.096186060945
   308 -1.096603989011
   309 -1.096851432160
   310 -1.097000175186
   311 -1.097090459486
   312 -1.097145610801
   313 -1.097179453086
   314 -1.097200292888
   315 -1.097213164779
   316 -1.097221137425
   317 -1.097226088693
   318 -1.097229171506
   319 -1.097231095807
   320 -1.097232299827
   321 -1.097233054935
   322 -1.097233529561
   323 -1.097233828507
   324 -1.097234017173
   325 -1.097234136460
   326 -1.097234212016
   327 -1.097234259947
   328 -1.097234290400
   329 -1.097234309773
   330 -1.097234322114
   331 -1.097234329985
   332 -1.097234335011
   333 -1.097234338223
   334 -1.097234340278
   335 -1.097234341593
   336 -1.097234342437
   337 -1.097234342978
   338 -1.097234343325
   339 -1.097234343547
   340 -1.097234343691
   341 -1.097234343783
   342 -1.097234343842
   343 -1.097234343880
   344 -1.097234343905
   345 -1.097234343920
   346 -1.097234343931
   347 -1.097234343937
   348 -1.097234343941
   349 -1.097234343944
   350 -1.097234343946
   351 -1.097234343947
   352 -1.097234343948
   353 -1.097234343948
   354 -1.097234343949
   355 -1.097234343949
   356 -1.097234343949
   357 -1.097234343949
   358 -1.097234343949
   359 -1.097234343949
   360 -1.097234343949
   361 -1.097234343949
   362 -1.097234343949
   363 -1.097234343949
   364 -1.097234343949
   365 -1.097234343949
   366 -1.097234343949
   367 -1.097234343949
   368 -1.097234343949
   369 -1.097234343949
   370 -1.097234343949
   371 -1.097234343949
   372 -1.097234343949
   373 -1.097234343949
   374 -1.097234343949
   375 -1.097234343949
   376 -1.097234343949
   377 -1.097234343949
   378 -1.097234343949
   379 -1.097234343949
   380 -1.097234343949
   381 -1.097234343949
   382 -1.097234343949
   383 -1.097234343949
   384 -1.097234343949
   385 -1.097234343949
   386 -1.097234343949
   387 -1.097234343949
   388 -1.097234343949
   389 -1.097234343949
   390 -1.097234343949
   391 -1.097234343949
   392 -1.097234343949
   393 -1.097234343949
   394 -1.097234343949
   395 -1.097234343949
   396 -1.097234343949
   397 -1.097234343949
   398 -1.097234343949
   399 -1.097234343949
   400 -1.097234343949
   401 -1.097234343949
   402 -1.097234343949
   403 -1.097234343949
   404 -1.097234343949
   405 -1.097234343949
   406 -1.097234343949
   407 -1.097234343949
   408 -1.097234343949
   409 -1.097234343949
   410 -1.097234343949
   411 -1.097234343949
   412 -1.097234343949
   413 -1.097234343949
   414 -1.097234343949
   415 -1.097234343949
   416 -1.097234343949
   417 -1.097234343949
   418 -1.097234343949
   419 -1.097234343949
   420 -1.097234343949
   421 -1.097234343949
   422 -1.097234343949
   423 -1.097234343949
   424 -1.097234343949
   425 -1.097234343949
   426 -1.097234343949
   427 -1.097234343949
   428 -1.097234343949
   429 -1.097234343949
   430 -1.097234343949
   431 -1.097234343949
   432 -1.097234343949
   433 -1.097234343949
   434 -1.097234343949
   435 -1.097234343949
   436 -1.097234343949
   437 -1.097234343949
   438 -1.097234343949
   439 -1.097234343949
   440 -1.097234343949
   441 -1.097234343949
   442 -1.097234343949
   443 -1.097234343949
   444 -1.097234343949
   445 -1.097234343949
   446 -1.097234343949
   447 -1.097234343949
   448 -1.097234343949
   449 -1.097234343949
   450 -1.097234343949
   451 -1.097234343949
   452 -1.097234343949
   453 -1.097234343949
   454 -1.097234343949
   455 -1.097234343949
   456 -1.097234343949
   457 -1.097234343949
   458 -1.097234343949
   459 -1.097234343949
   460 -1.097234343949
   461 -1.097234343949
   462 -1.097234343949
   463 -1.097234343949
   464 -1.097234343949
   465 -1.097234343949
   466 -1.097234343949
   467 -1.097234343949
   468 -1.097234343949
   469 -1.097234343949
   470 -1.097234343949
   471 -1.097234343949
   472 -1.097234343949
   473 -1.097234343949
   474 -1.097234343949
   475 -1.097234343949
   476 -1.097234343949
   477 -1.097234343949
   478 -1.097234343949
   479 -1.097234343949
   480 -1.097234343949
   481 -1.097234343949
   482 -1.097234343949
   483 -1.097234343949
   484 -1.097234343949
   485 -1.097234343949
   486 -1.097234343949
   487 -1.097234343949
   488 -1.097234343949
   489 -1.097234343949
   490 -1.097234343949
   491 -1.097234343949
   492 -1.097234343949
   493 -1.097234343949
   494 -1.097234343949
   495 -1.097234343949
   496 -1.097234343949
   497 -1.097234343949
   498 -1.097234343949
   499 -1.097234343949
   500 -1.097234343949
   501 -1.097234343949
   502 -1.097234343949
   503 -1.097234343949
   504 -1.097234343949
   505 -1.097234343949
   506 -1.097234343949
   507 -1.097234343949
   508 -1.097234343949
   509 -1.097234343949
   510 -1.097234343949
   511 -1.097234343949
   512 -1.097234343949
   513 -1.097234343949
   514 -1.097234343949
   515 -1.097234343949
   516 -1.097234343949
   517 -1.097234343949
   518 -1.097234343949
   519 -1.097234343949
   520 -1.097234343949
   521 -1.097234343949
   522 -1.097234343949
   523 -1.097234343949
   524 -1.097234343949
   525 -1.097234343949
   526 -1.097234343949
   527 -1.097234343949
   528 -1.097234343949
   529 -1.097234343949
   530 -1.097234343949
   531 -1.097234343949
   532 -1.097234343949
   533 -1.097234343949
   534 -1.097234343949
   535 -1.097234343949
   536 -1.097234343949
   537 -1.097234343949
   538 -1.097234343949
   539 -1.097234343949
   540 -1.097234343949
   541 -1.097234343949
   542 -1.097234343949
   543 -1.097234343949
   544 -1.097234343949
   545 -1.097234343949
   546 -1.097234343949
   547 -1.097234343949
   548 -1.097234343949
   549 -1.097234343949
   550 -1.097234343949
   551 -1.097234343949
   552 -1.097234343949
   553 -1.097234343949
   554 -1.097234343949
   555 -1.097234343949
   556 -1.097234343949
   557 -1.097234343949
   558 -1.097234343949
   559 -1.097234343949
   560 -1.097234343949
   561 -1.097234343949
   562 -1.097234343949
   563 -1.097234343949
   564 -1.097234343949
   565 -1.097234343949
   566 -1.097234343949
   567 -1.097234343949
   568 -1.097234343949
   569 -1.097234343949
   570 -1.097234343949
   571 -1.097234343949
   572 -1.097234343949
   573 -1.097234343949
   574 -1.097234343949
   575 -1.097234343949
   576 -1.097234343949
   577 -1.097234343949
   578 -1.097234343949
   579 -1.097234343949
   580 -1.097234343949
   581 -1.097234343949
   582 -1.097234343949
   583 -1.097234343949
   584 -1.097234343949
   585 -1.097234343949
   586 -1.097234343949
   587 -1.097234343949
   588 -1.097234343949
   589 -1.097234343949
   590 -1.097234343949
   591 -1.097234343949
   592 -1.097234343949
   593 -1.097234343949
   594 -1.097234343949
   595 -1.097234343949
   596 -1.097234343949
   597 -1.097234343949
   598 -1.097234343949
   599 -1.097234343949
   600 -1.097234343949
   601 -1.097234343949
   602 -1.097234343949
   603 -1.097234343949
   604 -1.097234343949
   605 -1.097234343949
   606 -1.097234343949
   607 -1.097234343949
   608 -1.097234343949
   609 -1.097234343949
   610 -1.097234343949
   611 -1.097234343949
   612 -1.097234343949
   613 -1.097234343949
   614 -1.097234343949
   615 -1.097234343949
   616 -1.097234343949
   617 -1.097234343949
   618 -1.097234343949
   619 -1.097234343949
   620 -1.097234343949
   621 -1.097234343949
   622 -1.097234343949
   623 -1.097234343949
   624 -1.097234343949
   625 -1.097234343949
   626 -1.097234343949
   627 -1.097234343949
   628 -1.097234343949
   629 -1.097234343949
   630 -1.097234343949
   631 -1.097234343949
   632 -1.097234343949
   633 -1.097234343949
   634 -1.097234343949
   635 -1.097234343949
   636 -1.097234343949
   637 -1.097234343949
   638 -1.097234343949
   639 -1.097234343949
   640 -1.097234343949
   641 -1.097234343949
   642 -1.097234343949
   643 -1.097234343949
   644 -1.097234343949
   645 -1.097234343949
   646 -1.097234343949
   647 -1.097234343949
   648 -1.097234343949
   649 -1.097234343949
   650 -1.097234343949
   651 -1.097234343949
   652 -1.097234343949
   653 -1.097234343949
   654 -1.097234343949
   655 -1.097234343949
   656 -1.097234343949
   657 -1.097234343949
   658 -1.097234343949
   659 -1.097234343949
   660 -1.097234343949
   661 -1.097234343949
   662 -1.097234343949
   663 -1.097234343949
   664 -1.097234343949
   665 -1.097234343949
   666 -1.097234343949
   667 -1.097234343949
   668 -1.097234343949
   669 -1.097234343949
   670 -1.097234343949
   671 -1.097234343949
   672 -1.097234343949
   673 -1.097234343949
   674 -1.097234343949
   675 -1.097234343949
   676 -1.097234343949
   677 -1.097234343949
   678 -1.097234343949
   679 -1.097234343949
   680 -1.097234343949
   681 -1.097234343949
   682 -1.097234343949
   683 -1.097234343949
   684 -1.097234343949
   685 -1.097234343949
   686 -1.097234343949
   687 -1.097234343949
   688 -1.097234343949
   689 -1.097234343949
   690 -1.097234343949
   691 -1.097234343949
   692 -1.097234343949
   693 -1.097234343949
   694 -1.097234343949
   695 -1.097234343949
   696 -1.097234343949
   697 -1.097234343949
   698 -1.097234343949
   699 -1.097234343949
   700 -1.097234343949
   701 -1.097234343949
   702 -1.097234343949
   703 -1.097234343949
   704 -1.097234343949
   705 -1.097234343949
   706 -1.097234343949
   707 -1.097234343949
   708 -1.097234343949
   709 -1.097234343949
   710 -1.097234343949
   711 -1.097234343949
   712 -1.097234343949
   713 -1.097234343949
   714 -1.097234343949
   715 -1.097234343949
   716 -1.097234343949
   717 -1.097234343949
   718 -1.097234343949
   719 -1.097234343949
   720 -1.097234343949
   721 -1.097234343949
   722 -1.097234343949
   723 -1.097234343949
   724 -1.097234343949
   725 -1.097234343949
   726 -1.097234343949
   727 -1.097234343949
   728 -1.097234343949
   729 -1.097234343949
   730 -1.097234343949
   731 -1.097234343949
   732 -1.097234343949
   733 -1.097234343949
   734 -1.097234343949
   735 -1.097234343949
   736 -1.097234343949
   737 -1.097234343949
   738 -1.097234343949
   739 -1.097234343949
   740 -1.097234343949
   741 -1.097234343949
   742 -1.097234343949
   743 -1.097234343949
   744 -1.097234343949
   745 -1.097234343949
   746 -1.097234343949
   747 -1.097234343949
   748 -1.097234343949
   749 -1.097234343949
   750 -1.097234343949
   751 -1.097234343949
   752 -1.097234343949
   753 -1.097234343949
   754 -1.097234343949
   755 -1.097234343949
   756 -1.097234343949
   757 -1.097234343949
   758 -1.097234343949
   759 -1.097234343949
   760 -1.097234343949
   761 -1.097234343949
   762 -1.097234343949
   763 -1.097234343949
   764 -1.097234343949
   765 -1.097234343949
   766 -1.097234343949
   767 -1.097234343949
   768 -1.097234343949
   769 -1.097234343949
   770 -1.097234343949
   771 -1.097234343949
   772 -1.097234343949
   773 -1.097234343949
   774 -1.097234343949
   775 -1.097234343949
   776 -1.097234343949
   777 -1.097234343949
   778 -1.097234343949
   779 -1.097234343949
   780 -1.097234343949
   781 -1.097234343949
   782 -1.097234343949
   783 -1.097234343949
   784 -1.097234343949
   785 -1.097234343949
   786 -1.097234343949
   787 -1.097234343949
   788 -1.097234343949
   789 -1.097234343949
   790 -1.097234343949
   791 -1.097234343949
   792 -1.097234343949
   793 -1.097234343949
   794 -1.097234343949
   795 -1.097234343949
   796 -1.097234343949
   797 -1.097234343949
   798 -1.097234343949
   799 -1.097234343949
   800 -1.097234343949
   801 -1.097234343949
   802 -1.097234343949
   803 -1.097234343949
   804 -1.097234343949
   805 -1.097234343949
   806 -1.097234343949
   807 -1.097234343949
   808 -1.097234343949
   809 -1.097234343949
   810 -1.097234343949
   811 -1.097234343949
   812 -1.097234343949
   813 -1.097234343949
   814 -1.097234343949
   815 -1.097234343949
   816 -1.097234343949
   817 -1.097234343949
   818 -1.097234343949
   819 -1.097234343949
   820 -1.097234343949
   821 -1.097234343949
   822 -1.097234343949
   823 -1.097234343949
   824 -1.097234343949
   825 -1.097234343949
   826 -1.097234343949
   827 -1.097234343949
   828 -1.097234343949
   829 -1.097234343949
   830 -1.097234343949
   831 -1.097234343949
   832 -1.097234343949
   833 -1.097234343949
   834 -1.097234343949
   835 -1.097234343949
   836 -1.097234343949
   837 -1.097234343949
   838 -1.097234343949
   839 -1.097234343949
   840 -1.097234343949
   841 -1.097234343949
   842 -1.097234343949
   843 -1.097234343949
   844 -1.097234343949
   845 -1.097234343949
   846 -1.097234343949
   847 -1.097234343949
   848 -1.097234343949
   849 -1.097234343949
   850 -1.097234343949
   851 -1.097234343949
   852 -1.097234343949
   853 -1.097234343949
   854 -1.097234343949
   855 -1.097234343949
   856 -1.097234343949
   857 -1.097234343949
   858 -1.097234343949
   859 -1.097234343949
   860 -1.097234343949
   861 -1.097234343949
   862 -1.097234343949
   863 -1.097234343949
   864 -1.097234343949
   865 -1.097234343949
   866 -1.097234343949
   867 -1.097234343949
   868 -1.097234343949
   869 -1.097234343949
   870 -1.097234343949
   871 -1.097234343949
   872 -1.097234343949
   873 -1.097234343949
   874 -1.097234343949
   875 -1.097234343949
   876 -1.097234343949
   877 -1.097234343949
   878 -1.097234343949
   879 -1.097234343949
   880 -1.097234343949
   881 -1.097234343949
   882 -1.097234343949
   883 -1.097234343949
   884 -1.097234343949
   885 -1.097234343949
   886 -1.097234343949
   887 -1.097234343949
   888 -1.097234343949
   889 -1.097234343949
   890 -1.097234343949
   891 -1.097234343949
   892 -1.097234343949
   893 -1.097234343949
   894 -1.097234343949
   895 -1.097234343949
   896 -1.097234343949
   897 -1.097234343949
   898 -1.097234343949
   899 -1.097234343949
   900 -1.097234343949
   901 -1.097234343949
   902 -1.097234343949
   903 -1.097234343949
   904 -1.097234343949
   905 -1.097234343949
   906 -1.097234343949
   907 -1.097234343949
   908 -1.097234343949
   909 -1.097234343949
   910 -1.097234343949
   911 -1.097234343949
   912 -1.097234343949
   913 -1.097234343949
   914 -1.097234343949
   915 -1.097234343949
   916 -1.097234343949
   917 -1.097234343949
   918 -1.097234343949
   919 -1.097234343949
   920 -1.097234343949
   921 -1.097234343949
   922 -1.097234343949
   923 -1.097234343949
   924 -1.097234343949
   925 -1.097234343949
   926 -1.097234343949
   927 -1.097234343949
   928 -1.097234343949
   929 -1.097234343949
   930 -1.097234343949
   931 -1.097234343949
   932 -1.097234343949
   933 -1.097234343949
   934 -1.097234343949
   935 -1.097234343949
   936 -1.097234343949
   937 -1.097234343949
   938 -1.097234343949
   939 -1.097234343949
   940 -1.097234343949
   941 -1.097234343949
   942 -1.097234343949
   943 -1.097234343949
   944 -1.097234343949
   945 -1.097234343949
   946 -1.097234343949
   947 -1.097234343949
   948 -1.097234343949
   949 -1.097234343949
   950 -1.097234343949
   951 -1.097234343949
   952 -1.097234343949
   953 -1.097234343949
   954 -1.097234343949
   955 -1.097234343949
   956 -1.097234343949
   957 -1.097234343949
   958 -1.097234343949
   959 -1.097234343949
   960 -1.097234343949
   961 -1.097234343949
   962 -1.097234343949
   963 -1.097234343949
   964 -1.097234343949
   965 -1.097234343949
   966 -1.097234343949
   967 -1.097234343949
   968 -1.097234343949
   969 -1.097234343949
   970 -1.097234343949
   971 -1.097234343949
   972 -1.097234343949
   973 -1.097234343949
   974 -1.097234343949
   975 -1.097234343949
   976 -1.097234343949
   977 -1.097234343949
   978 -1.097234343949
   979 -1.097234343949
   980 -1.097234343949
   981 -1.097234343949
   982 -1.097234343949
   983 -1.097234343949
   984 -1.097234343949
   985 -1.097234343949
   986 -1.097234343949
   987 -1.097234343949
   988 -1.097234343949
   989 -1.097234343949
   990 -1.097234343949
   991 -1.097234343949
   992 -1.097234343949
   993 -1.097234343949
   994 -1.097234343949
   995 -1.097234343949
   996 -1.097234343949
   997 -1.097234343949
   998 -1.097234343949
   999 -1.097234343949
  1000 -1.097234343949
  1001 -1.097234343949
  1002 -1.097234343949
  1003 -1.097234343949
  1004 -1.097234343949
  1005 -1.097234343949
  1006 -1.097234343949
  1007 -1.097234343949
  1008 -1.097234343949
  1009 -1.097234343949
  1010 -1.097234343949
  1011 -1.097234343949
  1012 -1.097234343949
  1013 -1.097234343949
  1014 -1.097234343949
  1015 -1.097234343949
  1016 -1.097234343949
  1017 -1.097234343949
  1018 -1.097234343949
  1019 -1.097234343949
  1020 -1.097234343949
  1021 -1.097234343949
  1022 -1.097234343949
  1023 -1.097234343949
  1024 -1.097234343949
  1025 -1.097234343949
  1026 -1.097234343949
  1027 -1.097234343949
  1028 -1.097234343949
  1029 -1.097234343949
  1030 -1.097234343949
  1031 -1.097234343949
  1032 -1.097234343949
  1033 -1.097234343949
  1034 -1.097234343949
  1035 -1.097234343949
  1036 -1.097234343949
  1037 -1.097234343949
  1038 -1.097234343949
  1039 -1.097234343949
  1040 -1.097234343949
  1041 -1.097234343949
  1042 -1.097234343949
  1043 -1.097234343949
  1044 -1.097234343949
  1045 -1.097234343949
  1046 -1.097234343949
  1047 -1.097234343949
  1048 -1.097234343949
  1049 -1.097234343949
  1050 -1.097234343949
  1051 -1.097234343949
  1052 -1.097234343949
  1053 -1.097234343949
  1054 -1.097234343949
  1055 -1.097234343949
  1056 -1.097234343949
  1057 -1.097234343949
  1058 -1.097234343949
  1059 -1.097234343949
  1060 -1.097234343949
  1061 -1.097234343949
  1062 -1.097234343949
  1063 -1.097234343949
  1064 -1.097234343949
  1065 -1.097234343949
  1066 -1.097234343949
  1067 -1.097234343949
  1068 -1.097234343949
  1069 -1.097234343949
  1070 -1.097234343949
  1071 -1.097234343949
  1072 -1.097234343949
  1073 -1.097234343949
  1074 -1.097234343949
  1075 -1.097234343949
  1076 -1.097234343949
  1077 -1.097234343949
  1078 -1.097234343949
  1079 -1.097234343949
  1080 -1.097234343949
  1081 -1.097234343949
  1082 -1.097234343949
  1083 -1.097234343949
  1084 -1.097234343949
  1085 -1.097234343949
  1086 -1.097234343949
  1087 -1.097234343949
  1088 -1.097234343949
  1089 -1.097234343949
  1090 -1.097234343949
  1091 -1.097234343949
  1092 -1.097234343949
  1093 -1.097234343949
  1094 -1.097234343949
  1095 -1.097234343949
  1096 -1.097234343949
  1097 -1.097234343949
  1098 -1.097234343949
  1099 -1.097234343949
  1100 -1.097234343949
  1101 -1.097234343949
  1102 -1.097234343949
  1103 -1.097234343949
  1104 -1.097234343949
  1105 -1.097234343949
  1106 -1.097234343949
  1107 -1.097234343949
  1108 -1.097234343949
  1109 -1.097234343949
  1110 -1.097234343949
  1111 -1.097234343949
  1112 -1.097234343949
  1113 -1.097234343949
  1114 -1.097234343949
  1115 -1.097234343949
  1116 -1.097234343949
  1117 -1.097234343949
  1118 -1.097234343949
  1119 -1.097234343949
  1120 -1.097234343949
  1121 -1.097234343949
  1122 -1.097234343949
  1123 -1.097234343949
  1124 -1.097234343949
  1125 -1.097234343949
  1126 -1.097234343949
  1127 -1.097234343949
  1128 -1.097234343949
  1129 -1.097234343949
  1130 -1.097234343949
  1131 -1.097234343949
  1132 -1.097234343949
  1133 -1.097234343949
  1134 -1.097234343949
  1135 -1.097234343949
  1136 -1.097234343949
  1137 -1.097234343949
  1138 -1.097234343949
  1139 -1.097234343949
  1140 -1.097234343949
  1141 -1.097234343949
  1142 -1.097234343949
  1143 -1.097234343949
  1144 -1.097234343949
  1145 -1.097234343949
  1146 -1.097234343949
  1147 -1.097234343949
  1148 -1.097234343949
  1149 -1.097234343949
  1150 -1.097234343949
  1151 -1.097234343949
  1152 -1.097234343949
  1153 -1.097234343949
  1154 -1.097234343949
  1155 -1.097234343949
  1156 -1.097234343949
  1157 -1.097234343949
  1158 -1.097234343949
  1159 -1.097234343949
  1160 -1.097234343949
  1161 -1.097234343949
  1162 -1.097234343949
  1163 -1.097234343949
  1164 -1.097234343949
  1165 -1.097234343949
  1166 -1.097234343949
  1167 -1.097234343949
  1168 -1.097234343949
  1169 -1.097234343949
  1170 -1.097234343949
  1171 -1.097234343949
  1172 -1.097234343949
  1173 -1.097234343949
  1174 -1.097234343949
  1175 -1.097234343949
  1176 -1.097234343949
  1177 -1.097234343949
  1178 -1.097234343949
  1179 -1.097234343949
  1180 -1.097234343949
  1181 -1.097234343949
  1182 -1.097234343949
  1183 -1.097234343949
  1184 -1.097234343949
  1185 -1.097234343949
  1186 -1.097234343949
  1187 -1.097234343949
  1188 -1.097234343949
  1189 -1.097234343949
  1190 -1.097234343949
  1191 -1.097234343949
  1192 -1.097234343949
  1193 -1.097234343949
  1194 -1.097234343949
  1195 -1.097234343949
  1196 -1.097234343949
  1197 -1.097234343949
  1198 -1.097234343949
  1199 -1.097234343949
  1200 -1.097234343949
  1201 -1.097234343949
  1202 -1.097234343949
  1203 -1.097234343949
  1204 -1.097234343949
  1205 -1.097234343949
  1206 -1.097234343949
  1207 -1.097234343949
  1208 -1.097234343949
  1209 -1.097234343949
  1210 -1.097234343949
  1211 -1.097234343949
  1212 -1.097234343949
  1213 -1.097234343949
  1214 -1.097234343949
  1215 -1.097234343949
  1216 -1.097234343949
  1217 -1.097234343949
  1218 -1.097234343949
  1219 -1.097234343949
  1220 -1.097234343949
  1221 -1.097234343949
  1222 -1.097234343949
  1223 -1.097234343949
  1224 -1.097234343949
  1225 -1.097234343949
  1226 -1.097234343949
  1227 -1.097234343949
  1228 -1.097234343949
  1229 -1.097234343949
  1230 -1.097234343949
  1231 -1.097234343949
  1232 -1.097234343949
  1233 -1.097234343949
  1234 -1.097234343949
  1235 -1.097234343949
  1236 -1.097234343949
  1237 -1.097234343949
  1238 -1.097234343949
  1239 -1.097234343949
  1240 -1.097234343949
  1241 -1.097234343949
  1242 -1.097234343949
  1243 -1.097234343949
  1244 -1.097234343949
  1245 -1.097234343949
  1246 -1.097234343949
  1247 -1.097234343949
  1248 -1.097234343949
  1249 -1.097234343949
  1250 -1.097234343949
  1251 -1.097234343949
  1252 -1.097234343949
  1253 -1.097234343949
  1254 -1.097234343949
  1255 -1.097234343949
  1256 -1.097234343949
  1257 -1.097234343949
  1258 -1.097234343949
  1259 -1.097234343949
  1260 -1.097234343949
  1261 -1.097234343949
  1262 -1.097234343949
  1263 -1.097234343949
  1264 -1.097234343949
  1265 -1.097234343949
  1266 -1.097234343949
  1267 -1.097234343949
  1268 -1.097234343949
  1269 -1.097234343949
  1270 -1.097234343949
  1271 -1.097234343949
  1272 -1.097234343949
  1273 -1.097234343949
  1274 -1.097234343949
  1275 -1.097234343949
  1276 -1.097234343949
  1277 -1.097234343949
  1278 -1.097234343949
  1279 -1.097234343949
  1280 -1.097234343949
  1281 -1.097234343949
  1282 -1.097234343949
  1283 -1.097234343949
  1284 -1.097234343949
  1285 -1.097234343949
  1286 -1.097234343949
  1287 -1.097234343949
  1288 -1.097234343949
  1289 -1.097234343949
  1290 -1.097234343949
  1291 -1.097234343949
  1292 -1.097234343949
  1293 -1.097234343949
  1294 -1.097234343949
  1295 -1.097234343949
  1296 -1.097234343949
  1297 -1.097234343949
  1298 -1.097234343949
  1299 -1.097234343949
  1300 -1.097234343949
  1301 -1.097234343949
  1302 -1.097234343949
  1303 -1.097234343949
  1304 -1.097234343949
  1305 -1.097234343949
  1306 -1.097234343949
  1307 -1.097234343949
  1308 -1.097234343949
  1309 -1.097234343949
  1310 -1.097234343949
  1311 -1.097234343949
  1312 -1.097234343949
  1313 -1.097234343949
  1314 -1.097234343949
  1315 -1.097234343949
  1316 -1.097234343949
  1317 -1.097234343949
  1318 -1.097234343949
  1319 -1.097234343949
  1320 -1.097234343949
  1321 -1.097234343949
  1322 -1.097234343949
  1323 -1.097234343949
  1324 -1.097234343949
  1325 -1.097234343949
  1326 -1.097234343949
  1327 -1.097234343949
  1328 -1.097234343949
  1329 -1.097234343949
  1330 -1.097234343949
  1331 -1.097234343949
  1332 -1.097234343949
  1333 -1.097234343949
  1334 -1.097234343949
  1335 -1.097234343949
  1336 -1.097234343949
  1337 -1.097234343949
  1338 -1.097234343949
  1339 -1.097234343949
  1340 -1.097234343949
  1341 -1.097234343949
  1342 -1.097234343949
  1343 -1.097234343949
  1344 -1.097234343949
  1345 -1.097234343949
  1346 -1.097234343949
  1347 -1.097234343949
  1348 -1.097234343949
  1349 -1.097234343949
  1350 -1.097234343949
  1351 -1.097234343949
  1352 -1.097234343949
  1353 -1.097234343949
  1354 -1.097234343949
  1355 -1.097234343949
  1356 -1.097234343949
  1357 -1.097234343949
  1358 -1.097234343949
  1359 -1.097234343949
  1360 -1.097234343949
  1361 -1.097234343949
  1362 -1.097234343949
  1363 -1.097234343949
  1364 -1.097234343949
  1365 -1.097234343949
  1366 -1.097234343949
  1367 -1.097234343949
  1368 -1.097234343949
  1369 -1.097234343949
  1370 -1.097234343949
  1371 -1.097234343949
  1372 -1.097234343949
  1373 -1.097234343949
  1374 -1.097234343949
  1375 -1.097234343949
  1376 -1.097234343949
  1377 -1.097234343949
  1378 -1.097234343949
  1379 -1.097234343949
  1380 -1.097234343949
  1381 -1.097234343949
  1382 -1.097234343949
  1383 -1.097234343949
  1384 -1.097234343949
  1385 -1.097234343949
  1386 -1.097234343949
  1387 -1.097234343949
  1388 -1.097234343949
  1389 -1.097234343949
  1390 -1.097234343949
  1391 -1.097234343949
  1392 -1.097234343949
  1393 -1.097234343949
  1394 -1.097234343949
  1395 -1.097234343949
  1396 -1.097234343949
  1397 -1.097234343949
  1398 -1.097234343949
  1399 -1.097234343949
  1400 -1.097234343949
  1401 -1.097234343949
  1402 -1.097234343949
  1403 -1.097234343949
  1404 -1.097234343949
  1405 -1.097234343949
  1406 -1.097234343949
  1407 -1.097234343949
  1408 -1.097234343949
  1409 -1.097234343949
  1410 -1.097234343949
  1411 -1.097234343949
  1412 -1.097234343949
  1413 -1.097234343949
  1414 -1.097234343949
  1415 -1.097234343949
  1416 -1.097234343949
  1417 -1.097234343949
  1418 -1.097234343949
  1419 -1.097234343949
  1420 -1.097234343949
  1421 -1.097234343949
  1422 -1.097234343949
  1423 -1.097234343949
  1424 -1.097234343949
  1425 -1.097234343949
  1426 -1.097234343949
  1427 -1.097234343949
  1428 -1.097234343949
  1429 -1.097234343949
  1430 -1.097234343949
  1431 -1.097234343949
  1432 -1.097234343949
  1433 -1.097234343949
  1434 -1.097234343949
  1435 -1.097234343949
  1436 -1.097234343949
  1437 -1.097234343949
  1438 -1.097234343949
  1439 -1.097234343949
  1440 -1.097234343949
  1441 -1.097234343949
  1442 -1.097234343949
  1443 -1.097234343949
  1444 -1.097234343949
  1445 -1.097234343949
  1446 -1.097234343949
  1447 -1.097234343949
  1448 -1.097234343949
  1449 -1.097234343949
  1450 -1.097234343949
  1451 -1.097234343949
  1452 -1.097234343949
  1453 -1.097234343949
  1454 -1.097234343949
  1455 -1.097234343949
  1456 -1.097234343949
  1457 -1.097234343949
  1458 -1.097234343949
  1459 -1.097234343949
  1460 -1.097234343949
  1461 -1.097234343949
  1462 -1.097234343949
  1463 -1.097234343949
  1464 -1.097234343949
  1465 -1.097234343949
  1466 -1.097234343949
  1467 -1.097234343949
  1468 -1.097234343949
  1469 -1.097234343949
  1470 -1.097234343949
  1471 -1.097234343949
  1472 -1.097234343949
  1473 -1.097234343949
  1474 -1.097234343949
  1475 -1.097234343949
  1476 -1.097234343949
  1477 -1.097234343949
  1478 -1.097234343949
  1479 -1.097234343949
  1480 -1.097234343949
  1481 -1.097234343949
  1482 -1.097234343949
  1483 -1.097234343949
  1484 -1.097234343949
  1485 -1.097234343949
  1486 -1.097234343949
  1487 -1.097234343949
  1488 -1.097234343949
  1489 -1.097234343949
  1490 -1.097234343949
  1491 -1.097234343949
  1492 -1.097234343949
  1493 -1.097234343949
  1494 -1.097234343949
  1495 -1.097234343949
  1496 -1.097234343949
  1497 -1.097234343949
  1498 -1.097234343949
  1499 -1.097234343949
  1500 -1.097234343949
  1501 -1.097234343949
  1502 -1.097234343949
  1503 -1.097234343949
  1504 -1.097234343949
  1505 -1.097234343949
  1506 -1.097234343949
  1507 -1.097234343949
  1508 -1.097234343949
  1509 -1.097234343949
  1510 -1.097234343949
  1511 -1.097234343949
  1512 -1.097234343949
  1513 -1.097234343949
  1514 -1.097234343949
  1515 -1.097234343949
  1516 -1.097234343949
  1517 -1.097234343949
  1518 -1.097234343949
  1519 -1.097234343949
  1520 -1.097234343949
  1521 -1.097234343949
  1522 -1.097234343949
  1523 -1.097234343949
  1524 -1.097234343949
  1525 -1.097234343949
  1526 -1.097234343949
  1527 -1.097234343949
  1528 -1.097234343949
  1529 -1.097234343949
  1530 -1.097234343949
  1531 -1.097234343949
  1532 -1.097234343949
  1533 -1.097234343949
  1534 -1.097234343949
  1535 -1.097234343949
  1536 -1.097234343949
  1537 -1.097234343949
  1538 -1.097234343949
  1539 -1.097234343949
  1540 -1.097234343949
  1541 -1.097234343949
  1542 -1.097234343949
  1543 -1.097234343949
  1544 -1.097234343949
  1545 -1.097234343949
  1546 -1.097234343949
  1547 -1.097234343949
  1548 -1.097234343949
  1549 -1.097234343949
  1550 -1.097234343949
  1551 -1.097234343949
  1552 -1.097234343949
  1553 -1.097234343949
  1554 -1.097234343949
  1555 -1.097234343949
  1556 -1.097234343949
  1557 -1.097234343949
  1558 -1.097234343949
  1559 -1.097234343949
  1560 -1.097234343949
  1561 -1.097234343949
  1562 -1.097234343949
  1563 -1.097234343949
  1564 -1.097234343949
  1565 -1.097234343949
  1566 -1.097234343949
  1567 -1.097234343949
  1568 -1.097234343949
  1569 -1.097234343949
  1570 -1.097234343949
  1571 -1.097234343949
  1572 -1.097234343949
  1573 -1.097234343949
  1574 -1.097234343949
  1575 -1.097234343949
  1576 -1.097234343949
  1577 -1.097234343949
  1578 -1.097234343949
  1579 -1.097234343949
  1580 -1.097234343949
  1581 -1.097234343949
  1582 -1.097234343949
  1583 -1.097234343949
  1584 -1.097234343949
  1585 -1.097234343949
  1586 -1.097234343949
  1587 -1.097234343949
  1588 -1.097234343949
  1589 -1.097234343949
  1590 -1.097234343949
  1591 -1.097234343949
  1592 -1.097234343949
  1593 -1.097234343949
  1594 -1.097234343949
  1595 -1.097234343949
  1596 -1.097234343949
  1597 -1.097234343949
  1598 -1.097234343949
  1599 -1.097234343949
  1600 -1.097234343949
  1601 -1.097234343949
  1602 -1.097234343949
  1603 -1.097234343949
  1604 -1.097234343949
  1605 -1.097234343949
  1606 -1.097234343949
  1607 -1.097234343949
  1608 -1.097234343949
  1609 -1.097234343949
  1610 -1.097234343949
  1611 -1.097234343949
  1612 -1.097234343949
  1613 -1.097234343949
  1614 -1.097234343949
  1615 -1.097234343949
  1616 -1.097234343949
  1617 -1.097234343949
  1618 -1.097234343949
  1619 -1.097234343949
  1620 -1.097234343949
  1621 -1.097234343949
  1622 -1.097234343949
  1623 -1.097234343949
  1624 -1.097234343949
  1625 -1.097234343949
  1626 -1.097234343949
  1627 -1.097234343949
  1628 -1.097234343949
  1629 -1.097234343949
  1630 -1.097234343949
  1631 -1.097234343949
  1632 -1.097234343949
  1633 -1.097234343949
  1634 -1.097234343949
  1635 -1.097234343949
  1636 -1.097234343949
  1637 -1.097234343949
  1638 -1.097234343949
  1639 -1.097234343949
  1640 -1.097234343949
  1641 -1.097234343949
  1642 -1.097234343949
  1643 -1.097234343949
  1644 -1.097234343949
  1645 -1.097234343949
  1646 -1.097234343949
  1647 -1.097234343949
  1648 -1.097234343949
  1649 -1.097234343949
  1650 -1.097234343949
  1651 -1.097234343949
  1652 -1.097234343949
  1653 -1.097234343949
  1654 -1.097234343949
  1655 -1.097234343949
  1656 -1.097234343949
  1657 -1.097234343949
  1658 -1.097234343949
  1659 -1.097234343949
  1660 -1.097234343949
  1661 -1.097234343949
  1662 -1.097234343949
  1663 -1.097234343949
  1664 -1.097234343949
  1665 -1.097234343949
  1666 -1.097234343949
  1667 -1.097234343949
  1668 -1.097234343949
  1669 -1.097234343949
  1670 -1.097234343949
  1671 -1.097234343949
  1672 -1.097234343949
  1673 -1.097234343949
  1674 -1.097234343949
  1675 -1.097234343949
  1676 -1.097234343949
  1677 -1.097234343949
  1678 -1.097234343949
  1679 -1.097234343949
  1680 -1.097234343949
  1681 -1.097234343949
  1682 -1.097234343949
  1683 -1.097234343949
  1684 -1.097234343949
  1685 -1.097234343949
  1686 -1.097234343949
  1687 -1.097234343949
  1688 -1.097234343949
  1689 -1.097234343949
  1690 -1.097234343949
  1691 -1.097234343949
  1692 -1.097234343949
  1693 -1.097234343949
  1694 -1.097234343949
  1695 -1.097234343949
  1696 -1.097234343949
  1697 -1.097234343949
  1698 -1.097234343949
  1699 -1.097234343949
  1700 -1.097234343949
  1701 -1.097234343949
  1702 -1.097234343949
  1703 -1.097234343949
  1704 -1.097234343949
  1705 -1.097234343949
  1706 -1.097234343949
  1707 -1.097234343949
  1708 -1.097234343949
  1709 -1.097234343949
  1710 -1.097234343949
  1711 -1.097234343949
  1712 -1.097234343949
  1713 -1.097234343949
  1714 -1.097234343949
  1715 -1.097234343949
  1716 -1.097234343949
  1717 -1.097234343949
  1718 -1.097234343949
  1719 -1.097234343949
  1720 -1.097234343949
  1721 -1.097234343949
  1722 -1.097234343949
  1723 -1.097234343949
  1724 -1.097234343949
  1725 -1.097234343949
  1726 -1.097234343949
  1727 -1.097234343949
  1728 -1.097234343949
  1729 -1.097234343949
  1730 -1.097234343949
  1731 -1.097234343949
  1732 -1.097234343949
  1733 -1.097234343949
  1734 -1.097234343949
  1735 -1.097234343949
  1736 -1.097234343949
  1737 -1.097234343949
  1738 -1.097234343949
  1739 -1.097234343949
  1740 -1.097234343949
  1741 -1.097234343949
  1742 -1.097234343949
  1743 -1.097234343949
  1744 -1.097234343949
  1745 -1.097234343949
  1746 -1.097234343949
  1747 -1.097234343949
  1748 -1.097234343949
  1749 -1.097234343949
  1750 -1.097234343949
  1751 -1.097234343949
  1752 -1.097234343949
  1753 -1.097234343949
  1754 -1.097234343949
  1755 -1.097234343949
  1756 -1.097234343949
  1757 -1.097234343949
  1758 -1.097234343949
  1759 -1.097234343949
  1760 -1.097234343949
  1761 -1.097234343949
  1762 -1.097234343949
  1763 -1.097234343949
  1764 -1.097234343949
  1765 -1.097234343949
  1766 -1.097234343949
  1767 -1.097234343949
  1768 -1.097234343949
  1769 -1.097234343949
  1770 -1.097234343949
  1771 -1.097234343949
  1772 -1.097234343949
  1773 -1.097234343949
  1774 -1.097234343949
  1775 -1.097234343949
  1776 -1.097234343949
  1777 -1.097234343949
  1778 -1.097234343949
  1779 -1.097234343949
  1780 -1.097234343949
  1781 -1.097234343949
  1782 -1.097234343949
  1783 -1.097234343949
  1784 -1.097234343949
  1785 -1.097234343949
  1786 -1.097234343949
  1787 -1.097234343949
  1788 -1.097234343949
  1789 -1.097234343949
  1790 -1.097234343949
  1791 -1.097234343949
  1792 -1.097234343949
  1793 -1.097234343949
  1794 -1.097234343949
  1795 -1.097234343949
  1796 -1.097234343949
  1797 -1.097234343949
  1798 -1.097234343949
  1799 -1.097234343949
  1800 -1.097234343949
  1801 -1.097234343949
  1802 -1.097234343949
  1803 -1.097234343949
  1804 -1.097234343949
  1805 -1.097234343949
  1806 -1.097234343949
  1807 -1.097234343949
  1808 -1.097234343949
  1809 -1.097234343949
  1810 -1.097234343949
  1811 -1.097234343949
  1812 -1.097234343949
  1813 -1.097234343949
  1814 -1.097234343949
  1815 -1.097234343949
  1816 -1.097234343949
  1817 -1.097234343949
  1818 -1.097234343949
  1819 -1.097234343949
  1820 -1.097234343949
  1821 -1.097234343949
  1822 -1.097234343949
  1823 -1.097234343949
  1824 -1.097234343949
  1825 -1.097234343949
  1826 -1.097234343949
  1827 -1.097234343949
  1828 -1.097234343949
  1829 -1.097234343949
  1830 -1.097234343949
  1831 -1.097234343949
  1832 -1.097234343949
  1833 -1.097234343949
  1834 -1.097234343949
  1835 -1.097234343949
  1836 -1.097234343949
  1837 -1.097234343949
  1838 -1.097234343949
  1839 -1.097234343949
  1840 -1.097234343949
  1841 -1.097234343949
  1842 -1.097234343949
  1843 -1.097234343949
  1844 -1.097234343949
  1845 -1.097234343949
  1846 -1.097234343949
  1847 -1.097234343949
  1848 -1.097234343949
  1849 -1.097234343949
  1850 -1.097234343949
  1851 -1.097234343949
  1852 -1.097234343949
  1853 -1.097234343949
  1854 -1.097234343949
  1855 -1.097234343949
  1856 -1.097234343949
  1857 -1.097234343949
  1858 -1.097234343949
  1859 -1.097234343949
  1860 -1.097234343949
  1861 -1.097234343949
  1862 -1.097234343949
  1863 -1.097234343949
  1864 -1.097234343949
  1865 -1.097234343949
  1866 -1.097234343949
  1867 -1.097234343949
  1868 -1.097234343949
  1869 -1.097234343949
  1870 -1.097234343949
  1871 -1.097234343949
  1872 -1.097234343949
  1873 -1.097234343949
  1874 -1.097234343949
  1875 -1.097234343949
  1876 -1.097234343949
  1877 -1.097234343949
  1878 -1.097234343949
  1879 -1.097234343949
  1880 -1.097234343949
  1881 -1.097234343949
  1882 -1.097234343949
  1883 -1.097234343949
  1884 -1.097234343949
  1885 -1.097234343949
  1886 -1.097234343949
  1887 -1.097234343949
  1888 -1.097234343949
  1889 -1.097234343949
  1890 -1.097234343949
  1891 -1.097234343949
  1892 -1.097234343949
  1893 -1.097234343949
  1894 -1.097234343949
  1895 -1.097234343949
  1896 -1.097234343949
  1897 -1.097234343949
  1898 -1.097234343949
  1899 -1.097234343949
  1900 -1.097234343949
  1901 -1.097234343949
  1902 -1.097234343949
  1903 -1.097234343949
  1904 -1.097234343949
  1905 -1.097234343949
  1906 -1.097234343949
  1907 -1.097234343949
  1908 -1.097234343949
  1909 -1.097234343949
  1910 -1.097234343949
  1911 -1.097234343949
  1912 -1.097234343949
  1913 -1.097234343949
  1914 -1.097234343949
  1915 -1.097234343949
  1916 -1.097234343949
  1917 -1.097234343949
  1918 -1.097234343949
  1919 -1.097234343949
  1920 -1.097234343949
  1921 -1.097234343949
  1922 -1.097234343949
  1923 -1.097234343949
  1924 -1.097234343949
  1925 -1.097234343949
  1926 -1.097234343949
  1927 -1.097234343949
  1928 -1.097234343949
  1929 -1.097234343949
  1930 -1.097234343949
  1931 -1.097234343949
  1932 -1.097234343949
  1933 -1.097234343949
  1934 -1.097234343949
  1935 -1.097234343949
  1936 -1.097234343949
  1937 -1.097234343949
  1938 -1.097234343949
  1939 -1.097234343949
  1940 -1.097234343949
  1941 -1.097234343949
  1942 -1.097234343949
  1943 -1.097234343949
  1944 -1.097234343949
  1945 -1.097234343949
  1946 -1.097234343949
  1947 -1.097234343949
  1948 -1.097234343949
  1949 -1.097234343949
  1950 -1.097234343949
  1951 -1.097234343949
  1952 -1.097234343949
  1953 -1.097234343949
  1954 -1.097234343949
  1955 -1.097234343949
  1956 -1.097234343949
  1957 -1.097234343949
  1958 -1.097234343949
  1959 -1.097234343949
  1960 -1.097234343949
  1961 -1.097234343949
  1962 -1.097234343949
  1963 -1.097234343949
  1964 -1.097234343949
  1965 -1.097234343949
  1966 -1.097234343949
  1967 -1.097234343949
  1968 -1.097234343949
  1969 -1.097234343949
  1970 -1.097234343949
  1971 -1.097234343949
  1972 -1.097234343949
  1973 -1.097234343949
  1974 -1.097234343949
  1975 -1.097234343949
  1976 -1.097234343949
  1977 -1.097234343949
  1978 -1.097234343949
  1979 -1.097234343949
  1980 -1.097234343949
  1981 -1.097234343949
  1982 -1.097234343949
  1983 -1.097234343949
  1984 -1.097234343949
  1985 -1.097234343949
  1986 -1.097234343949
  1987 -1.097234343949
  1988 -1.097234343949
  1989 -1.097234343949
  1990 -1.097234343949
  1991 -1.097234343949
  1992 -1.097234343949
  1993 -1.097234343949
  1994 -1.097234343949
  1995 -1.097234343949
  1996 -1.097234343949
  1997 -1.097234343949
  1998 -1.097234343949
  1999 -1.097234343949
  2000 -1.097234343949
