     1 -0.942453057183
     2 -1.078253375395
     3 -1.060095284175
     4 -1.056365846554
     5 -1.056952809708
     6 -1.057681989318
     7 -1.058393073021
     8 -1.059129652573
     9 -1.059977065021
    10 -1.061029217381
    11 -1.062317833761
    12 -1.063774789902
    13 -1.065268488604
    14 -1.066666098633
    15 -1.067879004672
    16 -1.068874011014
    17 -1.069659781440
    18 -1.070267108107
    19 -1.070733160086
    20 -1.071092312780
    21 -1.071372456007
    22 -1.071594596262
    23 -1.071773912418
    24 -1.071921163691
    25 -1.072043953119
    26 -1.072147698926
    27 -1.072236324868
    28 -1.072312730575
    29 -1.072379105724
    30 -1.072437138975
    31 -1.072488157827
    32 -1.072533223573
    33 -1.072573197025
    34 -1.072608784996
    35 -1.072640573932
    36 -1.072669054758
    37 -1.072694641614
    38 -1.072717686220
    39 -1.072738489094
    40 -1.072757308299
    41 -1.072774366621
    42 -1.072789857204
    43 -1.072803948105
    44 -1.072816786249
    45 -1.072828500412
    46 -1.072839203882
    47 -1.072848996594
    48 -1.072857967047
    49 -1.072866193727
    50 -1.072873746466
    51 -1.167497504123
    52 -1.059732916500
    53 -1.064815373775
    54 -1.068962837170
    55 -1.070990180517
    56 -1.071969570924
    57 -1.072449400083
    58 -1.072688451555
    59 -1.072809949928
    60 -1.072873210295
    61 -1.072907140736
    62 -1.072926003779
    63 -1.072936942469
    64 -1.072943599405
    65 -1.072947872226
    66 -1.072950773676
    67 -1.072952858429
    68 -1.072954438649
    69 -1.072955694879
    70 -1.072956734405
    71 -1.072957622700
    72 -1.072958400791
    73 -1.072959095089
    74 -1.072959723075
    75 -1.072960296677
    76 -1.072960824301
    77 -1.072961312076
    78 -1.072961764640
    79 -1.072962185622
    80 -1.072962577965
    81 -1.072962944124
    82 -1.072963286203
    83 -1.072963606040
    84 -1.072963905271
    85 -1.072964185368
    86 -1.072964447669
    87 -1.072964693396
    88 -1.072964923678
    89 -1.072965139551
    90 -1.072965341980
    91 -1.072965531856
    92 -1.072965710009
    93 -1.072965877209
    94 -1.072966034173
    95 -1.072966181570
    96 -1.072966320023
    97 -1.072966450111
    98 -1.072966572376
    99 -1.072966687322
   100 -1.072966795419
   101 -1.143628875410
   102 -1.056662077402
   103 -1.063971092776
   104 -1.068802829822
   105 -1.070989204394
   106 -1.071985980925
   107 -1.072447526870
   108 -1.072665264669
   109 -1.072770477431
   110 -1.072822957046
   111 -1.072850240703
   112 -1.072865199444
   113 -1.072873962004
   114 -1.072879512056
   115 -1.072883339415
   116 -1.072886208821
   117 -1.072888524499
   118 -1.072890506599
   119 -1.072892278611
   120 -1.072893911810
   121 -1.072895448447
   122 -1.072896914219
   123 -1.072898325133
   124 -1.072899691412
   125 -1.072901019748
   126 -1.072902314647
   127 -1.072903579237
   128 -1.072904815770
   129 -1.072906025929
   130 -1.072907211020
   131 -1.072908372102
   132 -1.072909510062
   133 -1.072910625670
   134 -1.072911719608
   135 -1.072912792496
   136 -1.072913844907
   137 -1.072914877373
   138 -1.072915890396
   139 -1.072916884451
   140 -1.072917859991
   141 -1.072918817446
   142 -1.072919757231
   143 -1.072920679741
   144 -1.072921585358
   145 -1.072922474448
   146 -1.072923347365
   147 -1.072924204450
   148 -1.072925046030
   149 -1.072925872425
   150 -1.072926683942
   151 -1.149967374496
   152 -1.054289592985
   153 -1.062695503063
   154 -1.067738487497
   155 -1.070257155417
   156 -1.071550803566
   157 -1.072219612340
   158 -1.072566212368
   159 -1.072747046348
   160 -1.072842532426
   161 -1.072893786603
   162 -1.072921851193
   163 -1.072937570734
   164 -1.072946598578
   165 -1.072951925809
   166 -1.072955162898
   167 -1.072957193825
   168 -1.072958513875
   169 -1.072959406384
   170 -1.072960036765
   171 -1.072960503454
   172 -1.072960866050
   173 -1.072961161231
   174 -1.072961411846
   175 -1.072961632313
   176 -1.072961831826
   177 -1.072962016308
   178 -1.072962189607
   179 -1.072962354254
   180 -1.072962511929
   181 -1.072962663767
   182 -1.072962810549
   183 -1.072962952819
   184 -1.072963090975
   185 -1.072963225309
   186 -1.072963356050
   187 -1.072963483378
   188 -1.072963607446
   189 -1.072963728381
   190 -1.072963846299
   191 -1.072963961303
   192 -1.072964073485
   193 -1.072964182935
   194 -1.072964289735
   195 -1.072964393963
   196 -1.072964495691
   197 -1.072964594993
   198 -1.072964691934
   199 -1.072964786580
   200 -1.072964878993
   201 -1.169176626459
   202 -1.055167244755
   203 -1.061973531705
   204 -1.068137481502
   205 -1.070819628259
   206 -1.071967993651
   207 -1.072464271195
   208 -1.072683603946
   209 -1.072784007288
   210 -1.072832204918
   211 -1.072856783331
   212 -1.072870288666
   213 -1.072878393661
   214 -1.072883749103
   215 -1.072887637273
   216 -1.072890700850
   217 -1.072893273875
   218 -1.072895536499
   219 -1.072897589609
   220 -1.072899491924
   221 -1.072901279013
   222 -1.072902973341
   223 -1.072904589731
   224 -1.072906138421
   225 -1.072907626818
   226 -1.072909060528
   227 -1.072910443977
   228 -1.072911780789
   229 -1.072913074029
   230 -1.072914326352
   231 -1.072915540101
   232 -1.072916717378
   233 -1.072917860088
   234 -1.072918969971
   235 -1.072920048624
   236 -1.072921097524
   237 -1.072922118037
   238 -1.072923111435
   239 -1.072924078898
   240 -1.072925021528
   241 -1.072925940356
   242 -1.072926836342
   243 -1.072927710389
   244 -1.072928563341
   245 -1.072929395991
   246 -1.072930209084
   247 -1.072931003320
   248 -1.072931779360
   249 -1.072932537824
   250 -1.072933279300
   251 -1.141611490711
   252 -1.057075090851
   253 -1.064302465721
   254 -1.068619708626
   255 -1.070756450286
   256 -1.071821360043
   257 -1.072357887759
   258 -1.072632521087
   259 -1.072776107913
   260 -1.072853073699
   261 -1.072895446347
   262 -1.072919415923
   263 -1.072933344085
   264 -1.072941654918
   265 -1.072946748272
   266 -1.072949958385
   267 -1.072952044601
   268 -1.072953448443
   269 -1.072954431596
   270 -1.072955151747
   271 -1.072955705307
   272 -1.072956151887
   273 -1.072956528730
   274 -1.072956859293
   275 -1.072957158457
   276 -1.072957435717
   277 -1.072957697168
   278 -1.072957946749
   279 -1.072958187020
   280 -1.072958419659
   281 -1.072958645782
   282 -1.072958866138
   283 -1.072959081241
   284 -1.072959291454
   285 -1.072959497043
   286 -1.072959698206
   287 -1.072959895101
   288 -1.072960087857
   289 -1.072960276587
   290 -1.072960461389
   291 -1.072960642352
   292 -1.072960819560
   293 -1.072960993093
   294 -1.072961163026
   295 -1.072961329432
   296 -1.072961492383
   297 -1.072961651946
   298 -1.072961808191
   299 -1.072961961181
   300 -1.072962110982
   301 -1.161979675248
   302 -1.057620495251
   303 -1.062363774551
   304 -1.067118626060
   305 -1.069870198133
   306 -1.071350275255
   307 -1.072114946226
   308 -1.072501279864
   309 -1.072695098968
   310 -1.072792839244
   311 -1.072842906531
   312 -1.072869242066
   313 -1.072883652886
   314 -1.072891986615
   315 -1.072897165484
   316 -1.072900667701
   317 -1.072903252447
   318 -1.072905316718
   319 -1.072907072502
   320 -1.072908635719
   321 -1.072910071470
   322 -1.072911417406
   323 -1.072912696011
   324 -1.072913921188
   325 -1.072915101863
   326 -1.072916243998
   327 -1.072917351752
   328 -1.072918428151
   329 -1.072919475497
   330 -1.072920495614
   331 -1.072921490001
   332 -1.072922459928
   333 -1.072923406503
   334 -1.072924330708
   335 -1.072925233433
   336 -1.072926115491
   337 -1.072926977630
   338 -1.072927820547
   339 -1.072928644893
   340 -1.072929451277
   341 -1.072930240273
   342 -1.072931012422
   343 -1.072931768236
   344 -1.072932508198
   345 -1.072933232767
   346 -1.072933942379
   347 -1.072934637449
   348 -1.072935318370
   349 -1.072935985518
   350 -1.072936639253
   351 -1.072937279915
   352 -1.072937907834
   353 -1.072938523322
   354 -1.072939126680
   355 -1.072939718195
   356 -1.072940298145
   357 -1.072940866795
   358 -1.072941424400
   359 -1.072941971207
   360 -1.072942507454
   361 -1.072943033368
   362 -1.072943549171
   363 -1.072944055076
   364 -1.072944551290
   365 -1.072945038012
   366 -1.072945515436
   367 -1.072945983750
   368 -1.072946443135
   369 -1.072946893769
   370 -1.072947335823
   371 -1.072947769464
   372 -1.072948194854
   373 -1.072948612151
   374 -1.072949021509
   375 -1.072949423079
   376 -1.072949817006
   377 -1.072950203434
   378 -1.072950582501
   379 -1.072950954344
   380 -1.072951319095
   381 -1.072951676885
   382 -1.072952027841
   383 -1.072952372087
   384 -1.072952709745
   385 -1.072953040934
   386 -1.072953365771
   387 -1.072953684370
   388 -1.072953996844
   389 -1.072954303302
   390 -1.072954603852
   391 -1.072954898600
   392 -1.072955187649
   393 -1.072955471102
   394 -1.072955749058
   395 -1.072956021616
   396 -1.072956288872
   397 -1.072956550920
   398 -1.072956807854
   399 -1.072957059765
   400 -1.072957306743
   401 -1.072957548876
   402 -1.072957786251
   403 -1.072958018953
   404 -1.072958247066
   405 -1.072958470672
   406 -1.072958689852
   407 -1.072958904687
   408 -1.072959115254
   409 -1.072959321631
   410 -1.072959523893
   411 -1.072959722115
   412 -1.072959916371
   413 -1.072960106732
   414 -1.072960293270
   415 -1.072960476054
   416 -1.072960655153
   417 -1.072960830635
   418 -1.072961002566
   419 -1.072961171012
   420 -1.072961336036
   421 -1.072961497703
   422 -1.072961656074
   423 -1.072961811211
   424 -1.072961963174
   425 -1.072962112023
   426 -1.072962257815
   427 -1.072962400608
   428 -1.072962540458
   429 -1.072962677421
   430 -1.072962811552
   431 -1.072962942903
   432 -1.072963071529
   433 -1.072963197480
   434 -1.072963320808
   435 -1.072963441563
   436 -1.072963559795
   437 -1.072963675551
   438 -1.072963788880
   439 -1.072963899829
   440 -1.072964008443
   441 -1.072964114769
   442 -1.072964218849
   443 -1.072964320729
   444 -1.072964420452
   445 -1.072964518059
   446 -1.072964613592
   447 -1.072964707093
   448 -1.072964798600
   449 -1.072964888155
   450 -1.072964975794
   451 -1.072965061558
   452 -1.072965145482
   453 -1.072965227604
   454 -1.072965307960
   455 -1.072965386584
   456 -1.072965463513
   457 -1.072965538780
   458 -1.072965612419
   459 -1.072965684463
   460 -1.072965754943
   461 -1.072965823893
   462 -1.072965891343
   463 -1.072965957323
   464 -1.072966021864
   465 -1.072966084996
   466 -1.072966146747
   467 -1.072966207146
   468 -1.072966266220
   469 -1.072966323997
   470 -1.072966380504
   471 -1.072966435768
   472 -1.072966489813
   473 -1.072966542666
   474 -1.072966594352
   475 -1.072966644894
   476 -1.072966694317
   477 -1.072966742644
   478 -1.072966789899
   479 -1.072966836104
   480 -1.072966881280
   481 -1.072966925451
   482 -1.072966968637
   483 -1.072967010858
   484 -1.072967052137
   485 -1.072967092492
   486 -1.072967131943
   487 -1.072967170510
   488 -1.072967208212
   489 -1.072967245067
   490 -1.072967281093
   491 -1.072967316308
   492 -1.072967350730
   493 -1.072967384375
   494 -1.072967417261
   495 -1.072967449404
   496 -1.072967480820
   497 -1.072967511525
   498 -1.072967541534
   499 -1.072967570862
   500 -1.072967599525
   501 -1.072967627537
   502 -1.072967654911
   503 -1.072967681663
   504 -1.072967707805
   505 -1.072967733351
   506 -1.072967758314
   507 -1.072967782707
   508 -1.072967806542
   509 -1.072967829833
   510 -1.072967852590
   511 -1.072967874825
   512 -1.072967896551
   513 -1.072967917779
   514 -1.072967938518
   515 -1.072967958782
   516 -1.072967978579
   517 -1.072967997920
   518 -1.072968016816
   519 -1.072968035277
   520 -1.072968053312
   521 -1.072968070930
   522 -1.072968088142
   523 -1.072968104955
   524 -1.072968121373
   525 -1.072968137418
   526 -1.072968153091
   527 -1.072968168400
   528 -1.072968183355
   529 -1.072968197963
   530 -1.072968212231
   531 -1.072968226168
   532 -1.072968239781
   533 -1.072968253077
   534 -1.072968266064
   535 -1.072968278748
   536 -1.072968291137
   537 -1.072968303237
   538 -1.072968315054
   539 -1.072968326596
   540 -1.072968337868
   541 -1.072968348877
   542 -1.072968359628
   543 -1.072968370128
   544 -1.072968380382
   545 -1.072968390395
   546 -1.072968400174
   547 -1.072968409724
   548 -1.072968419050
   549 -1.072968428157
   550 -1.072968437050
   551 -1.072968445735
   552 -1.072968454215
   553 -1.072968462495
   554 -1.072968470581
   555 -1.072968478477
   556 -1.072968486187
   557 -1.072968493715
   558 -1.072968501065
   559 -1.072968508243
   560 -1.072968515251
   561 -1.072968522094
   562 -1.072968528775
   563 -1.072968535298
   564 -1.072968541667
   565 -1.072968547886
   566 -1.072968553957
   567 -1.072968559885
   568 -1.072968565673
   569 -1.072968571323
   570 -1.072968576840
   571 -1.072968582226
   572 -1.072968587485
   573 -1.072968592618
   574 -1.072968597630
   575 -1.072968602523
   576 -1.072968607300
   577 -1.072968611963
   578 -1.072968616516
   579 -1.072968620960
   580 -1.072968625299
   581 -1.072968629535
   582 -1.072968633670
   583 -1.072968637706
   584 -1.072968641646
   585 -1.072968645493
   586 -1.072968649248
   587 -1.072968652913
   588 -1.072968656491
   589 -1.072968659984
   590 -1.072968663394
   591 -1.072968666722
   592 -1.072968669971
   593 -1.072968673142
   594 -1.072968676237
   595 -1.072968679259
   596 -1.072968682208
   597 -1.072968685087
   598 -1.072968687897
   599 -1.072968690640
   600 -1.072968693318
   601 -1.072968695931
   602 -1.072968698481
   603 -1.072968700971
   604 -1.072968703401
   605 -1.072968705773
   606 -1.072968708088
   607 -1.072968710348
   608 -1.072968712553
   609 -1.072968714706
   610 -1.072968716807
   611 -1.072968718857
   612 -1.072968720859
   613 -1.072968722812
   614 -1.072968724719
   615 -1.072968726579
   616 -1.072968728395
   617 -1.072968730168
   618 -1.072968731898
   619 -1.072968733586
   620 -1.072968735234
   621 -1.072968736842
   622 -1.072968738411
   623 -1.072968739943
   624 -1.072968741438
   625 -1.072968742897
   626 -1.072968744321
   627 -1.072968745711
   628 -1.072968747067
   629 -1.072968748390
   630 -1.072968749682
   631 -1.072968750942
   632 -1.072968752173
   633 -1.072968753373
   634 -1.072968754545
   635 -1.072968755688
   636 -1.072968756804
   637 -1.072968757893
   638 -1.072968758955
   639 -1.072968759993
   640 -1.072968761005
   641 -1.072968761992
   642 -1.072968762956
   643 -1.072968763896
   644 -1.072968764814
   645 -1.072968765710
   646 -1.072968766584
   647 -1.072968767437
   648 -1.072968768269
   649 -1.072968769082
   650 -1.072968769874
   651 -1.072968770648
   652 -1.072968771403
   653 -1.072968772139
   654 -1.072968772858
   655 -1.072968773559
   656 -1.072968774244
   657 -1.072968774912
   658 -1.072968775563
   659 -1.072968776199
   660 -1.072968776820
   661 -1.072968777425
   662 -1.072968778016
   663 -1.072968778593
   664 -1.072968779156
   665 -1.072968779705
   666 -1.072968780240
   667 -1.072968780763
   668 -1.072968781273
   669 -1.072968781771
   670 -1.072968782257
   671 -1.072968782731
   672 -1.072968783193
   673 -1.072968783644
   674 -1.072968784085
   675 -1.072968784514
   676 -1.072968784934
   677 -1.072968785343
   678 -1.072968785742
   679 -1.072968786131
   680 -1.072968786511
   681 -1.072968786882
   682 -1.072968787244
   683 -1.072968787597
   684 -1.072968787942
   685 -1.072968788278
   686 -1.072968788606
   687 -1.072968788926
   688 -1.072968789238
   689 -1.072968789543
   690 -1.072968789840
   691 -1.072968790130
   692 -1.072968790413
   693 -1.072968790690
   694 -1.072968790959
   695 -1.072968791222
   696 -1.072968791478
   697 -1.072968791729
   698 -1.072968791973
   699 -1.072968792211
   700 -1.072968792444
   701 -1.072968792671
   702 -1.072968792892
   703 -1.072968793108
   704 -1.072968793319
   705 -1.072968793524
   706 -1.072968793725
   707 -1.072968793921
   708 -1.072968794112
   709 -1.072968794298
   710 -1.072968794480
   711 -1.072968794657
   712 -1.072968794830
   713 -1.072968794999
   714 -1.072968795164
   715 -1.072968795325
   716 -1.072968795482
   717 -1.072968795635
   718 -1.072968795784
   719 -1.072968795930
   720 -1.072968796072
   721 -1.072968796211
   722 -1.072968796346
   723 -1.072968796478
   724 -1.072968796607
   725 -1.072968796732
   726 -1.072968796855
   727 -1.072968796975
   728 -1.072968797091
   729 -1.072968797205
   730 -1.072968797316
   731 -1.072968797425
   732 -1.072968797531
   733 -1.072968797634
   734 -1.072968797735
   735 -1.072968797833
   736 -1.072968797929
   737 -1.072968798022
   738 -1.072968798113
   739 -1.072968798202
   740 -1.072968798289
   741 -1.072968798374
   742 -1.072968798457
   743 -1.072968798537
   744 -1.072968798616
   745 -1.072968798693
   746 -1.072968798768
   747 -1.072968798841
   748 -1.072968798912
   749 -1.072968798982
   750 -1.072968799050
   751 -1.072968799116
   752 -1.072968799180
   753 -1.072968799243
   754 -1.072968799305
   755 -1.072968799365
   756 -1.072968799423
   757 -1.072968799481
   758 -1.072968799536
   759 -1.072968799591
   760 -1.072968799644
   761 -1.072968799695
   762 -1.072968799746
   763 -1.072968799795
   764 -1.072968799843
   765 -1.072968799890
   766 -1.072968799936
   767 -1.072968799980
   768 -1.072968800024
   769 -1.072968800066
   770 -1.072968800108
   771 -1.072968800148
   772 -1.072968800188
   773 -1.072968800226
   774 -1.072968800264
   775 -1.072968800300
   776 -1.072968800336
   777 -1.072968800371
   778 -1.072968800405
   779 -1.072968800438
   780 -1.072968800471
   781 -1.072968800502
   782 -1.072968800533
   783 -1.072968800563
   784 -1.072968800592
   785 -1.072968800621
   786 -1.072968800649
   787 -1.072968800676
   788 -1.072968800703
   789 -1.072968800729
   790 -1.072968800754
   791 -1.072968800779
   792 -1.072968800803
   793 -1.072968800826
   794 -1.072968800849
   795 -1.072968800871
   796 -1.072968800893
   797 -1.072968800914
   798 -1.072968800935
   799 -1.072968800955
   800 -1.072968800975
   801 -1.072968800995
   802 -1.072968801013
   803 -1.072968801032
   804 -1.072968801050
   805 -1.072968801067
   806 -1.072968801084
   807 -1.072968801101
   808 -1.072968801117
   809 -1.072968801133
   810 -1.072968801148
   811 -1.072968801163
   812 -1.072968801178
   813 -1.072968801192
   814 -1.072968801206
   815 -1.072968801220
   816 -1.072968801233
   817 -1.072968801246
   818 -1.072968801259
   819 -1.072968801271
   820 -1.072968801283
   821 -1.072968801295
   822 -1.072968801306
   823 -1.072968801318
   824 -1.072968801329
   825 -1.072968801339
   826 -1.072968801350
   827 -1.072968801360
   828 -1.072968801370
   829 -1.072968801379
   830 -1.072968801389
   831 -1.072968801398
   832 -1.072968801407
   833 -1.072968801416
   834 -1.072968801424
   835 -1.072968801432
   836 -1.072968801441
   837 -1.072968801448
   838 -1.072968801456
   839 -1.072968801464
   840 -1.072968801471
   841 -1.072968801478
   842 -1.072968801485
   843 -1.072968801492
   844 -1.072968801499
   845 -1.072968801505
   846 -1.072968801512
   847 -1.072968801518
   848 -1.072968801524
   849 -1.072968801530
   850 -1.072968801535
   851 -1.072968801541
   852 -1.072968801547
   853 -1.072968801552
   854 -1.072968801557
   855 -1.072968801562
   856 -1.072968801567
   857 -1.072968801572
   858 -1.072968801577
   859 -1.072968801581
   860 -1.072968801586
   861 -1.072968801590
   862 -1.072968801594
   863 -1.072968801599
   864 -1.072968801603
   865 -1.072968801607
   866 -1.072968801610
   867 -1.072968801614
   868 -1.072968801618
   869 -1.072968801621
   870 -1.072968801625
   871 -1.072968801628
   872 -1.072968801632
   873 -1.072968801635
   874 -1.072968801638
   875 -1.072968801641
   876 -1.072968801644
   877 -1.072968801647
   878 -1.072968801650
   879 -1.072968801653
   880 -1.072968801656
   881 -1.072968801658
   882 -1.072968801661
   883 -1.072968801663
   884 -1.072968801666
   885 -1.072968801668
   886 -1.072968801671
   887 -1.072968801673
   888 -1.072968801675
   889 -1.072968801677
   890 -1.072968801680
   891 -1.072968801682
   892 -1.072968801684
   893 -1.072968801686
   894 -1.072968801688
   895 -1.072968801689
   896 -1.072968801691
   897 -1.072968801693
   898 -1.072968801695
   899 -1.072968801697
   900 -1.072968801698
   901 -1.072968801700
   902 -1.072968801701
   903 -1.072968801703
   904 -1.072968801704
   905 -1.072968801706
   906 -1.072968801707
   907 -1.072968801709
   908 -1.072968801710
   909 -1.072968801712
   910 -1.072968801713
   911 -1.072968801714
   912 -1.072968801715
   913 -1.072968801717
   914 -1.072968801718
   915 -1.072968801719
   916 -1.072968801720
   917 -1.072968801721
   918 -1.072968801722
   919 -1.072968801723
   920 -1.072968801724
   921 -1.072968801725
   922 -1.072968801726
   923 -1.072968801727
   924 -1.072968801728
   925 -1.072968801729
   926 -1.072968801730
   927 -1.072968801731
   928 -1.072968801732
   929 -1.072968801732
   930 -1.072968801733
   931 -1.072968801734
   932 -1.072968801735
   933 -1.072968801735
   934 -1.072968801736
   935 -1.072968801737
   936 -1.072968801737
   937 -1.072968801738
   938 -1.072968801739
   939 -1.072968801739
   940 -1.072968801740
   941 -1.072968801741
   942 -1.072968801741
   943 -1.072968801742
   944 -1.072968801742
   945 -1.072968801743
   946 -1.072968801743
   947 -1.072968801744
   948 -1.072968801745
   949 -1.072968801745
   950 -1.072968801745
   951 -1.072968801746
   952 -1.072968801746
   953 -1.072968801747
   954 -1.072968801747
   955 -1.072968801748
   956 -1.072968801748
   957 -1.072968801749
   958 -1.072968801749
   959 -1.072968801749
   960 -1.072968801750
   961 -1.072968801750
   962 -1.072968801750
   963 -1.072968801751
   964 -1.072968801751
   965 -1.072968801751
   966 -1.072968801752
   967 -1.072968801752
   968 -1.072968801752
   969 -1.072968801753
   970 -1.072968801753
   971 -1.072968801753
   972 -1.072968801754
   973 -1.072968801754
   974 -1.072968801754
   975 -1.072968801754
   976 -1.072968801755
   977 -1.072968801755
   978 -1.072968801755
   979 -1.072968801755
   980 -1.072968801756
   981 -1.072968801756
   982 -1.072968801756
   983 -1.072968801756
   984 -1.072968801756
   985 -1.072968801757
   986 -1.072968801757
   987 -1.072968801757
   988 -1.072968801757
   989 -1.072968801757
   990 -1.072968801758
   991 -1.072968801758
   992 -1.072968801758
   993 -1.072968801758
   994 -1.072968801758
   995 -1.072968801758
   996 -1.072968801759
   997 -1.072968801759
   998 -1.072968801759
   999 -1.072968801759
  1000 -1.072968801759
