     1 -1.038213081478
     2 -1.113374897140
     3 -1.131323437570
     4 -1.140191264926
     5 -1.144240150798
     6 -1.146160434044
     7 -1.147133608046
     8 -1.147652841380
     9 -1.147940970642
    10 -1.148105778973
    11 -1.148202308504
    12 -1.148259913744
    13 -1.148294805510
    14 -1.148316192787
    15 -1.148329428484
    16 -1.148337683420
    17 -1.148342864376
    18 -1.148346132838
    19 -1.148348203469
    20 -1.148349519808
    21 -1.148350358992
    22 -1.148350895272
    23 -1.148351238640
    24 -1.148351458859
    25 -1.148351600289
    26 -1.148351691221
    27 -1.148351749741
    28 -1.148351787439
    29 -1.148351811734
    30 -1.148351827403
    31 -1.148351837515
    32 -1.148351844042
    33 -1.148351848259
    34 -1.148351850982
    35 -1.148351852742
    36 -1.148351853880
    37 -1.148351854615
    38 -1.148351855091
    39 -1.148351855399
    40 -1.148351855598
    41 -1.148351855727
    42 -1.148351855810
    43 -1.148351855864
    44 -1.148351855899
    45 -1.148351855921
    46 -1.148351855936
    47 -1.148351855945
    48 -1.148351855951
    49 -1.148351855955
    50 -1.148351855958
    51 -1.234024708992
    52 -1.131901335197
    53 -1.139679376770
    54 -1.144169275644
    55 -1.146276490263
    56 -1.147280371800
    57 -1.147776034338
    58 -1.148031018672
    59 -1.148167612796
    60 -1.148243501744
    61 -1.148286966349
    62 -1.148312465988
    63 -1.148327702897
    64 -1.148336933478
    65 -1.148342583087
    66 -1.148346067748
    67 -1.148348229885
    68 -1.148349577660
    69 -1.148350420918
    70 -1.148350950160
    71 -1.148351283160
    72 -1.148351493144
    73 -1.148351625826
    74 -1.148351709790
    75 -1.148351763016
    76 -1.148351796795
    77 -1.148351818260
    78 -1.148351831918
    79 -1.148351840615
    80 -1.148351846159
    81 -1.148351849696
    82 -1.148351851954
    83 -1.148351853397
    84 -1.148351854320
    85 -1.148351854910
    86 -1.148351855288
    87 -1.148351855530
    88 -1.148351855685
    89 -1.148351855784
    90 -1.148351855848
    91 -1.148351855889
    92 -1.148351855915
    93 -1.148351855932
    94 -1.148351855943
    95 -1.148351855950
    96 -1.148351855955
    97 -1.148351855958
    98 -1.148351855959
    99 -1.148351855961
   100 -1.148351855961
   101 -1.224376675656
   102 -1.130275105751
   103 -1.139721589376
   104 -1.144379671679
   105 -1.146434532512
   106 -1.147379771422
   107 -1.147836932644
   108 -1.148068855234
   109 -1.148191640101
   110 -1.148259027903
   111 -1.148297106547
   112 -1.148319122630
   113 -1.148332079534
   114 -1.148339809781
   115 -1.148344470684
   116 -1.148347304334
   117 -1.148349038483
   118 -1.148350105463
   119 -1.148350764903
   120 -1.148351174012
   121 -1.148351428652
   122 -1.148351587605
   123 -1.148351687088
   124 -1.148351749491
   125 -1.148351788722
   126 -1.148351813427
   127 -1.148351829016
   128 -1.148351838868
   129 -1.148351845104
   130 -1.148351849057
   131 -1.148351851566
   132 -1.148351853160
   133 -1.148351854175
   134 -1.148351854821
   135 -1.148351855233
   136 -1.148351855496
   137 -1.148351855664
   138 -1.148351855771
   139 -1.148351855840
   140 -1.148351855884
   141 -1.148351855912
   142 -1.148351855930
   143 -1.148351855942
   144 -1.148351855949
   145 -1.148351855954
   146 -1.148351855957
   147 -1.148351855959
   148 -1.148351855960
   149 -1.148351855961
   150 -1.148351855962
   151 -1.232895431404
   152 -1.133444994031
   153 -1.140529526367
   154 -1.144556537566
   155 -1.146434494497
   156 -1.147344723381
   157 -1.147805017029
   158 -1.148046588411
   159 -1.148177484509
   160 -1.148250359077
   161 -1.148291862101
   162 -1.148315946622
   163 -1.148330140704
   164 -1.148338612671
   165 -1.148343722386
   166 -1.148346831048
   167 -1.148348735978
   168 -1.148349910449
   169 -1.148350638297
   170 -1.148351091377
   171 -1.148351374508
   172 -1.148351552040
   173 -1.148351663677
   174 -1.148351734065
   175 -1.148351778548
   176 -1.148351806719
   177 -1.148351824594
   178 -1.148351835954
   179 -1.148351843184
   180 -1.148351847793
   181 -1.148351850733
   182 -1.148351852613
   183 -1.148351853815
   184 -1.148351854585
   185 -1.148351855078
   186 -1.148351855394
   187 -1.148351855597
   188 -1.148351855728
   189 -1.148351855811
   190 -1.148351855865
   191 -1.148351855900
   192 -1.148351855922
   193 -1.148351855937
   194 -1.148351855946
   195 -1.148351855952
   196 -1.148351855956
   197 -1.148351855958
   198 -1.148351855960
   199 -1.148351855961
   200 -1.148351855961
   201 -1.204454221437
   202 -1.128155367814
   203 -1.138999130558
   204 -1.143916378495
   205 -1.146145269450
   206 -1.147213477288
   207 -1.147747670571
   208 -1.148023702693
   209 -1.148170185715
   210 -1.148249675681
   211 -1.148293627841
   212 -1.148318312755
   213 -1.148332357352
   214 -1.148340434569
   215 -1.148345121970
   216 -1.148347863052
   217 -1.148349476537
   218 -1.148350431723
   219 -1.148351000049
   220 -1.148351339721
   221 -1.148351543555
   222 -1.148351666323
   223 -1.148351740518
   224 -1.148351785497
   225 -1.148351812843
   226 -1.148351829514
   227 -1.148351839703
   228 -1.148351845946
   229 -1.148351849779
   230 -1.148351852138
   231 -1.148351853593
   232 -1.148351854492
   233 -1.148351855048
   234 -1.148351855393
   235 -1.148351855607
   236 -1.148351855741
   237 -1.148351855824
   238 -1.148351855876
   239 -1.148351855908
   240 -1.148351855928
   241 -1.148351855941
   242 -1.148351855949
   243 -1.148351855954
   244 -1.148351855957
   245 -1.148351855959
   246 -1.148351855961
   247 -1.148351855961
   248 -1.148351855962
   249 -1.148351855962
   250 -1.148351855962
   251 -1.242775961101
   252 -1.132779141629
   253 -1.140451504404
   254 -1.144356647945
   255 -1.146186470073
   256 -1.147112099528
   257 -1.147614787382
   258 -1.147902857732
   259 -1.148074205489
   260 -1.148178618649
   261 -1.148243199396
   262 -1.148283497097
   263 -1.148308770382
   264 -1.148324666787
   265 -1.148334682393
   266 -1.148340999599
   267 -1.148344987464
   268 -1.148347506770
   269 -1.148349099519
   270 -1.148350107335
   271 -1.148350745573
   272 -1.148351150149
   273 -1.148351406855
   274 -1.148351569916
   275 -1.148351673585
   276 -1.148351739570
   277 -1.148351781611
   278 -1.148351808422
   279 -1.148351825538
   280 -1.148351836477
   281 -1.148351843472
   282 -1.148351847949
   283 -1.148351850818
   284 -1.148351852657
   285 -1.148351853838
   286 -1.148351854596
   287 -1.148351855083
   288 -1.148351855396
   289 -1.148351855598
   290 -1.148351855728
   291 -1.148351855811
   292 -1.148351855865
   293 -1.148351855900
   294 -1.148351855922
   295 -1.148351855936
   296 -1.148351855946
   297 -1.148351855952
   298 -1.148351855956
   299 -1.148351855958
   300 -1.148351855960
   301 -1.233901708847
   302 -1.131722283896
   303 -1.140578208342
   304 -1.144801258777
   305 -1.146667341684
   306 -1.147522931865
   307 -1.147930226955
   308 -1.148130935934
   309 -1.148233031768
   310 -1.148286478746
   311 -1.148315180461
   312 -1.148330939727
   313 -1.148339759440
   314 -1.148344776482
   315 -1.148347670266
   316 -1.148349359352
   317 -1.148350355372
   318 -1.148350947968
   319 -1.148351303266
   320 -1.148351517766
   321 -1.148351648039
   322 -1.148351727598
   323 -1.148351776412
   324 -1.148351806496
   325 -1.148351825111
   326 -1.148351836667
   327 -1.148351843863
   328 -1.148351848360
   329 -1.148351851176
   330 -1.148351852943
   331 -1.148351854055
   332 -1.148351854755
   333 -1.148351855198
   334 -1.148351855477
   335 -1.148351855654
   336 -1.148351855767
   337 -1.148351855838
   338 -1.148351855883
   339 -1.148351855912
   340 -1.148351855930
   341 -1.148351855942
   342 -1.148351855949
   343 -1.148351855954
   344 -1.148351855957
   345 -1.148351855959
   346 -1.148351855960
   347 -1.148351855961
   348 -1.148351855962
   349 -1.148351855962
   350 -1.148351855962
   351 -1.148351855962
   352 -1.148351855963
   353 -1.148351855963
   354 -1.148351855963
   355 -1.148351855963
   356 -1.148351855963
   357 -1.148351855963
   358 -1.148351855963
   359 -1.148351855963
   360 -1.148351855963
   361 -1.148351855963
   362 -1.148351855963
   363 -1.148351855963
   364 -1.148351855963
   365 -1.148351855963
   366 -1.148351855963
   367 -1.148351855963
   368 -1.148351855963
   369 -1.148351855963
   370 -1.148351855963
   371 -1.148351855963
   372 -1.148351855963
   373 -1.148351855963
   374 -1.148351855963
   375 -1.148351855963
   376 -1.148351855963
   377 -1.148351855963
   378 -1.148351855963
   379 -1.148351855963
   380 -1.148351855963
   381 -1.148351855963
   382 -1.148351855963
   383 -1.148351855963
   384 -1.148351855963
   385 -1.148351855963
   386 -1.148351855963
   387 -1.148351855963
   388 -1.148351855963
   389 -1.148351855963
   390 -1.148351855963
   391 -1.148351855963
   392 -1.148351855963
   393 -1.148351855963
   394 -1.148351855963
   395 -1.148351855963
   396 -1.148351855963
   397 -1.148351855963
   398 -1.148351855963
   399 -1.148351855963
   400 -1.148351855963
   401 -1.148351855963
   402 -1.148351855963
   403 -1.148351855963
   404 -1.148351855963
   405 -1.148351855963
   406 -1.148351855963
   407 -1.148351855963
   408 -1.148351855963
   409 -1.148351855963
   410 -1.148351855963
   411 -1.148351855963
   412 -1.148351855963
   413 -1.148351855963
   414 -1.148351855963
   415 -1.148351855963
   416 -1.148351855963
   417 -1.148351855963
   418 -1.148351855963
   419 -1.148351855963
   420 -1.148351855963
   421 -1.148351855963
   422 -1.148351855963
   423 -1.148351855963
   424 -1.148351855963
   425 -1.148351855963
   426 -1.148351855963
   427 -1.148351855963
   428 -1.148351855963
   429 -1.148351855963
   430 -1.148351855963
   431 -1.148351855963
   432 -1.148351855963
   433 -1.148351855963
   434 -1.148351855963
   435 -1.148351855963
   436 -1.148351855963
   437 -1.148351855963
   438 -1.148351855963
   439 -1.148351855963
   440 -1.148351855963
   441 -1.148351855963
   442 -1.148351855963
   443 -1.148351855963
   444 -1.148351855963
   445 -1.148351855963
   446 -1.148351855963
   447 -1.148351855963
   448 -1.148351855963
   449 -1.148351855963
   450 -1.148351855963
   451 -1.148351855963
   452 -1.148351855963
   453 -1.148351855963
   454 -1.148351855963
   455 -1.148351855963
   456 -1.148351855963
   457 -1.148351855963
   458 -1.148351855963
   459 -1.148351855963
   460 -1.148351855963
   461 -1.148351855963
   462 -1.148351855963
   463 -1.148351855963
   464 -1.148351855963
   465 -1.148351855963
   466 -1.148351855963
   467 -1.148351855963
   468 -1.148351855963
   469 -1.148351855963
   470 -1.148351855963
   471 -1.148351855963
   472 -1.148351855963
   473 -1.148351855963
   474 -1.148351855963
   475 -1.148351855963
   476 -1.148351855963
   477 -1.148351855963
   478 -1.148351855963
   479 -1.148351855963
   480 -1.148351855963
   481 -1.148351855963
   482 -1.148351855963
   483 -1.148351855963
   484 -1.148351855963
   485 -1.148351855963
   486 -1.148351855963
   487 -1.148351855963
   488 -1.148351855963
   489 -1.148351855963
   490 -1.148351855963
   491 -1.148351855963
   492 -1.148351855963
   493 -1.148351855963
   494 -1.148351855963
   495 -1.148351855963
   496 -1.148351855963
   497 -1.148351855963
   498 -1.148351855963
   499 -1.148351855963
   500 -1.148351855963
   501 -1.148351855963
   502 -1.148351855963
   503 -1.148351855963
   504 -1.148351855963
   505 -1.148351855963
   506 -1.148351855963
   507 -1.148351855963
   508 -1.148351855963
   509 -1.148351855963
   510 -1.148351855963
   511 -1.148351855963
   512 -1.148351855963
   513 -1.148351855963
   514 -1.148351855963
   515 -1.148351855963
   516 -1.148351855963
   517 -1.148351855963
   518 -1.148351855963
   519 -1.148351855963
   520 -1.148351855963
   521 -1.148351855963
   522 -1.148351855963
   523 -1.148351855963
   524 -1.148351855963
   525 -1.148351855963
   526 -1.148351855963
   527 -1.148351855963
   528 -1.148351855963
   529 -1.148351855963
   530 -1.148351855963
   531 -1.148351855963
   532 -1.148351855963
   533 -1.148351855963
   534 -1.148351855963
   535 -1.148351855963
   536 -1.148351855963
   537 -1.148351855963
   538 -1.148351855963
   539 -1.148351855963
   540 -1.148351855963
   541 -1.148351855963
   542 -1.148351855963
   543 -1.148351855963
   544 -1.148351855963
   545 -1.148351855963
   546 -1.148351855963
   547 -1.148351855963
   548 -1.148351855963
   549 -1.148351855963
   550 -1.148351855963
   551 -1.148351855963
   552 -1.148351855963
   553 -1.148351855963
   554 -1.148351855963
   555 -1.148351855963
   556 -1.148351855963
   557 -1.148351855963
   558 -1.148351855963
   559 -1.148351855963
   560 -1.148351855963
   561 -1.148351855963
   562 -1.148351855963
   563 -1.148351855963
   564 -1.148351855963
   565 -1.148351855963
   566 -1.148351855963
   567 -1.148351855963
   568 -1.148351855963
   569 -1.148351855963
   570 -1.148351855963
   571 -1.148351855963
   572 -1.148351855963
   573 -1.148351855963
   574 -1.148351855963
   575 -1.148351855963
   576 -1.148351855963
   577 -1.148351855963
   578 -1.148351855963
   579 -1.148351855963
   580 -1.148351855963
   581 -1.148351855963
   582 -1.148351855963
   583 -1.148351855963
   584 -1.148351855963
   585 -1.148351855963
   586 -1.148351855963
   587 -1.148351855963
   588 -1.148351855963
   589 -1.148351855963
   590 -1.148351855963
   591 -1.148351855963
   592 -1.148351855963
   593 -1.148351855963
   594 -1.148351855963
   595 -1.148351855963
   596 -1.148351855963
   597 -1.148351855963
   598 -1.148351855963
   599 -1.148351855963
   600 -1.148351855963
   601 -1.148351855963
   602 -1.148351855963
   603 -1.148351855963
   604 -1.148351855963
   605 -1.148351855963
   606 -1.148351855963
   607 -1.148351855963
   608 -1.148351855963
   609 -1.148351855963
   610 -1.148351855963
   611 -1.148351855963
   612 -1.148351855963
   613 -1.148351855963
   614 -1.148351855963
   615 -1.148351855963
   616 -1.148351855963
   617 -1.148351855963
   618 -1.148351855963
   619 -1.148351855963
   620 -1.148351855963
   621 -1.148351855963
   622 -1.148351855963
   623 -1.148351855963
   624 -1.148351855963
   625 -1.148351855963
   626 -1.148351855963
   627 -1.148351855963
   628 -1.148351855963
   629 -1.148351855963
   630 -1.148351855963
   631 -1.148351855963
   632 -1.148351855963
   633 -1.148351855963
   634 -1.148351855963
   635 -1.148351855963
   636 -1.148351855963
   637 -1.148351855963
   638 -1.148351855963
   639 -1.148351855963
   640 -1.148351855963
   641 -1.148351855963
   642 -1.148351855963
   643 -1.148351855963
   644 -1.148351855963
   645 -1.148351855963
   646 -1.148351855963
   647 -1.148351855963
   648 -1.148351855963
   649 -1.148351855963
   650 -1.148351855963
   651 -1.148351855963
   652 -1.148351855963
   653 -1.148351855963
   654 -1.148351855963
   655 -1.148351855963
   656 -1.148351855963
   657 -1.148351855963
   658 -1.148351855963
   659 -1.148351855963
   660 -1.148351855963
   661 -1.148351855963
   662 -1.148351855963
   663 -1.148351855963
   664 -1.148351855963
   665 -1.148351855963
   666 -1.148351855963
   667 -1.148351855963
   668 -1.148351855963
   669 -1.148351855963
   670 -1.148351855963
   671 -1.148351855963
   672 -1.148351855963
   673 -1.148351855963
   674 -1.148351855963
   675 -1.148351855963
   676 -1.148351855963
   677 -1.148351855963
   678 -1.148351855963
   679 -1.148351855963
   680 -1.148351855963
   681 -1.148351855963
   682 -1.148351855963
   683 -1.148351855963
   684 -1.148351855963
   685 -1.148351855963
   686 -1.148351855963
   687 -1.148351855963
   688 -1.148351855963
   689 -1.148351855963
   690 -1.148351855963
   691 -1.148351855963
   692 -1.148351855963
   693 -1.148351855963
   694 -1.148351855963
   695 -1.148351855963
   696 -1.148351855963
   697 -1.148351855963
   698 -1.148351855963
   699 -1.148351855963
   700 -1.148351855963
   701 -1.148351855963
   702 -1.148351855963
   703 -1.148351855963
   704 -1.148351855963
   705 -1.148351855963
   706 -1.148351855963
   707 -1.148351855963
   708 -1.148351855963
   709 -1.148351855963
   710 -1.148351855963
   711 -1.148351855963
   712 -1.148351855963
   713 -1.148351855963
   714 -1.148351855963
   715 -1.148351855963
   716 -1.148351855963
   717 -1.148351855963
   718 -1.148351855963
   719 -1.148351855963
   720 -1.148351855963
   721 -1.148351855963
   722 -1.148351855963
   723 -1.148351855963
   724 -1.148351855963
   725 -1.148351855963
   726 -1.148351855963
   727 -1.148351855963
   728 -1.148351855963
   729 -1.148351855963
   730 -1.148351855963
   731 -1.148351855963
   732 -1.148351855963
   733 -1.148351855963
   734 -1.148351855963
   735 -1.148351855963
   736 -1.148351855963
   737 -1.148351855963
   738 -1.148351855963
   739 -1.148351855963
   740 -1.148351855963
   741 -1.148351855963
   742 -1.148351855963
   743 -1.148351855963
   744 -1.148351855963
   745 -1.148351855963
   746 -1.148351855963
   747 -1.148351855963
   748 -1.148351855963
   749 -1.148351855963
   750 -1.148351855963
   751 -1.148351855963
   752 -1.148351855963
   753 -1.148351855963
   754 -1.148351855963
   755 -1.148351855963
   756 -1.148351855963
   757 -1.148351855963
   758 -1.148351855963
   759 -1.148351855963
   760 -1.148351855963
   761 -1.148351855963
   762 -1.148351855963
   763 -1.148351855963
   764 -1.148351855963
   765 -1.148351855963
   766 -1.148351855963
   767 -1.148351855963
   768 -1.148351855963
   769 -1.148351855963
   770 -1.148351855963
   771 -1.148351855963
   772 -1.148351855963
   773 -1.148351855963
   774 -1.148351855963
   775 -1.148351855963
   776 -1.148351855963
   777 -1.148351855963
   778 -1.148351855963
   779 -1.148351855963
   780 -1.148351855963
   781 -1.148351855963
   782 -1.148351855963
   783 -1.148351855963
   784 -1.148351855963
   785 -1.148351855963
   786 -1.148351855963
   787 -1.148351855963
   788 -1.148351855963
   789 -1.148351855963
   790 -1.148351855963
   791 -1.148351855963
   792 -1.148351855963
   793 -1.148351855963
   794 -1.148351855963
   795 -1.148351855963
   796 -1.148351855963
   797 -1.148351855963
   798 -1.148351855963
   799 -1.148351855963
   800 -1.148351855963
   801 -1.148351855963
   802 -1.148351855963
   803 -1.148351855963
   804 -1.148351855963
   805 -1.148351855963
   806 -1.148351855963
   807 -1.148351855963
   808 -1.148351855963
   809 -1.148351855963
   810 -1.148351855963
   811 -1.148351855963
   812 -1.148351855963
   813 -1.148351855963
   814 -1.148351855963
   815 -1.148351855963
   816 -1.148351855963
   817 -1.148351855963
   818 -1.148351855963
   819 -1.148351855963
   820 -1.148351855963
   821 -1.148351855963
   822 -1.148351855963
   823 -1.148351855963
   824 -1.148351855963
   825 -1.148351855963
   826 -1.148351855963
   827 -1.148351855963
   828 -1.148351855963
   829 -1.148351855963
   830 -1.148351855963
   831 -1.148351855963
   832 -1.148351855963
   833 -1.148351855963
   834 -1.148351855963
   835 -1.148351855963
   836 -1.148351855963
   837 -1.148351855963
   838 -1.148351855963
   839 -1.148351855963
   840 -1.148351855963
   841 -1.148351855963
   842 -1.148351855963
   843 -1.148351855963
   844 -1.148351855963
   845 -1.148351855963
   846 -1.148351855963
   847 -1.148351855963
   848 -1.148351855963
   849 -1.148351855963
   850 -1.148351855963
   851 -1.148351855963
   852 -1.148351855963
   853 -1.148351855963
   854 -1.148351855963
   855 -1.148351855963
   856 -1.148351855963
   857 -1.148351855963
   858 -1.148351855963
   859 -1.148351855963
   860 -1.148351855963
   861 -1.148351855963
   862 -1.148351855963
   863 -1.148351855963
   864 -1.148351855963
   865 -1.148351855963
   866 -1.148351855963
   867 -1.148351855963
   868 -1.148351855963
   869 -1.148351855963
   870 -1.148351855963
   871 -1.148351855963
   872 -1.148351855963
   873 -1.148351855963
   874 -1.148351855963
   875 -1.148351855963
   876 -1.148351855963
   877 -1.148351855963
   878 -1.148351855963
   879 -1.148351855963
   880 -1.148351855963
   881 -1.148351855963
   882 -1.148351855963
   883 -1.148351855963
   884 -1.148351855963
   885 -1.148351855963
   886 -1.148351855963
   887 -1.148351855963
   888 -1.148351855963
   889 -1.148351855963
   890 -1.148351855963
   891 -1.148351855963
   892 -1.148351855963
   893 -1.148351855963
   894 -1.148351855963
   895 -1.148351855963
   896 -1.148351855963
   897 -1.148351855963
   898 -1.148351855963
   899 -1.148351855963
   900 -1.148351855963
   901 -1.148351855963
   902 -1.148351855963
   903 -1.148351855963
   904 -1.148351855963
   905 -1.148351855963
   906 -1.148351855963
   907 -1.148351855963
   908 -1.148351855963
   909 -1.148351855963
   910 -1.148351855963
   911 -1.148351855963
   912 -1.148351855963
   913 -1.148351855963
   914 -1.148351855963
   915 -1.148351855963
   916 -1.148351855963
   917 -1.148351855963
   918 -1.148351855963
   919 -1.148351855963
   920 -1.148351855963
   921 -1.148351855963
   922 -1.148351855963
   923 -1.148351855963
   924 -1.148351855963
   925 -1.148351855963
   926 -1.148351855963
   927 -1.148351855963
   928 -1.148351855963
   929 -1.148351855963
   930 -1.148351855963
   931 -1.148351855963
   932 -1.148351855963
   933 -1.148351855963
   934 -1.148351855963
   935 -1.148351855963
   936 -1.148351855963
   937 -1.148351855963
   938 -1.148351855963
   939 -1.148351855963
   940 -1.148351855963
   941 -1.148351855963
   942 -1.148351855963
   943 -1.148351855963
   944 -1.148351855963
   945 -1.148351855963
   946 -1.148351855963
   947 -1.148351855963
   948 -1.148351855963
   949 -1.148351855963
   950 -1.148351855963
   951 -1.148351855963
   952 -1.148351855963
   953 -1.148351855963
   954 -1.148351855963
   955 -1.148351855963
   956 -1.148351855963
   957 -1.148351855963
   958 -1.148351855963
   959 -1.148351855963
   960 -1.148351855963
   961 -1.148351855963
   962 -1.148351855963
   963 -1.148351855963
   964 -1.148351855963
   965 -1.148351855963
   966 -1.148351855963
   967 -1.148351855963
   968 -1.148351855963
   969 -1.148351855963
   970 -1.148351855963
   971 -1.148351855963
   972 -1.148351855963
   973 -1.148351855963
   974 -1.148351855963
   975 -1.148351855963
   976 -1.148351855963
   977 -1.148351855963
   978 -1.148351855963
   979 -1.148351855963
   980 -1.148351855963
   981 -1.148351855963
   982 -1.148351855963
   983 -1.148351855963
   984 -1.148351855963
   985 -1.148351855963
   986 -1.148351855963
   987 -1.148351855963
   988 -1.148351855963
   989 -1.148351855963
   990 -1.148351855963
   991 -1.148351855963
   992 -1.148351855963
   993 -1.148351855963
   994 -1.148351855963
   995 -1.148351855963
   996 -1.148351855963
   997 -1.148351855963
   998 -1.148351855963
   999 -1.148351855963
  1000 -1.148351855963
  1001 -1.148351855963
  1002 -1.148351855963
  1003 -1.148351855963
  1004 -1.148351855963
  1005 -1.148351855963
  1006 -1.148351855963
  1007 -1.148351855963
  1008 -1.148351855963
  1009 -1.148351855963
  1010 -1.148351855963
  1011 -1.148351855963
  1012 -1.148351855963
  1013 -1.148351855963
  1014 -1.148351855963
  1015 -1.148351855963
  1016 -1.148351855963
  1017 -1.148351855963
  1018 -1.148351855963
  1019 -1.148351855963
  1020 -1.148351855963
  1021 -1.148351855963
  1022 -1.148351855963
  1023 -1.148351855963
  1024 -1.148351855963
  1025 -1.148351855963
  1026 -1.148351855963
  1027 -1.148351855963
  1028 -1.148351855963
  1029 -1.148351855963
  1030 -1.148351855963
  1031 -1.148351855963
  1032 -1.148351855963
  1033 -1.148351855963
  1034 -1.148351855963
  1035 -1.148351855963
  1036 -1.148351855963
  1037 -1.148351855963
  1038 -1.148351855963
  1039 -1.148351855963
  1040 -1.148351855963
  1041 -1.148351855963
  1042 -1.148351855963
  1043 -1.148351855963
  1044 -1.148351855963
  1045 -1.148351855963
  1046 -1.148351855963
  1047 -1.148351855963
  1048 -1.148351855963
  1049 -1.148351855963
  1050 -1.148351855963
  1051 -1.148351855963
  1052 -1.148351855963
  1053 -1.148351855963
  1054 -1.148351855963
  1055 -1.148351855963
  1056 -1.148351855963
  1057 -1.148351855963
  1058 -1.148351855963
  1059 -1.148351855963
  1060 -1.148351855963
  1061 -1.148351855963
  1062 -1.148351855963
  1063 -1.148351855963
  1064 -1.148351855963
  1065 -1.148351855963
  1066 -1.148351855963
  1067 -1.148351855963
  1068 -1.148351855963
  1069 -1.148351855963
  1070 -1.148351855963
  1071 -1.148351855963
  1072 -1.148351855963
  1073 -1.148351855963
  1074 -1.148351855963
  1075 -1.148351855963
  1076 -1.148351855963
  1077 -1.148351855963
  1078 -1.148351855963
  1079 -1.148351855963
  1080 -1.148351855963
  1081 -1.148351855963
  1082 -1.148351855963
  1083 -1.148351855963
  1084 -1.148351855963
  1085 -1.148351855963
  1086 -1.148351855963
  1087 -1.148351855963
  1088 -1.148351855963
  1089 -1.148351855963
  1090 -1.148351855963
  1091 -1.148351855963
  1092 -1.148351855963
  1093 -1.148351855963
  1094 -1.148351855963
  1095 -1.148351855963
  1096 -1.148351855963
  1097 -1.148351855963
  1098 -1.148351855963
  1099 -1.148351855963
  1100 -1.148351855963
  1101 -1.148351855963
  1102 -1.148351855963
  1103 -1.148351855963
  1104 -1.148351855963
  1105 -1.148351855963
  1106 -1.148351855963
  1107 -1.148351855963
  1108 -1.148351855963
  1109 -1.148351855963
  1110 -1.148351855963
  1111 -1.148351855963
  1112 -1.148351855963
  1113 -1.148351855963
  1114 -1.148351855963
  1115 -1.148351855963
  1116 -1.148351855963
  1117 -1.148351855963
  1118 -1.148351855963
  1119 -1.148351855963
  1120 -1.148351855963
  1121 -1.148351855963
  1122 -1.148351855963
  1123 -1.148351855963
  1124 -1.148351855963
  1125 -1.148351855963
  1126 -1.148351855963
  1127 -1.148351855963
  1128 -1.148351855963
  1129 -1.148351855963
  1130 -1.148351855963
  1131 -1.148351855963
  1132 -1.148351855963
  1133 -1.148351855963
  1134 -1.148351855963
  1135 -1.148351855963
  1136 -1.148351855963
  1137 -1.148351855963
  1138 -1.148351855963
  1139 -1.148351855963
  1140 -1.148351855963
  1141 -1.148351855963
  1142 -1.148351855963
  1143 -1.148351855963
  1144 -1.148351855963
  1145 -1.148351855963
  1146 -1.148351855963
  1147 -1.148351855963
  1148 -1.148351855963
  1149 -1.148351855963
  1150 -1.148351855963
  1151 -1.148351855963
  1152 -1.148351855963
  1153 -1.148351855963
  1154 -1.148351855963
  1155 -1.148351855963
  1156 -1.148351855963
  1157 -1.148351855963
  1158 -1.148351855963
  1159 -1.148351855963
  1160 -1.148351855963
  1161 -1.148351855963
  1162 -1.148351855963
  1163 -1.148351855963
  1164 -1.148351855963
  1165 -1.148351855963
  1166 -1.148351855963
  1167 -1.148351855963
  1168 -1.148351855963
  1169 -1.148351855963
  1170 -1.148351855963
  1171 -1.148351855963
  1172 -1.148351855963
  1173 -1.148351855963
  1174 -1.148351855963
  1175 -1.148351855963
  1176 -1.148351855963
  1177 -1.148351855963
  1178 -1.148351855963
  1179 -1.148351855963
  1180 -1.148351855963
  1181 -1.148351855963
  1182 -1.148351855963
  1183 -1.148351855963
  1184 -1.148351855963
  1185 -1.148351855963
  1186 -1.148351855963
  1187 -1.148351855963
  1188 -1.148351855963
  1189 -1.148351855963
  1190 -1.148351855963
  1191 -1.148351855963
  1192 -1.148351855963
  1193 -1.148351855963
  1194 -1.148351855963
  1195 -1.148351855963
  1196 -1.148351855963
  1197 -1.148351855963
  1198 -1.148351855963
  1199 -1.148351855963
  1200 -1.148351855963
  1201 -1.148351855963
  1202 -1.148351855963
  1203 -1.148351855963
  1204 -1.148351855963
  1205 -1.148351855963
  1206 -1.148351855963
  1207 -1.148351855963
  1208 -1.148351855963
  1209 -1.148351855963
  1210 -1.148351855963
  1211 -1.148351855963
  1212 -1.148351855963
  1213 -1.148351855963
  1214 -1.148351855963
  1215 -1.148351855963
  1216 -1.148351855963
  1217 -1.148351855963
  1218 -1.148351855963
  1219 -1.148351855963
  1220 -1.148351855963
  1221 -1.148351855963
  1222 -1.148351855963
  1223 -1.148351855963
  1224 -1.148351855963
  1225 -1.148351855963
  1226 -1.148351855963
  1227 -1.148351855963
  1228 -1.148351855963
  1229 -1.148351855963
  1230 -1.148351855963
  1231 -1.148351855963
  1232 -1.148351855963
  1233 -1.148351855963
  1234 -1.148351855963
  1235 -1.148351855963
  1236 -1.148351855963
  1237 -1.148351855963
  1238 -1.148351855963
  1239 -1.148351855963
  1240 -1.148351855963
  1241 -1.148351855963
  1242 -1.148351855963
  1243 -1.148351855963
  1244 -1.148351855963
  1245 -1.148351855963
  1246 -1.148351855963
  1247 -1.148351855963
  1248 -1.148351855963
  1249 -1.148351855963
  1250 -1.148351855963
  1251 -1.148351855963
  1252 -1.148351855963
  1253 -1.148351855963
  1254 -1.148351855963
  1255 -1.148351855963
  1256 -1.148351855963
  1257 -1.148351855963
  1258 -1.148351855963
  1259 -1.148351855963
  1260 -1.148351855963
  1261 -1.148351855963
  1262 -1.148351855963
  1263 -1.148351855963
  1264 -1.148351855963
  1265 -1.148351855963
  1266 -1.148351855963
  1267 -1.148351855963
  1268 -1.148351855963
  1269 -1.148351855963
  1270 -1.148351855963
  1271 -1.148351855963
  1272 -1.148351855963
  1273 -1.148351855963
  1274 -1.148351855963
  1275 -1.148351855963
  1276 -1.148351855963
  1277 -1.148351855963
  1278 -1.148351855963
  1279 -1.148351855963
  1280 -1.148351855963
  1281 -1.148351855963
  1282 -1.148351855963
  1283 -1.148351855963
  1284 -1.148351855963
  1285 -1.148351855963
  1286 -1.148351855963
  1287 -1.148351855963
  1288 -1.148351855963
  1289 -1.148351855963
  1290 -1.148351855963
  1291 -1.148351855963
  1292 -1.148351855963
  1293 -1.148351855963
  1294 -1.148351855963
  1295 -1.148351855963
  1296 -1.148351855963
  1297 -1.148351855963
  1298 -1.148351855963
  1299 -1.148351855963
  1300 -1.148351855963
  1301 -1.148351855963
  1302 -1.148351855963
  1303 -1.148351855963
  1304 -1.148351855963
  1305 -1.148351855963
  1306 -1.148351855963
  1307 -1.148351855963
  1308 -1.148351855963
  1309 -1.148351855963
  1310 -1.148351855963
  1311 -1.148351855963
  1312 -1.148351855963
  1313 -1.148351855963
  1314 -1.148351855963
  1315 -1.148351855963
  1316 -1.148351855963
  1317 -1.148351855963
  1318 -1.148351855963
  1319 -1.148351855963
  1320 -1.148351855963
  1321 -1.148351855963
  1322 -1.148351855963
  1323 -1.148351855963
  1324 -1.148351855963
  1325 -1.148351855963
  1326 -1.148351855963
  1327 -1.148351855963
  1328 -1.148351855963
  1329 -1.148351855963
  1330 -1.148351855963
  1331 -1.148351855963
  1332 -1.148351855963
  1333 -1.148351855963
  1334 -1.148351855963
  1335 -1.148351855963
  1336 -1.148351855963
  1337 -1.148351855963
  1338 -1.148351855963
  1339 -1.148351855963
  1340 -1.148351855963
  1341 -1.148351855963
  1342 -1.148351855963
  1343 -1.148351855963
  1344 -1.148351855963
  1345 -1.148351855963
  1346 -1.148351855963
  1347 -1.148351855963
  1348 -1.148351855963
  1349 -1.148351855963
  1350 -1.148351855963
  1351 -1.148351855963
  1352 -1.148351855963
  1353 -1.148351855963
  1354 -1.148351855963
  1355 -1.148351855963
  1356 -1.148351855963
  1357 -1.148351855963
  1358 -1.148351855963
  1359 -1.148351855963
  1360 -1.148351855963
  1361 -1.148351855963
  1362 -1.148351855963
  1363 -1.148351855963
  1364 -1.148351855963
  1365 -1.148351855963
  1366 -1.148351855963
  1367 -1.148351855963
  1368 -1.148351855963
  1369 -1.148351855963
  1370 -1.148351855963
  1371 -1.148351855963
  1372 -1.148351855963
  1373 -1.148351855963
  1374 -1.148351855963
  1375 -1.148351855963
  1376 -1.148351855963
  1377 -1.148351855963
  1378 -1.148351855963
  1379 -1.148351855963
  1380 -1.148351855963
  1381 -1.148351855963
  1382 -1.148351855963
  1383 -1.148351855963
  1384 -1.148351855963
  1385 -1.148351855963
  1386 -1.148351855963
  1387 -1.148351855963
  1388 -1.148351855963
  1389 -1.148351855963
  1390 -1.148351855963
  1391 -1.148351855963
  1392 -1.148351855963
  1393 -1.148351855963
  1394 -1.148351855963
  1395 -1.148351855963
  1396 -1.148351855963
  1397 -1.148351855963
  1398 -1.148351855963
  1399 -1.148351855963
  1400 -1.148351855963
  1401 -1.148351855963
  1402 -1.148351855963
  1403 -1.148351855963
  1404 -1.148351855963
  1405 -1.148351855963
  1406 -1.148351855963
  1407 -1.148351855963
  1408 -1.148351855963
  1409 -1.148351855963
  1410 -1.148351855963
  1411 -1.148351855963
  1412 -1.148351855963
  1413 -1.148351855963
  1414 -1.148351855963
  1415 -1.148351855963
  1416 -1.148351855963
  1417 -1.148351855963
  1418 -1.148351855963
  1419 -1.148351855963
  1420 -1.148351855963
  1421 -1.148351855963
  1422 -1.148351855963
  1423 -1.148351855963
  1424 -1.148351855963
  1425 -1.148351855963
  1426 -1.148351855963
  1427 -1.148351855963
  1428 -1.148351855963
  1429 -1.148351855963
  1430 -1.148351855963
  1431 -1.148351855963
  1432 -1.148351855963
  1433 -1.148351855963
  1434 -1.148351855963
  1435 -1.148351855963
  1436 -1.148351855963
  1437 -1.148351855963
  1438 -1.148351855963
  1439 -1.148351855963
  1440 -1.148351855963
  1441 -1.148351855963
  1442 -1.148351855963
  1443 -1.148351855963
  1444 -1.148351855963
  1445 -1.148351855963
  1446 -1.148351855963
  1447 -1.148351855963
  1448 -1.148351855963
  1449 -1.148351855963
  1450 -1.148351855963
  1451 -1.148351855963
  1452 -1.148351855963
  1453 -1.148351855963
  1454 -1.148351855963
  1455 -1.148351855963
  1456 -1.148351855963
  1457 -1.148351855963
  1458 -1.148351855963
  1459 -1.148351855963
  1460 -1.148351855963
  1461 -1.148351855963
  1462 -1.148351855963
  1463 -1.148351855963
  1464 -1.148351855963
  1465 -1.148351855963
  1466 -1.148351855963
  1467 -1.148351855963
  1468 -1.148351855963
  1469 -1.148351855963
  1470 -1.148351855963
  1471 -1.148351855963
  1472 -1.148351855963
  1473 -1.148351855963
  1474 -1.148351855963
  1475 -1.148351855963
  1476 -1.148351855963
  1477 -1.148351855963
  1478 -1.148351855963
  1479 -1.148351855963
  1480 -1.148351855963
  1481 -1.148351855963
  1482 -1.148351855963
  1483 -1.148351855963
  1484 -1.148351855963
  1485 -1.148351855963
  1486 -1.148351855963
  1487 -1.148351855963
  1488 -1.148351855963
  1489 -1.148351855963
  1490 -1.148351855963
  1491 -1.148351855963
  1492 -1.148351855963
  1493 -1.148351855963
  1494 -1.148351855963
  1495 -1.148351855963
  1496 -1.148351855963
  1497 -1.148351855963
  1498 -1.148351855963
  1499 -1.148351855963
  1500 -1.148351855963
  1501 -1.148351855963
  1502 -1.148351855963
  1503 -1.148351855963
  1504 -1.148351855963
  1505 -1.148351855963
  1506 -1.148351855963
  1507 -1.148351855963
  1508 -1.148351855963
  1509 -1.148351855963
  1510 -1.148351855963
  1511 -1.148351855963
  1512 -1.148351855963
  1513 -1.148351855963
  1514 -1.148351855963
  1515 -1.148351855963
  1516 -1.148351855963
  1517 -1.148351855963
  1518 -1.148351855963
  1519 -1.148351855963
  1520 -1.148351855963
  1521 -1.148351855963
  1522 -1.148351855963
  1523 -1.148351855963
  1524 -1.148351855963
  1525 -1.148351855963
  1526 -1.148351855963
  1527 -1.148351855963
  1528 -1.148351855963
  1529 -1.148351855963
  1530 -1.148351855963
  1531 -1.148351855963
  1532 -1.148351855963
  1533 -1.148351855963
  1534 -1.148351855963
  1535 -1.148351855963
  1536 -1.148351855963
  1537 -1.148351855963
  1538 -1.148351855963
  1539 -1.148351855963
  1540 -1.148351855963
  1541 -1.148351855963
  1542 -1.148351855963
  1543 -1.148351855963
  1544 -1.148351855963
  1545 -1.148351855963
  1546 -1.148351855963
  1547 -1.148351855963
  1548 -1.148351855963
  1549 -1.148351855963
  1550 -1.148351855963
  1551 -1.148351855963
  1552 -1.148351855963
  1553 -1.148351855963
  1554 -1.148351855963
  1555 -1.148351855963
  1556 -1.148351855963
  1557 -1.148351855963
  1558 -1.148351855963
  1559 -1.148351855963
  1560 -1.148351855963
  1561 -1.148351855963
  1562 -1.148351855963
  1563 -1.148351855963
  1564 -1.148351855963
  1565 -1.148351855963
  1566 -1.148351855963
  1567 -1.148351855963
  1568 -1.148351855963
  1569 -1.148351855963
  1570 -1.148351855963
  1571 -1.148351855963
  1572 -1.148351855963
  1573 -1.148351855963
  1574 -1.148351855963
  1575 -1.148351855963
  1576 -1.148351855963
  1577 -1.148351855963
  1578 -1.148351855963
  1579 -1.148351855963
  1580 -1.148351855963
  1581 -1.148351855963
  1582 -1.148351855963
  1583 -1.148351855963
  1584 -1.148351855963
  1585 -1.148351855963
  1586 -1.148351855963
  1587 -1.148351855963
  1588 -1.148351855963
  1589 -1.148351855963
  1590 -1.148351855963
  1591 -1.148351855963
  1592 -1.148351855963
  1593 -1.148351855963
  1594 -1.148351855963
  1595 -1.148351855963
  1596 -1.148351855963
  1597 -1.148351855963
  1598 -1.148351855963
  1599 -1.148351855963
  1600 -1.148351855963
  1601 -1.148351855963
  1602 -1.148351855963
  1603 -1.148351855963
  1604 -1.148351855963
  1605 -1.148351855963
  1606 -1.148351855963
  1607 -1.148351855963
  1608 -1.148351855963
  1609 -1.148351855963
  1610 -1.148351855963
  1611 -1.148351855963
  1612 -1.148351855963
  1613 -1.148351855963
  1614 -1.148351855963
  1615 -1.148351855963
  1616 -1.148351855963
  1617 -1.148351855963
  1618 -1.148351855963
  1619 -1.148351855963
  1620 -1.148351855963
  1621 -1.148351855963
  1622 -1.148351855963
  1623 -1.148351855963
  1624 -1.148351855963
  1625 -1.148351855963
  1626 -1.148351855963
  1627 -1.148351855963
  1628 -1.148351855963
  1629 -1.148351855963
  1630 -1.148351855963
  1631 -1.148351855963
  1632 -1.148351855963
  1633 -1.148351855963
  1634 -1.148351855963
  1635 -1.148351855963
  1636 -1.148351855963
  1637 -1.148351855963
  1638 -1.148351855963
  1639 -1.148351855963
  1640 -1.148351855963
  1641 -1.148351855963
  1642 -1.148351855963
  1643 -1.148351855963
  1644 -1.148351855963
  1645 -1.148351855963
  1646 -1.148351855963
  1647 -1.148351855963
  1648 -1.148351855963
  1649 -1.148351855963
  1650 -1.148351855963
  1651 -1.148351855963
  1652 -1.148351855963
  1653 -1.148351855963
  1654 -1.148351855963
  1655 -1.148351855963
  1656 -1.148351855963
  1657 -1.148351855963
  1658 -1.148351855963
  1659 -1.148351855963
  1660 -1.148351855963
  1661 -1.148351855963
  1662 -1.148351855963
  1663 -1.148351855963
  1664 -1.148351855963
  1665 -1.148351855963
  1666 -1.148351855963
  1667 -1.148351855963
  1668 -1.148351855963
  1669 -1.148351855963
  1670 -1.148351855963
  1671 -1.148351855963
  1672 -1.148351855963
  1673 -1.148351855963
  1674 -1.148351855963
  1675 -1.148351855963
  1676 -1.148351855963
  1677 -1.148351855963
  1678 -1.148351855963
  1679 -1.148351855963
  1680 -1.148351855963
  1681 -1.148351855963
  1682 -1.148351855963
  1683 -1.148351855963
  1684 -1.148351855963
  1685 -1.148351855963
  1686 -1.148351855963
  1687 -1.148351855963
  1688 -1.148351855963
  1689 -1.148351855963
  1690 -1.148351855963
  1691 -1.148351855963
  1692 -1.148351855963
  1693 -1.148351855963
  1694 -1.148351855963
  1695 -1.148351855963
  1696 -1.148351855963
  1697 -1.148351855963
  1698 -1.148351855963
  1699 -1.148351855963
  1700 -1.148351855963
  1701 -1.148351855963
  1702 -1.148351855963
  1703 -1.148351855963
  1704 -1.148351855963
  1705 -1.148351855963
  1706 -1.148351855963
  1707 -1.148351855963
  1708 -1.148351855963
  1709 -1.148351855963
  1710 -1.148351855963
  1711 -1.148351855963
  1712 -1.148351855963
  1713 -1.148351855963
  1714 -1.148351855963
  1715 -1.148351855963
  1716 -1.148351855963
  1717 -1.148351855963
  1718 -1.148351855963
  1719 -1.148351855963
  1720 -1.148351855963
  1721 -1.148351855963
  1722 -1.148351855963
  1723 -1.148351855963
  1724 -1.148351855963
  1725 -1.148351855963
  1726 -1.148351855963
  1727 -1.148351855963
  1728 -1.148351855963
  1729 -1.148351855963
  1730 -1.148351855963
  1731 -1.148351855963
  1732 -1.148351855963
  1733 -1.148351855963
  1734 -1.148351855963
  1735 -1.148351855963
  1736 -1.148351855963
  1737 -1.148351855963
  1738 -1.148351855963
  1739 -1.148351855963
  1740 -1.148351855963
  1741 -1.148351855963
  1742 -1.148351855963
  1743 -1.148351855963
  1744 -1.148351855963
  1745 -1.148351855963
  1746 -1.148351855963
  1747 -1.148351855963
  1748 -1.148351855963
  1749 -1.148351855963
  1750 -1.148351855963
  1751 -1.148351855963
  1752 -1.148351855963
  1753 -1.148351855963
  1754 -1.148351855963
  1755 -1.148351855963
  1756 -1.148351855963
  1757 -1.148351855963
  1758 -1.148351855963
  1759 -1.148351855963
  1760 -1.148351855963
  1761 -1.148351855963
  1762 -1.148351855963
  1763 -1.148351855963
  1764 -1.148351855963
  1765 -1.148351855963
  1766 -1.148351855963
  1767 -1.148351855963
  1768 -1.148351855963
  1769 -1.148351855963
  1770 -1.148351855963
  1771 -1.148351855963
  1772 -1.148351855963
  1773 -1.148351855963
  1774 -1.148351855963
  1775 -1.148351855963
  1776 -1.148351855963
  1777 -1.148351855963
  1778 -1.148351855963
  1779 -1.148351855963
  1780 -1.148351855963
  1781 -1.148351855963
  1782 -1.148351855963
  1783 -1.148351855963
  1784 -1.148351855963
  1785 -1.148351855963
  1786 -1.148351855963
  1787 -1.148351855963
  1788 -1.148351855963
  1789 -1.148351855963
  1790 -1.148351855963
  1791 -1.148351855963
  1792 -1.148351855963
  1793 -1.148351855963
  1794 -1.148351855963
  1795 -1.148351855963
  1796 -1.148351855963
  1797 -1.148351855963
  1798 -1.148351855963
  1799 -1.148351855963
  1800 -1.148351855963
  1801 -1.148351855963
  1802 -1.148351855963
  1803 -1.148351855963
  1804 -1.148351855963
  1805 -1.148351855963
  1806 -1.148351855963
  1807 -1.148351855963
  1808 -1.148351855963
  1809 -1.148351855963
  1810 -1.148351855963
  1811 -1.148351855963
  1812 -1.148351855963
  1813 -1.148351855963
  1814 -1.148351855963
  1815 -1.148351855963
  1816 -1.148351855963
  1817 -1.148351855963
  1818 -1.148351855963
  1819 -1.148351855963
  1820 -1.148351855963
  1821 -1.148351855963
  1822 -1.148351855963
  1823 -1.148351855963
  1824 -1.148351855963
  1825 -1.148351855963
  1826 -1.148351855963
  1827 -1.148351855963
  1828 -1.148351855963
  1829 -1.148351855963
  1830 -1.148351855963
  1831 -1.148351855963
  1832 -1.148351855963
  1833 -1.148351855963
  1834 -1.148351855963
  1835 -1.148351855963
  1836 -1.148351855963
  1837 -1.148351855963
  1838 -1.148351855963
  1839 -1.148351855963
  1840 -1.148351855963
  1841 -1.148351855963
  1842 -1.148351855963
  1843 -1.148351855963
  1844 -1.148351855963
  1845 -1.148351855963
  1846 -1.148351855963
  1847 -1.148351855963
  1848 -1.148351855963
  1849 -1.148351855963
  1850 -1.148351855963
  1851 -1.148351855963
  1852 -1.148351855963
  1853 -1.148351855963
  1854 -1.148351855963
  1855 -1.148351855963
  1856 -1.148351855963
  1857 -1.148351855963
  1858 -1.148351855963
  1859 -1.148351855963
  1860 -1.148351855963
  1861 -1.148351855963
  1862 -1.148351855963
  1863 -1.148351855963
  1864 -1.148351855963
  1865 -1.148351855963
  1866 -1.148351855963
  1867 -1.148351855963
  1868 -1.148351855963
  1869 -1.148351855963
  1870 -1.148351855963
  1871 -1.148351855963
  1872 -1.148351855963
  1873 -1.148351855963
  1874 -1.148351855963
  1875 -1.148351855963
  1876 -1.148351855963
  1877 -1.148351855963
  1878 -1.148351855963
  1879 -1.148351855963
  1880 -1.148351855963
  1881 -1.148351855963
  1882 -1.148351855963
  1883 -1.148351855963
  1884 -1.148351855963
  1885 -1.148351855963
  1886 -1.148351855963
  1887 -1.148351855963
  1888 -1.148351855963
  1889 -1.148351855963
  1890 -1.148351855963
  1891 -1.148351855963
  1892 -1.148351855963
  1893 -1.148351855963
  1894 -1.148351855963
  1895 -1.148351855963
  1896 -1.148351855963
  1897 -1.148351855963
  1898 -1.148351855963
  1899 -1.148351855963
  1900 -1.148351855963
  1901 -1.148351855963
  1902 -1.148351855963
  1903 -1.148351855963
  1904 -1.148351855963
  1905 -1.148351855963
  1906 -1.148351855963
  1907 -1.148351855963
  1908 -1.148351855963
  1909 -1.148351855963
  1910 -1.148351855963
  1911 -1.148351855963
  1912 -1.148351855963
  1913 -1.148351855963
  1914 -1.148351855963
  1915 -1.148351855963
  1916 -1.148351855963
  1917 -1.148351855963
  1918 -1.148351855963
  1919 -1.148351855963
  1920 -1.148351855963
  1921 -1.148351855963
  1922 -1.148351855963
  1923 -1.148351855963
  1924 -1.148351855963
  1925 -1.148351855963
  1926 -1.148351855963
  1927 -1.148351855963
  1928 -1.148351855963
  1929 -1.148351855963
  1930 -1.148351855963
  1931 -1.148351855963
  1932 -1.148351855963
  1933 -1.148351855963
  1934 -1.148351855963
  1935 -1.148351855963
  1936 -1.148351855963
  1937 -1.148351855963
  1938 -1.148351855963
  1939 -1.148351855963
  1940 -1.148351855963
  1941 -1.148351855963
  1942 -1.148351855963
  1943 -1.148351855963
  1944 -1.148351855963
  1945 -1.148351855963
  1946 -1.148351855963
  1947 -1.148351855963
  1948 -1.148351855963
  1949 -1.148351855963
  1950 -1.148351855963
  1951 -1.148351855963
  1952 -1.148351855963
  1953 -1.148351855963
  1954 -1.148351855963
  1955 -1.148351855963
  1956 -1.148351855963
  1957 -1.148351855963
  1958 -1.148351855963
  1959 -1.148351855963
  1960 -1.148351855963
  1961 -1.148351855963
  1962 -1.148351855963
  1963 -1.148351855963
  1964 -1.148351855963
  1965 -1.148351855963
  1966 -1.148351855963
  1967 -1.148351855963
  1968 -1.148351855963
  1969 -1.148351855963
  1970 -1.148351855963
  1971 -1.148351855963
  1972 -1.148351855963
  1973 -1.148351855963
  1974 -1.148351855963
  1975 -1.148351855963
  1976 -1.148351855963
  1977 -1.148351855963
  1978 -1.148351855963
  1979 -1.148351855963
  1980 -1.148351855963
  1981 -1.148351855963
  1982 -1.148351855963
  1983 -1.148351855963
  1984 -1.148351855963
  1985 -1.148351855963
  1986 -1.148351855963
  1987 -1.148351855963
  1988 -1.148351855963
  1989 -1.148351855963
  1990 -1.148351855963
  1991 -1.148351855963
  1992 -1.148351855963
  1993 -1.148351855963
  1994 -1.148351855963
  1995 -1.148351855963
  1996 -1.148351855963
  1997 -1.148351855963
  1998 -1.148351855963
  1999 -1.148351855963
  2000 -1.148351855963
