     1 -0.897959165266
     2 -0.967251123599
     3 -0.979594007526
     4 -0.985142410827
     5 -0.987845500788
     6 -0.989122743175
     7 -0.989729141970
     8 -0.990031754056
     9 -0.990193842238
    10 -0.990288934615
    11 -0.990351129834
    12 -0.990396713627
    13 -0.990433697662
    14 -0.990466150143
    15 -0.990496210449
    16 -0.990525045149
    17 -0.990553309538
    18 -0.990581374341
    19 -0.990609439459
    20 -0.990637593093
    21 -0.990665844404
    22 -0.990694143446
    23 -0.990722395280
    24 -0.990750471512
    25 -0.990778220808
    26 -0.990805478908
    27 -0.990832078175
    28 -0.990857856414
    29 -0.990882664635
    30 -0.990906373362
    31 -0.990928877225
    32 -0.990950097766
    33 -0.990969984378
    34 -0.990988513629
    35 -0.991005687199
    36 -0.991021528860
    37 -0.991036080810
    38 -0.991049399733
    39 -0.991061552954
    40 -0.991072614826
    41 -0.991082663560
    42 -0.991091778572
    43 -0.991100038349
    44 -0.991107518834
    45 -0.991114292258
    46 -0.991120426384
    47 -0.991125984051
    48 -0.991131022998
    49 -0.991135595861
    50 -0.991139750325
    51 -1.099455837273
    52 -0.977699859300
    53 -0.980257709702
    54 -0.984013533207
    55 -0.986432326756
    56 -0.987972654297
    57 -0.988987654663
    58 -0.989658167982
    59 -0.990104209757
    60 -0.990402747042
    61 -0.990605088446
    62 -0.990744740581
    63 -0.990843263536
    64 -0.990914454085
    65 -0.990967157169
    66 -0.991007084863
    67 -0.991037970517
    68 -0.991062295684
    69 -0.991081745430
    70 -0.991097492545
    71 -0.991110374739
    72 -0.991121005651
    73 -0.991129845147
    74 -0.991137244625
    75 -0.991143476921
    76 -0.991148756593
    77 -0.991153254075
    78 -0.991157105859
    79 -0.991160421962
    80 -0.991163291545
    81 -0.991165787219
    82 -0.991167968359
    83 -0.991169883714
    84 -0.991171573454
    85 -0.991173070803
    86 -0.991174403340
    87 -0.991175594043
    88 -0.991176662123
    89 -0.991177623706
    90 -0.991178492376
    91 -0.991179279624
    92 -0.991179995209
    93 -0.991180647445
    94 -0.991181243460
    95 -0.991181789368
    96 -0.991182290461
    97 -0.991182751314
    98 -0.991183175920
    99 -0.991183567761
   100 -0.991183929901
   101 -1.077487871357
   102 -0.977261269962
   103 -0.980026628928
   104 -0.983619841834
   105 -0.986095143298
   106 -0.987647818962
   107 -0.988622247527
   108 -0.989264664645
   109 -0.989699393509
   110 -0.990033215346
   111 -0.990301560581
   112 -0.990519149047
   113 -0.990685202818
   114 -0.990805659810
   115 -0.990891108524
   116 -0.990952291856
   117 -0.990997276677
   118 -0.991031364639
   119 -0.991057897909
   120 -0.991079000361
   121 -0.991096065077
   122 -0.991110042708
   123 -0.991121607158
   124 -0.991131252177
   125 -0.991139349368
   126 -0.991146184482
   127 -0.991151981088
   128 -0.991156916594
   129 -0.991161133447
   130 -0.991164747174
   131 -0.991167852277
   132 -0.991170526648
   133 -0.991172834906
   134 -0.991174830973
   135 -0.991176560076
   136 -0.991178060315
   137 -0.991179363920
   138 -0.991180498247
   139 -0.991181486586
   140 -0.991182348825
   141 -0.991183101983
   142 -0.991183760658
   143 -0.991184337394
   144 -0.991184842988
   145 -0.991185286749
   146 -0.991185676714
   147 -0.991186019827
   148 -0.991186322099
   149 -0.991186588734
   150 -0.991186824245
   151 -1.067483966379
   152 -0.976719534897
   153 -0.981480064790
   154 -0.985170211409
   155 -0.987324637177
   156 -0.988609987036
   157 -0.989411237449
   158 -0.989934724368
   159 -0.990284007210
   160 -0.990520583262
   161 -0.990682758054
   162 -0.990795627217
   163 -0.990875804148
   164 -0.990934240485
   165 -0.990978096077
   166 -0.991012011300
   167 -0.991038982275
   168 -0.991060948762
   169 -0.991079180397
   170 -0.991094524838
   171 -0.991107564365
   172 -0.991118713724
   173 -0.991128280741
   174 -0.991136503745
   175 -0.991143574508
   176 -0.991149652414
   177 -0.991154873083
   178 -0.991159353708
   179 -0.991163196435
   180 -0.991166490565
   181 -0.991169314131
   182 -0.991171735122
   183 -0.991173812528
   184 -0.991175597283
   185 -0.991177133153
   186 -0.991178457570
   187 -0.991179602414
   188 -0.991180594744
   189 -0.991181457454
   190 -0.991182209880
   191 -0.991182868318
   192 -0.991183446495
   193 -0.991183955969
   194 -0.991184406474
   195 -0.991184806215
   196 -0.991185162114
   197 -0.991185480025
   198 -0.991185764906
   199 -0.991186020963
   200 -0.991186251780
   201 -1.115330744229
   202 -0.979687638902
   203 -0.981698282927
   204 -0.984953708027
   205 -0.986912843163
   206 -0.988130998371
   207 -0.988941194151
   208 -0.989519796912
   209 -0.989947836358
   210 -0.990269039007
   211 -0.990508797964
   212 -0.990686113917
   213 -0.990816229270
   214 -0.990911232910
   215 -0.990980442766
   216 -0.991030883932
   217 -0.991067760539
   218 -0.991094872083
   219 -0.991114960526
   220 -0.991129988092
   221 -0.991141352046
   222 -0.991150045863
   223 -0.991156777007
   224 -0.991162051443
   225 -0.991166233371
   226 -0.991169587021
   227 -0.991172305842
   228 -0.991174532834
   229 -0.991176374775
   230 -0.991177912164
   231 -0.991179206304
   232 -0.991180304341
   233 -0.991181242845
   234 -0.991182050464
   235 -0.991182749824
   236 -0.991183358955
   237 -0.991183892325
   238 -0.991184361651
   239 -0.991184776488
   240 -0.991185144686
   241 -0.991185472729
   242 -0.991185766024
   243 -0.991186029096
   244 -0.991186265762
   245 -0.991186479255
   246 -0.991186672332
   247 -0.991186847353
   248 -0.991187006350
   249 -0.991187151079
   250 -0.991187283065
   251 -1.101017614447
   252 -0.977806527551
   253 -0.981160287020
   254 -0.985223238147
   255 -0.987713932742
   256 -0.989100553613
   257 -0.989870317248
   258 -0.990302546750
   259 -0.990550404703
   260 -0.990697913346
   261 -0.990790241480
   262 -0.990851587703
   263 -0.990894994489
   264 -0.990927611832
   265 -0.990953453439
   266 -0.990974835609
   267 -0.990993134509
   268 -0.991009191855
   269 -0.991023537434
   270 -0.991036514578
   271 -0.991048352934
   272 -0.991059211693
   273 -0.991069205845
   274 -0.991078422358
   275 -0.991086930228
   276 -0.991094786741
   277 -0.991102041394
   278 -0.991108738306
   279 -0.991114917707
   280 -0.991120616835
   281 -0.991125870470
   282 -0.991130711251
   283 -0.991135169861
   284 -0.991139275137
   285 -0.991143054145
   286 -0.991146532237
   287 -0.991149733101
   288 -0.991152678816
   289 -0.991155389906
   290 -0.991157885408
   291 -0.991160182934
   292 -0.991162298748
   293 -0.991164247835
   294 -0.991166043989
   295 -0.991167699871
   296 -0.991169227108
   297 -0.991170636349
   298 -0.991171937346
   299 -0.991173139019
   300 -0.991174249531
   301 -1.111233358248
   302 -0.977790940036
   303 -0.980362486704
   304 -0.984148700623
   305 -0.986695028233
   306 -0.988230661376
   307 -0.989169906217
   308 -0.989763326915
   309 -0.990152601330
   310 -0.990417963220
   311 -0.990604445066
   312 -0.990738361698
   313 -0.990836022404
   314 -0.990908201363
   315 -0.990962324371
   316 -0.991003593519
   317 -0.991035649064
   318 -0.991061020322
   319 -0.991081455706
   320 -0.991098165310
   321 -0.991111994737
   322 -0.991123545603
   323 -0.991133256760
   324 -0.991141457788
   325 -0.991148403673
   326 -0.991154297142
   327 -0.991159303065
   328 -0.991163557850
   329 -0.991167175727
   330 -0.991170253102
   331 -0.991172871703
   332 -0.991175100965
   333 -0.991176999917
   334 -0.991178618724
   335 -0.991179999985
   336 -0.991181179836
   337 -0.991182188896
   338 -0.991183053085
   339 -0.991183794332
   340 -0.991184431169
   341 -0.991184979265
   342 -0.991185451856
   343 -0.991185860129
   344 -0.991186213543
   345 -0.991186520100
   346 -0.991186786573
   347 -0.991187018699
   348 -0.991187221347
   349 -0.991187398649
   350 -0.991187554120
   351 -0.991187690748
   352 -0.991187811086
   353 -0.991187917311
   354 -0.991188011283
   355 -0.991188094600
   356 -0.991188168629
   357 -0.991188234547
   358 -0.991188293366
   359 -0.991188345959
   360 -0.991188393080
   361 -0.991188435384
   362 -0.991188473437
   363 -0.991188507730
   364 -0.991188538692
   365 -0.991188566696
   366 -0.991188592069
   367 -0.991188615096
   368 -0.991188636028
   369 -0.991188655084
   370 -0.991188672460
   371 -0.991188688325
   372 -0.991188702831
   373 -0.991188716112
   374 -0.991188728285
   375 -0.991188739458
   376 -0.991188749723
   377 -0.991188759164
   378 -0.991188767857
   379 -0.991188775869
   380 -0.991188783259
   381 -0.991188790081
   382 -0.991188796385
   383 -0.991188802215
   384 -0.991188807609
   385 -0.991188812604
   386 -0.991188817233
   387 -0.991188821524
   388 -0.991188825505
   389 -0.991188829200
   390 -0.991188832631
   391 -0.991188835819
   392 -0.991188838782
   393 -0.991188841538
   394 -0.991188844101
   395 -0.991188846486
   396 -0.991188848706
   397 -0.991188850773
   398 -0.991188852699
   399 -0.991188854493
   400 -0.991188856165
   401 -0.991188857724
   402 -0.991188859177
   403 -0.991188860532
   404 -0.991188861796
   405 -0.991188862975
   406 -0.991188864075
   407 -0.991188865102
   408 -0.991188866061
   409 -0.991188866955
   410 -0.991188867790
   411 -0.991188868570
   412 -0.991188869299
   413 -0.991188869979
   414 -0.991188870614
   415 -0.991188871208
   416 -0.991188871762
   417 -0.991188872280
   418 -0.991188872764
   419 -0.991188873216
   420 -0.991188873638
   421 -0.991188874033
   422 -0.991188874402
   423 -0.991188874747
   424 -0.991188875069
   425 -0.991188875370
   426 -0.991188875652
   427 -0.991188875915
   428 -0.991188876161
   429 -0.991188876391
   430 -0.991188876606
   431 -0.991188876807
   432 -0.991188876995
   433 -0.991188877171
   434 -0.991188877335
   435 -0.991188877489
   436 -0.991188877632
   437 -0.991188877767
   438 -0.991188877892
   439 -0.991188878009
   440 -0.991188878119
   441 -0.991188878222
   442 -0.991188878318
   443 -0.991188878408
   444 -0.991188878491
   445 -0.991188878570
   446 -0.991188878643
   447 -0.991188878712
   448 -0.991188878776
   449 -0.991188878836
   450 -0.991188878892
   451 -0.991188878945
   452 -0.991188878994
   453 -0.991188879040
   454 -0.991188879083
   455 -0.991188879123
   456 -0.991188879160
   457 -0.991188879195
   458 -0.991188879228
   459 -0.991188879259
   460 -0.991188879287
   461 -0.991188879314
   462 -0.991188879339
   463 -0.991188879363
   464 -0.991188879385
   465 -0.991188879405
   466 -0.991188879425
   467 -0.991188879443
   468 -0.991188879459
   469 -0.991188879475
   470 -0.991188879490
   471 -0.991188879503
   472 -0.991188879516
   473 -0.991188879528
   474 -0.991188879540
   475 -0.991188879550
   476 -0.991188879560
   477 -0.991188879569
   478 -0.991188879578
   479 -0.991188879586
   480 -0.991188879593
   481 -0.991188879600
   482 -0.991188879607
   483 -0.991188879613
   484 -0.991188879619
   485 -0.991188879624
   486 -0.991188879629
   487 -0.991188879634
   488 -0.991188879638
   489 -0.991188879642
   490 -0.991188879646
   491 -0.991188879650
   492 -0.991188879653
   493 -0.991188879656
   494 -0.991188879659
   495 -0.991188879662
   496 -0.991188879665
   497 -0.991188879667
   498 -0.991188879669
   499 -0.991188879671
   500 -0.991188879673
   501 -0.991188879675
   502 -0.991188879677
   503 -0.991188879678
   504 -0.991188879680
   505 -0.991188879681
   506 -0.991188879683
   507 -0.991188879684
   508 -0.991188879685
   509 -0.991188879686
   510 -0.991188879687
   511 -0.991188879688
   512 -0.991188879689
   513 -0.991188879690
   514 -0.991188879691
   515 -0.991188879691
   516 -0.991188879692
   517 -0.991188879693
   518 -0.991188879693
   519 -0.991188879694
   520 -0.991188879694
   521 -0.991188879695
   522 -0.991188879695
   523 -0.991188879696
   524 -0.991188879696
   525 -0.991188879696
   526 -0.991188879697
   527 -0.991188879697
   528 -0.991188879697
   529 -0.991188879698
   530 -0.991188879698
   531 -0.991188879698
   532 -0.991188879698
   533 -0.991188879699
   534 -0.991188879699
   535 -0.991188879699
   536 -0.991188879699
   537 -0.991188879699
   538 -0.991188879699
   539 -0.991188879700
   540 -0.991188879700
   541 -0.991188879700
   542 -0.991188879700
   543 -0.991188879700
   544 -0.991188879700
   545 -0.991188879700
   546 -0.991188879700
   547 -0.991188879700
   548 -0.991188879701
   549 -0.991188879701
   550 -0.991188879701
   551 -0.991188879701
   552 -0.991188879701
   553 -0.991188879701
   554 -0.991188879701
   555 -0.991188879701
   556 -0.991188879701
   557 -0.991188879701
   558 -0.991188879701
   559 -0.991188879701
   560 -0.991188879701
   561 -0.991188879701
   562 -0.991188879701
   563 -0.991188879701
   564 -0.991188879701
   565 -0.991188879701
   566 -0.991188879701
   567 -0.991188879701
   568 -0.991188879701
   569 -0.991188879701
   570 -0.991188879701
   571 -0.991188879701
   572 -0.991188879701
   573 -0.991188879701
   574 -0.991188879702
   575 -0.991188879702
   576 -0.991188879702
   577 -0.991188879702
   578 -0.991188879702
   579 -0.991188879702
   580 -0.991188879702
   581 -0.991188879702
   582 -0.991188879702
   583 -0.991188879702
   584 -0.991188879702
   585 -0.991188879702
   586 -0.991188879702
   587 -0.991188879702
   588 -0.991188879702
   589 -0.991188879702
   590 -0.991188879702
   591 -0.991188879702
   592 -0.991188879702
   593 -0.991188879702
   594 -0.991188879702
   595 -0.991188879702
   596 -0.991188879702
   597 -0.991188879702
   598 -0.991188879702
   599 -0.991188879702
   600 -0.991188879702
   601 -0.991188879702
   602 -0.991188879702
   603 -0.991188879702
   604 -0.991188879702
   605 -0.991188879702
   606 -0.991188879702
   607 -0.991188879702
   608 -0.991188879702
   609 -0.991188879702
   610 -0.991188879702
   611 -0.991188879702
   612 -0.991188879702
   613 -0.991188879702
   614 -0.991188879702
   615 -0.991188879702
   616 -0.991188879702
   617 -0.991188879702
   618 -0.991188879702
   619 -0.991188879702
   620 -0.991188879702
   621 -0.991188879702
   622 -0.991188879702
   623 -0.991188879702
   624 -0.991188879702
   625 -0.991188879702
   626 -0.991188879702
   627 -0.991188879702
   628 -0.991188879702
   629 -0.991188879702
   630 -0.991188879702
   631 -0.991188879702
   632 -0.991188879702
   633 -0.991188879702
   634 -0.991188879702
   635 -0.991188879702
   636 -0.991188879702
   637 -0.991188879702
   638 -0.991188879702
   639 -0.991188879702
   640 -0.991188879702
   641 -0.991188879702
   642 -0.991188879702
   643 -0.991188879702
   644 -0.991188879702
   645 -0.991188879702
   646 -0.991188879702
   647 -0.991188879702
   648 -0.991188879702
   649 -0.991188879702
   650 -0.991188879702
   651 -0.991188879702
   652 -0.991188879702
   653 -0.991188879702
   654 -0.991188879702
   655 -0.991188879702
   656 -0.991188879702
   657 -0.991188879702
   658 -0.991188879702
   659 -0.991188879702
   660 -0.991188879702
   661 -0.991188879702
   662 -0.991188879702
   663 -0.991188879702
   664 -0.991188879702
   665 -0.991188879702
   666 -0.991188879702
   667 -0.991188879702
   668 -0.991188879702
   669 -0.991188879702
   670 -0.991188879702
   671 -0.991188879702
   672 -0.991188879702
   673 -0.991188879702
   674 -0.991188879702
   675 -0.991188879702
   676 -0.991188879702
   677 -0.991188879702
   678 -0.991188879702
   679 -0.991188879702
   680 -0.991188879702
   681 -0.991188879702
   682 -0.991188879702
   683 -0.991188879702
   684 -0.991188879702
   685 -0.991188879702
   686 -0.991188879702
   687 -0.991188879702
   688 -0.991188879702
   689 -0.991188879702
   690 -0.991188879702
   691 -0.991188879702
   692 -0.991188879702
   693 -0.991188879702
   694 -0.991188879702
   695 -0.991188879702
   696 -0.991188879702
   697 -0.991188879702
   698 -0.991188879702
   699 -0.991188879702
   700 -0.991188879702
   701 -0.991188879702
   702 -0.991188879702
   703 -0.991188879702
   704 -0.991188879702
   705 -0.991188879702
   706 -0.991188879702
   707 -0.991188879702
   708 -0.991188879702
   709 -0.991188879702
   710 -0.991188879702
   711 -0.991188879702
   712 -0.991188879702
   713 -0.991188879702
   714 -0.991188879702
   715 -0.991188879702
   716 -0.991188879702
   717 -0.991188879702
   718 -0.991188879702
   719 -0.991188879702
   720 -0.991188879702
   721 -0.991188879702
   722 -0.991188879702
   723 -0.991188879702
   724 -0.991188879702
   725 -0.991188879702
   726 -0.991188879702
   727 -0.991188879702
   728 -0.991188879702
   729 -0.991188879702
   730 -0.991188879702
   731 -0.991188879702
   732 -0.991188879702
   733 -0.991188879702
   734 -0.991188879702
   735 -0.991188879702
   736 -0.991188879702
   737 -0.991188879702
   738 -0.991188879702
   739 -0.991188879702
   740 -0.991188879702
   741 -0.991188879702
   742 -0.991188879702
   743 -0.991188879702
   744 -0.991188879702
   745 -0.991188879702
   746 -0.991188879702
   747 -0.991188879702
   748 -0.991188879702
   749 -0.991188879702
   750 -0.991188879702
   751 -0.991188879702
   752 -0.991188879702
   753 -0.991188879702
   754 -0.991188879702
   755 -0.991188879702
   756 -0.991188879702
   757 -0.991188879702
   758 -0.991188879702
   759 -0.991188879702
   760 -0.991188879702
   761 -0.991188879702
   762 -0.991188879702
   763 -0.991188879702
   764 -0.991188879702
   765 -0.991188879702
   766 -0.991188879702
   767 -0.991188879702
   768 -0.991188879702
   769 -0.991188879702
   770 -0.991188879702
   771 -0.991188879702
   772 -0.991188879702
   773 -0.991188879702
   774 -0.991188879702
   775 -0.991188879702
   776 -0.991188879702
   777 -0.991188879702
   778 -0.991188879702
   779 -0.991188879702
   780 -0.991188879702
   781 -0.991188879702
   782 -0.991188879702
   783 -0.991188879702
   784 -0.991188879702
   785 -0.991188879702
   786 -0.991188879702
   787 -0.991188879702
   788 -0.991188879702
   789 -0.991188879702
   790 -0.991188879702
   791 -0.991188879702
   792 -0.991188879702
   793 -0.991188879702
   794 -0.991188879702
   795 -0.991188879702
   796 -0.991188879702
   797 -0.991188879702
   798 -0.991188879702
   799 -0.991188879702
   800 -0.991188879702
   801 -0.991188879702
   802 -0.991188879702
   803 -0.991188879702
   804 -0.991188879702
   805 -0.991188879702
   806 -0.991188879702
   807 -0.991188879702
   808 -0.991188879702
   809 -0.991188879702
   810 -0.991188879702
   811 -0.991188879702
   812 -0.991188879702
   813 -0.991188879702
   814 -0.991188879702
   815 -0.991188879702
   816 -0.991188879702
   817 -0.991188879702
   818 -0.991188879702
   819 -0.991188879702
   820 -0.991188879702
   821 -0.991188879702
   822 -0.991188879702
   823 -0.991188879702
   824 -0.991188879702
   825 -0.991188879702
   826 -0.991188879702
   827 -0.991188879702
   828 -0.991188879702
   829 -0.991188879702
   830 -0.991188879702
   831 -0.991188879702
   832 -0.991188879702
   833 -0.991188879702
   834 -0.991188879702
   835 -0.991188879702
   836 -0.991188879702
   837 -0.991188879702
   838 -0.991188879702
   839 -0.991188879702
   840 -0.991188879702
   841 -0.991188879702
   842 -0.991188879702
   843 -0.991188879702
   844 -0.991188879702
   845 -0.991188879702
   846 -0.991188879702
   847 -0.991188879702
   848 -0.991188879702
   849 -0.991188879702
   850 -0.991188879702
   851 -0.991188879702
   852 -0.991188879702
   853 -0.991188879702
   854 -0.991188879702
   855 -0.991188879702
   856 -0.991188879702
   857 -0.991188879702
   858 -0.991188879702
   859 -0.991188879702
   860 -0.991188879702
   861 -0.991188879702
   862 -0.991188879702
   863 -0.991188879702
   864 -0.991188879702
   865 -0.991188879702
   866 -0.991188879702
   867 -0.991188879702
   868 -0.991188879702
   869 -0.991188879702
   870 -0.991188879702
   871 -0.991188879702
   872 -0.991188879702
   873 -0.991188879702
   874 -0.991188879702
   875 -0.991188879702
   876 -0.991188879702
   877 -0.991188879702
   878 -0.991188879702
   879 -0.991188879702
   880 -0.991188879702
   881 -0.991188879702
   882 -0.991188879702
   883 -0.991188879702
   884 -0.991188879702
   885 -0.991188879702
   886 -0.991188879702
   887 -0.991188879702
   888 -0.991188879702
   889 -0.991188879702
   890 -0.991188879702
   891 -0.991188879702
   892 -0.991188879702
   893 -0.991188879702
   894 -0.991188879702
   895 -0.991188879702
   896 -0.991188879702
   897 -0.991188879702
   898 -0.991188879702
   899 -0.991188879702
   900 -0.991188879702
   901 -0.991188879702
   902 -0.991188879702
   903 -0.991188879702
   904 -0.991188879702
   905 -0.991188879702
   906 -0.991188879702
   907 -0.991188879702
   908 -0.991188879702
   909 -0.991188879702
   910 -0.991188879702
   911 -0.991188879702
   912 -0.991188879702
   913 -0.991188879702
   914 -0.991188879702
   915 -0.991188879702
   916 -0.991188879702
   917 -0.991188879702
   918 -0.991188879702
   919 -0.991188879702
   920 -0.991188879702
   921 -0.991188879702
   922 -0.991188879702
   923 -0.991188879702
   924 -0.991188879702
   925 -0.991188879702
   926 -0.991188879702
   927 -0.991188879702
   928 -0.991188879702
   929 -0.991188879702
   930 -0.991188879702
   931 -0.991188879702
   932 -0.991188879702
   933 -0.991188879702
   934 -0.991188879702
   935 -0.991188879702
   936 -0.991188879702
   937 -0.991188879702
   938 -0.991188879702
   939 -0.991188879702
   940 -0.991188879702
   941 -0.991188879702
   942 -0.991188879702
   943 -0.991188879702
   944 -0.991188879702
   945 -0.991188879702
   946 -0.991188879702
   947 -0.991188879702
   948 -0.991188879702
   949 -0.991188879702
   950 -0.991188879702
   951 -0.991188879702
   952 -0.991188879702
   953 -0.991188879702
   954 -0.991188879702
   955 -0.991188879702
   956 -0.991188879702
   957 -0.991188879702
   958 -0.991188879702
   959 -0.991188879702
   960 -0.991188879702
   961 -0.991188879702
   962 -0.991188879702
   963 -0.991188879702
   964 -0.991188879702
   965 -0.991188879702
   966 -0.991188879702
   967 -0.991188879702
   968 -0.991188879702
   969 -0.991188879702
   970 -0.991188879702
   971 -0.991188879702
   972 -0.991188879702
   973 -0.991188879702
   974 -0.991188879702
   975 -0.991188879702
   976 -0.991188879702
   977 -0.991188879702
   978 -0.991188879702
   979 -0.991188879702
   980 -0.991188879702
   981 -0.991188879702
   982 -0.991188879702
   983 -0.991188879702
   984 -0.991188879702
   985 -0.991188879702
   986 -0.991188879702
   987 -0.991188879702
   988 -0.991188879702
   989 -0.991188879702
   990 -0.991188879702
   991 -0.991188879702
   992 -0.991188879702
   993 -0.991188879702
   994 -0.991188879702
   995 -0.991188879702
   996 -0.991188879702
   997 -0.991188879702
   998 -0.991188879702
   999 -0.991188879702
  1000 -0.991188879702
  1001 -0.991188879702
  1002 -0.991188879702
  1003 -0.991188879702
  1004 -0.991188879702
  1005 -0.991188879702
  1006 -0.991188879702
  1007 -0.991188879702
  1008 -0.991188879702
  1009 -0.991188879702
  1010 -0.991188879702
  1011 -0.991188879702
  1012 -0.991188879702
  1013 -0.991188879702
  1014 -0.991188879702
  1015 -0.991188879702
  1016 -0.991188879702
  1017 -0.991188879702
  1018 -0.991188879702
  1019 -0.991188879702
  1020 -0.991188879702
  1021 -0.991188879702
  1022 -0.991188879702
  1023 -0.991188879702
  1024 -0.991188879702
  1025 -0.991188879702
  1026 -0.991188879702
  1027 -0.991188879702
  1028 -0.991188879702
  1029 -0.991188879702
  1030 -0.991188879702
  1031 -0.991188879702
  1032 -0.991188879702
  1033 -0.991188879702
  1034 -0.991188879702
  1035 -0.991188879702
  1036 -0.991188879702
  1037 -0.991188879702
  1038 -0.991188879702
  1039 -0.991188879702
  1040 -0.991188879702
  1041 -0.991188879702
  1042 -0.991188879702
  1043 -0.991188879702
  1044 -0.991188879702
  1045 -0.991188879702
  1046 -0.991188879702
  1047 -0.991188879702
  1048 -0.991188879702
  1049 -0.991188879702
  1050 -0.991188879702
  1051 -0.991188879702
  1052 -0.991188879702
  1053 -0.991188879702
  1054 -0.991188879702
  1055 -0.991188879702
  1056 -0.991188879702
  1057 -0.991188879702
  1058 -0.991188879702
  1059 -0.991188879702
  1060 -0.991188879702
  1061 -0.991188879702
  1062 -0.991188879702
  1063 -0.991188879702
  1064 -0.991188879702
  1065 -0.991188879702
  1066 -0.991188879702
  1067 -0.991188879702
  1068 -0.991188879702
  1069 -0.991188879702
  1070 -0.991188879702
  1071 -0.991188879702
  1072 -0.991188879702
  1073 -0.991188879702
  1074 -0.991188879702
  1075 -0.991188879702
  1076 -0.991188879702
  1077 -0.991188879702
  1078 -0.991188879702
  1079 -0.991188879702
  1080 -0.991188879702
  1081 -0.991188879702
  1082 -0.991188879702
  1083 -0.991188879702
  1084 -0.991188879702
  1085 -0.991188879702
  1086 -0.991188879702
  1087 -0.991188879702
  1088 -0.991188879702
  1089 -0.991188879702
  1090 -0.991188879702
  1091 -0.991188879702
  1092 -0.991188879702
  1093 -0.991188879702
  1094 -0.991188879702
  1095 -0.991188879702
  1096 -0.991188879702
  1097 -0.991188879702
  1098 -0.991188879702
  1099 -0.991188879702
  1100 -0.991188879702
  1101 -0.991188879702
  1102 -0.991188879702
  1103 -0.991188879702
  1104 -0.991188879702
  1105 -0.991188879702
  1106 -0.991188879702
  1107 -0.991188879702
  1108 -0.991188879702
  1109 -0.991188879702
  1110 -0.991188879702
  1111 -0.991188879702
  1112 -0.991188879702
  1113 -0.991188879702
  1114 -0.991188879702
  1115 -0.991188879702
  1116 -0.991188879702
  1117 -0.991188879702
  1118 -0.991188879702
  1119 -0.991188879702
  1120 -0.991188879702
  1121 -0.991188879702
  1122 -0.991188879702
  1123 -0.991188879702
  1124 -0.991188879702
  1125 -0.991188879702
  1126 -0.991188879702
  1127 -0.991188879702
  1128 -0.991188879702
  1129 -0.991188879702
  1130 -0.991188879702
  1131 -0.991188879702
  1132 -0.991188879702
  1133 -0.991188879702
  1134 -0.991188879702
  1135 -0.991188879702
  1136 -0.991188879702
  1137 -0.991188879702
  1138 -0.991188879702
  1139 -0.991188879702
  1140 -0.991188879702
  1141 -0.991188879702
  1142 -0.991188879702
  1143 -0.991188879702
  1144 -0.991188879702
  1145 -0.991188879702
  1146 -0.991188879702
  1147 -0.991188879702
  1148 -0.991188879702
  1149 -0.991188879702
  1150 -0.991188879702
  1151 -0.991188879702
  1152 -0.991188879702
  1153 -0.991188879702
  1154 -0.991188879702
  1155 -0.991188879702
  1156 -0.991188879702
  1157 -0.991188879702
  1158 -0.991188879702
  1159 -0.991188879702
  1160 -0.991188879702
  1161 -0.991188879702
  1162 -0.991188879702
  1163 -0.991188879702
  1164 -0.991188879702
  1165 -0.991188879702
  1166 -0.991188879702
  1167 -0.991188879702
  1168 -0.991188879702
  1169 -0.991188879702
  1170 -0.991188879702
  1171 -0.991188879702
  1172 -0.991188879702
  1173 -0.991188879702
  1174 -0.991188879702
  1175 -0.991188879702
  1176 -0.991188879702
  1177 -0.991188879702
  1178 -0.991188879702
  1179 -0.991188879702
  1180 -0.991188879702
  1181 -0.991188879702
  1182 -0.991188879702
  1183 -0.991188879702
  1184 -0.991188879702
  1185 -0.991188879702
  1186 -0.991188879702
  1187 -0.991188879702
  1188 -0.991188879702
  1189 -0.991188879702
  1190 -0.991188879702
  1191 -0.991188879702
  1192 -0.991188879702
  1193 -0.991188879702
  1194 -0.991188879702
  1195 -0.991188879702
  1196 -0.991188879702
  1197 -0.991188879702
  1198 -0.991188879702
  1199 -0.991188879702
  1200 -0.991188879702
  1201 -0.991188879702
  1202 -0.991188879702
  1203 -0.991188879702
  1204 -0.991188879702
  1205 -0.991188879702
  1206 -0.991188879702
  1207 -0.991188879702
  1208 -0.991188879702
  1209 -0.991188879702
  1210 -0.991188879702
  1211 -0.991188879702
  1212 -0.991188879702
  1213 -0.991188879702
  1214 -0.991188879702
  1215 -0.991188879702
  1216 -0.991188879702
  1217 -0.991188879702
  1218 -0.991188879702
  1219 -0.991188879702
  1220 -0.991188879702
  1221 -0.991188879702
  1222 -0.991188879702
  1223 -0.991188879702
  1224 -0.991188879702
  1225 -0.991188879702
  1226 -0.991188879702
  1227 -0.991188879702
  1228 -0.991188879702
  1229 -0.991188879702
  1230 -0.991188879702
  1231 -0.991188879702
  1232 -0.991188879702
  1233 -0.991188879702
  1234 -0.991188879702
  1235 -0.991188879702
  1236 -0.991188879702
  1237 -0.991188879702
  1238 -0.991188879702
  1239 -0.991188879702
  1240 -0.991188879702
  1241 -0.991188879702
  1242 -0.991188879702
  1243 -0.991188879702
  1244 -0.991188879702
  1245 -0.991188879702
  1246 -0.991188879702
  1247 -0.991188879702
  1248 -0.991188879702
  1249 -0.991188879702
  1250 -0.991188879702
  1251 -0.991188879702
  1252 -0.991188879702
  1253 -0.991188879702
  1254 -0.991188879702
  1255 -0.991188879702
  1256 -0.991188879702
  1257 -0.991188879702
  1258 -0.991188879702
  1259 -0.991188879702
  1260 -0.991188879702
  1261 -0.991188879702
  1262 -0.991188879702
  1263 -0.991188879702
  1264 -0.991188879702
  1265 -0.991188879702
  1266 -0.991188879702
  1267 -0.991188879702
  1268 -0.991188879702
  1269 -0.991188879702
  1270 -0.991188879702
  1271 -0.991188879702
  1272 -0.991188879702
  1273 -0.991188879702
  1274 -0.991188879702
  1275 -0.991188879702
  1276 -0.991188879702
  1277 -0.991188879702
  1278 -0.991188879702
  1279 -0.991188879702
  1280 -0.991188879702
  1281 -0.991188879702
  1282 -0.991188879702
  1283 -0.991188879702
  1284 -0.991188879702
  1285 -0.991188879702
  1286 -0.991188879702
  1287 -0.991188879702
  1288 -0.991188879702
  1289 -0.991188879702
  1290 -0.991188879702
  1291 -0.991188879702
  1292 -0.991188879702
  1293 -0.991188879702
  1294 -0.991188879702
  1295 -0.991188879702
  1296 -0.991188879702
  1297 -0.991188879702
  1298 -0.991188879702
  1299 -0.991188879702
  1300 -0.991188879702
  1301 -0.991188879702
  1302 -0.991188879702
  1303 -0.991188879702
  1304 -0.991188879702
  1305 -0.991188879702
  1306 -0.991188879702
  1307 -0.991188879702
  1308 -0.991188879702
  1309 -0.991188879702
  1310 -0.991188879702
  1311 -0.991188879702
  1312 -0.991188879702
  1313 -0.991188879702
  1314 -0.991188879702
  1315 -0.991188879702
  1316 -0.991188879702
  1317 -0.991188879702
  1318 -0.991188879702
  1319 -0.991188879702
  1320 -0.991188879702
  1321 -0.991188879702
  1322 -0.991188879702
  1323 -0.991188879702
  1324 -0.991188879702
  1325 -0.991188879702
  1326 -0.991188879702
  1327 -0.991188879702
  1328 -0.991188879702
  1329 -0.991188879702
  1330 -0.991188879702
  1331 -0.991188879702
  1332 -0.991188879702
  1333 -0.991188879702
  1334 -0.991188879702
  1335 -0.991188879702
  1336 -0.991188879702
  1337 -0.991188879702
  1338 -0.991188879702
  1339 -0.991188879702
  1340 -0.991188879702
  1341 -0.991188879702
  1342 -0.991188879702
  1343 -0.991188879702
  1344 -0.991188879702
  1345 -0.991188879702
  1346 -0.991188879702
  1347 -0.991188879702
  1348 -0.991188879702
  1349 -0.991188879702
  1350 -0.991188879702
  1351 -0.991188879702
  1352 -0.991188879702
  1353 -0.991188879702
  1354 -0.991188879702
  1355 -0.991188879702
  1356 -0.991188879702
  1357 -0.991188879702
  1358 -0.991188879702
  1359 -0.991188879702
  1360 -0.991188879702
  1361 -0.991188879702
  1362 -0.991188879702
  1363 -0.991188879702
  1364 -0.991188879702
  1365 -0.991188879702
  1366 -0.991188879702
  1367 -0.991188879702
  1368 -0.991188879702
  1369 -0.991188879702
  1370 -0.991188879702
  1371 -0.991188879702
  1372 -0.991188879702
  1373 -0.991188879702
  1374 -0.991188879702
  1375 -0.991188879702
  1376 -0.991188879702
  1377 -0.991188879702
  1378 -0.991188879702
  1379 -0.991188879702
  1380 -0.991188879702
  1381 -0.991188879702
  1382 -0.991188879702
  1383 -0.991188879702
  1384 -0.991188879702
  1385 -0.991188879702
  1386 -0.991188879702
  1387 -0.991188879702
  1388 -0.991188879702
  1389 -0.991188879702
  1390 -0.991188879702
  1391 -0.991188879702
  1392 -0.991188879702
  1393 -0.991188879702
  1394 -0.991188879702
  1395 -0.991188879702
  1396 -0.991188879702
  1397 -0.991188879702
  1398 -0.991188879702
  1399 -0.991188879702
  1400 -0.991188879702
  1401 -0.991188879702
  1402 -0.991188879702
  1403 -0.991188879702
  1404 -0.991188879702
  1405 -0.991188879702
  1406 -0.991188879702
  1407 -0.991188879702
  1408 -0.991188879702
  1409 -0.991188879702
  1410 -0.991188879702
  1411 -0.991188879702
  1412 -0.991188879702
  1413 -0.991188879702
  1414 -0.991188879702
  1415 -0.991188879702
  1416 -0.991188879702
  1417 -0.991188879702
  1418 -0.991188879702
  1419 -0.991188879702
  1420 -0.991188879702
  1421 -0.991188879702
  1422 -0.991188879702
  1423 -0.991188879702
  1424 -0.991188879702
  1425 -0.991188879702
  1426 -0.991188879702
  1427 -0.991188879702
  1428 -0.991188879702
  1429 -0.991188879702
  1430 -0.991188879702
  1431 -0.991188879702
  1432 -0.991188879702
  1433 -0.991188879702
  1434 -0.991188879702
  1435 -0.991188879702
  1436 -0.991188879702
  1437 -0.991188879702
  1438 -0.991188879702
  1439 -0.991188879702
  1440 -0.991188879702
  1441 -0.991188879702
  1442 -0.991188879702
  1443 -0.991188879702
  1444 -0.991188879702
  1445 -0.991188879702
  1446 -0.991188879702
  1447 -0.991188879702
  1448 -0.991188879702
  1449 -0.991188879702
  1450 -0.991188879702
  1451 -0.991188879702
  1452 -0.991188879702
  1453 -0.991188879702
  1454 -0.991188879702
  1455 -0.991188879702
  1456 -0.991188879702
  1457 -0.991188879702
  1458 -0.991188879702
  1459 -0.991188879702
  1460 -0.991188879702
  1461 -0.991188879702
  1462 -0.991188879702
  1463 -0.991188879702
  1464 -0.991188879702
  1465 -0.991188879702
  1466 -0.991188879702
  1467 -0.991188879702
  1468 -0.991188879702
  1469 -0.991188879702
  1470 -0.991188879702
  1471 -0.991188879702
  1472 -0.991188879702
  1473 -0.991188879702
  1474 -0.991188879702
  1475 -0.991188879702
  1476 -0.991188879702
  1477 -0.991188879702
  1478 -0.991188879702
  1479 -0.991188879702
  1480 -0.991188879702
  1481 -0.991188879702
  1482 -0.991188879702
  1483 -0.991188879702
  1484 -0.991188879702
  1485 -0.991188879702
  1486 -0.991188879702
  1487 -0.991188879702
  1488 -0.991188879702
  1489 -0.991188879702
  1490 -0.991188879702
  1491 -0.991188879702
  1492 -0.991188879702
  1493 -0.991188879702
  1494 -0.991188879702
  1495 -0.991188879702
  1496 -0.991188879702
  1497 -0.991188879702
  1498 -0.991188879702
  1499 -0.991188879702
  1500 -0.991188879702
  1501 -0.991188879702
  1502 -0.991188879702
  1503 -0.991188879702
  1504 -0.991188879702
  1505 -0.991188879702
  1506 -0.991188879702
  1507 -0.991188879702
  1508 -0.991188879702
  1509 -0.991188879702
  1510 -0.991188879702
  1511 -0.991188879702
  1512 -0.991188879702
  1513 -0.991188879702
  1514 -0.991188879702
  1515 -0.991188879702
  1516 -0.991188879702
  1517 -0.991188879702
  1518 -0.991188879702
  1519 -0.991188879702
  1520 -0.991188879702
  1521 -0.991188879702
  1522 -0.991188879702
  1523 -0.991188879702
  1524 -0.991188879702
  1525 -0.991188879702
  1526 -0.991188879702
  1527 -0.991188879702
  1528 -0.991188879702
  1529 -0.991188879702
  1530 -0.991188879702
  1531 -0.991188879702
  1532 -0.991188879702
  1533 -0.991188879702
  1534 -0.991188879702
  1535 -0.991188879702
  1536 -0.991188879702
  1537 -0.991188879702
  1538 -0.991188879702
  1539 -0.991188879702
  1540 -0.991188879702
  1541 -0.991188879702
  1542 -0.991188879702
  1543 -0.991188879702
  1544 -0.991188879702
  1545 -0.991188879702
  1546 -0.991188879702
  1547 -0.991188879702
  1548 -0.991188879702
  1549 -0.991188879702
  1550 -0.991188879702
  1551 -0.991188879702
  1552 -0.991188879702
  1553 -0.991188879702
  1554 -0.991188879702
  1555 -0.991188879702
  1556 -0.991188879702
  1557 -0.991188879702
  1558 -0.991188879702
  1559 -0.991188879702
  1560 -0.991188879702
  1561 -0.991188879702
  1562 -0.991188879702
  1563 -0.991188879702
  1564 -0.991188879702
  1565 -0.991188879702
  1566 -0.991188879702
  1567 -0.991188879702
  1568 -0.991188879702
  1569 -0.991188879702
  1570 -0.991188879702
  1571 -0.991188879702
  1572 -0.991188879702
  1573 -0.991188879702
  1574 -0.991188879702
  1575 -0.991188879702
  1576 -0.991188879702
  1577 -0.991188879702
  1578 -0.991188879702
  1579 -0.991188879702
  1580 -0.991188879702
  1581 -0.991188879702
  1582 -0.991188879702
  1583 -0.991188879702
  1584 -0.991188879702
  1585 -0.991188879702
  1586 -0.991188879702
  1587 -0.991188879702
  1588 -0.991188879702
  1589 -0.991188879702
  1590 -0.991188879702
  1591 -0.991188879702
  1592 -0.991188879702
  1593 -0.991188879702
  1594 -0.991188879702
  1595 -0.991188879702
  1596 -0.991188879702
  1597 -0.991188879702
  1598 -0.991188879702
  1599 -0.991188879702
  1600 -0.991188879702
  1601 -0.991188879702
  1602 -0.991188879702
  1603 -0.991188879702
  1604 -0.991188879702
  1605 -0.991188879702
  1606 -0.991188879702
  1607 -0.991188879702
  1608 -0.991188879702
  1609 -0.991188879702
  1610 -0.991188879702
  1611 -0.991188879702
  1612 -0.991188879702
  1613 -0.991188879702
  1614 -0.991188879702
  1615 -0.991188879702
  1616 -0.991188879702
  1617 -0.991188879702
  1618 -0.991188879702
  1619 -0.991188879702
  1620 -0.991188879702
  1621 -0.991188879702
  1622 -0.991188879702
  1623 -0.991188879702
  1624 -0.991188879702
  1625 -0.991188879702
  1626 -0.991188879702
  1627 -0.991188879702
  1628 -0.991188879702
  1629 -0.991188879702
  1630 -0.991188879702
  1631 -0.991188879702
  1632 -0.991188879702
  1633 -0.991188879702
  1634 -0.991188879702
  1635 -0.991188879702
  1636 -0.991188879702
  1637 -0.991188879702
  1638 -0.991188879702
  1639 -0.991188879702
  1640 -0.991188879702
  1641 -0.991188879702
  1642 -0.991188879702
  1643 -0.991188879702
  1644 -0.991188879702
  1645 -0.991188879702
  1646 -0.991188879702
  1647 -0.991188879702
  1648 -0.991188879702
  1649 -0.991188879702
  1650 -0.991188879702
  1651 -0.991188879702
  1652 -0.991188879702
  1653 -0.991188879702
  1654 -0.991188879702
  1655 -0.991188879702
  1656 -0.991188879702
  1657 -0.991188879702
  1658 -0.991188879702
  1659 -0.991188879702
  1660 -0.991188879702
  1661 -0.991188879702
  1662 -0.991188879702
  1663 -0.991188879702
  1664 -0.991188879702
  1665 -0.991188879702
  1666 -0.991188879702
  1667 -0.991188879702
  1668 -0.991188879702
  1669 -0.991188879702
  1670 -0.991188879702
  1671 -0.991188879702
  1672 -0.991188879702
  1673 -0.991188879702
  1674 -0.991188879702
  1675 -0.991188879702
  1676 -0.991188879702
  1677 -0.991188879702
  1678 -0.991188879702
  1679 -0.991188879702
  1680 -0.991188879702
  1681 -0.991188879702
  1682 -0.991188879702
  1683 -0.991188879702
  1684 -0.991188879702
  1685 -0.991188879702
  1686 -0.991188879702
  1687 -0.991188879702
  1688 -0.991188879702
  1689 -0.991188879702
  1690 -0.991188879702
  1691 -0.991188879702
  1692 -0.991188879702
  1693 -0.991188879702
  1694 -0.991188879702
  1695 -0.991188879702
  1696 -0.991188879702
  1697 -0.991188879702
  1698 -0.991188879702
  1699 -0.991188879702
  1700 -0.991188879702
  1701 -0.991188879702
  1702 -0.991188879702
  1703 -0.991188879702
  1704 -0.991188879702
  1705 -0.991188879702
  1706 -0.991188879702
  1707 -0.991188879702
  1708 -0.991188879702
  1709 -0.991188879702
  1710 -0.991188879702
  1711 -0.991188879702
  1712 -0.991188879702
  1713 -0.991188879702
  1714 -0.991188879702
  1715 -0.991188879702
  1716 -0.991188879702
  1717 -0.991188879702
  1718 -0.991188879702
  1719 -0.991188879702
  1720 -0.991188879702
  1721 -0.991188879702
  1722 -0.991188879702
  1723 -0.991188879702
  1724 -0.991188879702
  1725 -0.991188879702
  1726 -0.991188879702
  1727 -0.991188879702
  1728 -0.991188879702
  1729 -0.991188879702
  1730 -0.991188879702
  1731 -0.991188879702
  1732 -0.991188879702
  1733 -0.991188879702
  1734 -0.991188879702
  1735 -0.991188879702
  1736 -0.991188879702
  1737 -0.991188879702
  1738 -0.991188879702
  1739 -0.991188879702
  1740 -0.991188879702
  1741 -0.991188879702
  1742 -0.991188879702
  1743 -0.991188879702
  1744 -0.991188879702
  1745 -0.991188879702
  1746 -0.991188879702
  1747 -0.991188879702
  1748 -0.991188879702
  1749 -0.991188879702
  1750 -0.991188879702
  1751 -0.991188879702
  1752 -0.991188879702
  1753 -0.991188879702
  1754 -0.991188879702
  1755 -0.991188879702
  1756 -0.991188879702
  1757 -0.991188879702
  1758 -0.991188879702
  1759 -0.991188879702
  1760 -0.991188879702
  1761 -0.991188879702
  1762 -0.991188879702
  1763 -0.991188879702
  1764 -0.991188879702
  1765 -0.991188879702
  1766 -0.991188879702
  1767 -0.991188879702
  1768 -0.991188879702
  1769 -0.991188879702
  1770 -0.991188879702
  1771 -0.991188879702
  1772 -0.991188879702
  1773 -0.991188879702
  1774 -0.991188879702
  1775 -0.991188879702
  1776 -0.991188879702
  1777 -0.991188879702
  1778 -0.991188879702
  1779 -0.991188879702
  1780 -0.991188879702
  1781 -0.991188879702
  1782 -0.991188879702
  1783 -0.991188879702
  1784 -0.991188879702
  1785 -0.991188879702
  1786 -0.991188879702
  1787 -0.991188879702
  1788 -0.991188879702
  1789 -0.991188879702
  1790 -0.991188879702
  1791 -0.991188879702
  1792 -0.991188879702
  1793 -0.991188879702
  1794 -0.991188879702
  1795 -0.991188879702
  1796 -0.991188879702
  1797 -0.991188879702
  1798 -0.991188879702
  1799 -0.991188879702
  1800 -0.991188879702
  1801 -0.991188879702
  1802 -0.991188879702
  1803 -0.991188879702
  1804 -0.991188879702
  1805 -0.991188879702
  1806 -0.991188879702
  1807 -0.991188879702
  1808 -0.991188879702
  1809 -0.991188879702
  1810 -0.991188879702
  1811 -0.991188879702
  1812 -0.991188879702
  1813 -0.991188879702
  1814 -0.991188879702
  1815 -0.991188879702
  1816 -0.991188879702
  1817 -0.991188879702
  1818 -0.991188879702
  1819 -0.991188879702
  1820 -0.991188879702
  1821 -0.991188879702
  1822 -0.991188879702
  1823 -0.991188879702
  1824 -0.991188879702
  1825 -0.991188879702
  1826 -0.991188879702
  1827 -0.991188879702
  1828 -0.991188879702
  1829 -0.991188879702
  1830 -0.991188879702
  1831 -0.991188879702
  1832 -0.991188879702
  1833 -0.991188879702
  1834 -0.991188879702
  1835 -0.991188879702
  1836 -0.991188879702
  1837 -0.991188879702
  1838 -0.991188879702
  1839 -0.991188879702
  1840 -0.991188879702
  1841 -0.991188879702
  1842 -0.991188879702
  1843 -0.991188879702
  1844 -0.991188879702
  1845 -0.991188879702
  1846 -0.991188879702
  1847 -0.991188879702
  1848 -0.991188879702
  1849 -0.991188879702
  1850 -0.991188879702
  1851 -0.991188879702
  1852 -0.991188879702
  1853 -0.991188879702
  1854 -0.991188879702
  1855 -0.991188879702
  1856 -0.991188879702
  1857 -0.991188879702
  1858 -0.991188879702
  1859 -0.991188879702
  1860 -0.991188879702
  1861 -0.991188879702
  1862 -0.991188879702
  1863 -0.991188879702
  1864 -0.991188879702
  1865 -0.991188879702
  1866 -0.991188879702
  1867 -0.991188879702
  1868 -0.991188879702
  1869 -0.991188879702
  1870 -0.991188879702
  1871 -0.991188879702
  1872 -0.991188879702
  1873 -0.991188879702
  1874 -0.991188879702
  1875 -0.991188879702
  1876 -0.991188879702
  1877 -0.991188879702
  1878 -0.991188879702
  1879 -0.991188879702
  1880 -0.991188879702
  1881 -0.991188879702
  1882 -0.991188879702
  1883 -0.991188879702
  1884 -0.991188879702
  1885 -0.991188879702
  1886 -0.991188879702
  1887 -0.991188879702
  1888 -0.991188879702
  1889 -0.991188879702
  1890 -0.991188879702
  1891 -0.991188879702
  1892 -0.991188879702
  1893 -0.991188879702
  1894 -0.991188879702
  1895 -0.991188879702
  1896 -0.991188879702
  1897 -0.991188879702
  1898 -0.991188879702
  1899 -0.991188879702
  1900 -0.991188879702
  1901 -0.991188879702
  1902 -0.991188879702
  1903 -0.991188879702
  1904 -0.991188879702
  1905 -0.991188879702
  1906 -0.991188879702
  1907 -0.991188879702
  1908 -0.991188879702
  1909 -0.991188879702
  1910 -0.991188879702
  1911 -0.991188879702
  1912 -0.991188879702
  1913 -0.991188879702
  1914 -0.991188879702
  1915 -0.991188879702
  1916 -0.991188879702
  1917 -0.991188879702
  1918 -0.991188879702
  1919 -0.991188879702
  1920 -0.991188879702
  1921 -0.991188879702
  1922 -0.991188879702
  1923 -0.991188879702
  1924 -0.991188879702
  1925 -0.991188879702
  1926 -0.991188879702
  1927 -0.991188879702
  1928 -0.991188879702
  1929 -0.991188879702
  1930 -0.991188879702
  1931 -0.991188879702
  1932 -0.991188879702
  1933 -0.991188879702
  1934 -0.991188879702
  1935 -0.991188879702
  1936 -0.991188879702
  1937 -0.991188879702
  1938 -0.991188879702
  1939 -0.991188879702
  1940 -0.991188879702
  1941 -0.991188879702
  1942 -0.991188879702
  1943 -0.991188879702
  1944 -0.991188879702
  1945 -0.991188879702
  1946 -0.991188879702
  1947 -0.991188879702
  1948 -0.991188879702
  1949 -0.991188879702
  1950 -0.991188879702
  1951 -0.991188879702
  1952 -0.991188879702
  1953 -0.991188879702
  1954 -0.991188879702
  1955 -0.991188879702
  1956 -0.991188879702
  1957 -0.991188879702
  1958 -0.991188879702
  1959 -0.991188879702
  1960 -0.991188879702
  1961 -0.991188879702
  1962 -0.991188879702
  1963 -0.991188879702
  1964 -0.991188879702
  1965 -0.991188879702
  1966 -0.991188879702
  1967 -0.991188879702
  1968 -0.991188879702
  1969 -0.991188879702
  1970 -0.991188879702
  1971 -0.991188879702
  1972 -0.991188879702
  1973 -0.991188879702
  1974 -0.991188879702
  1975 -0.991188879702
  1976 -0.991188879702
  1977 -0.991188879702
  1978 -0.991188879702
  1979 -0.991188879702
  1980 -0.991188879702
  1981 -0.991188879702
  1982 -0.991188879702
  1983 -0.991188879702
  1984 -0.991188879702
  1985 -0.991188879702
  1986 -0.991188879702
  1987 -0.991188879702
  1988 -0.991188879702
  1989 -0.991188879702
  1990 -0.991188879702
  1991 -0.991188879702
  1992 -0.991188879702
  1993 -0.991188879702
  1994 -0.991188879702
  1995 -0.991188879702
  1996 -0.991188879702
  1997 -0.991188879702
  1998 -0.991188879702
  1999 -0.991188879702
  2000 -0.991188879702
