     1 -0.884250670753
     2 -0.952986123703
     3 -0.964329926380
     4 -0.969530432260
     5 -0.972062260676
     6 -0.973276473373
     7 -0.973857048403
     8 -0.974148362850
     9 -0.974305761509
    10 -0.974399303014
    11 -0.974461421395
    12 -0.974507595033
    13 -0.974545465635
    14 -0.974578961832
    15 -0.974610203767
    16 -0.974640399499
    17 -0.974670273114
    18 -0.974700272567
    19 -0.974730672274
    20 -0.974761625264
    21 -0.974793191212
    22 -0.974825353254
    23 -0.974858030081
    24 -0.974891086460
    25 -0.974924343746
    26 -0.974957590883
    27 -0.974990595907
    28 -0.975023117580
    29 -0.975054916703
    30 -0.975085766483
    31 -0.975115461568
    32 -0.975143825254
    33 -0.975170714663
    34 -0.975196023676
    35 -0.975219683736
    36 -0.975241662651
    37 -0.975261961698
    38 -0.975280611443
    39 -0.975297666821
    40 -0.975313201790
    41 -0.975327304124
    42 -0.975340070535
    43 -0.975351602437
    44 -0.975362002379
    45 -0.975371371264
    46 -0.975379806245
    47 -0.975387399253
    48 -0.975394236062
    49 -0.975400395791
    50 -0.975405950721
    51 -1.113190273667
    52 -0.963315145621
    53 -0.964828088174
    54 -0.968795871708
    55 -0.971200188030
    56 -0.972657424806
    57 -0.973553374385
    58 -0.974126515033
    59 -0.974505350499
    60 -0.974762016022
    61 -0.974938732289
    62 -0.975061706911
    63 -0.975148084799
    64 -0.975209473189
    65 -0.975253828917
    66 -0.975286589594
    67 -0.975311434791
    68 -0.975330830086
    69 -0.975346417472
    70 -0.975359289498
    71 -0.975370176233
    72 -0.975379570063
    73 -0.975387807517
    74 -0.975395122544
    75 -0.975401681099
    76 -0.975407603614
    77 -0.975412979728
    78 -0.975417877998
    79 -0.975422352349
    80 -0.975426446414
    81 -0.975430196475
    82 -0.975433633463
    83 -0.975436784331
    84 -0.975439673000
    85 -0.975442321010
    86 -0.975444747970
    87 -0.975446971874
    88 -0.975449009318
    89 -0.975450875658
    90 -0.975452585123
    91 -0.975454150895
    92 -0.975455585189
    93 -0.975456899299
    94 -0.975458103655
    95 -0.975459207871
    96 -0.975460220790
    97 -0.975461150529
    98 -0.975462004523
    99 -0.975462789570
   100 -0.975463511876
   101 -1.073467495596
   102 -0.962425115341
   103 -0.965362461154
   104 -0.969477174107
   105 -0.971881407531
   106 -0.973250264325
   107 -0.974070671924
   108 -0.974566554096
   109 -0.974864914618
   110 -0.975043982643
   111 -0.975153809630
   112 -0.975223798241
   113 -0.975270619958
   114 -0.975303604466
   115 -0.975328031001
   116 -0.975346958129
   117 -0.975362210015
   118 -0.975374906956
   119 -0.975385755963
   120 -0.975395213874
   121 -0.975403582013
   122 -0.975411062971
   123 -0.975417795664
   124 -0.975423877715
   125 -0.975429380029
   126 -0.975434356434
   127 -0.975438850077
   128 -0.975442897630
   129 -0.975446531994
   130 -0.975449783935
   131 -0.975452683006
   132 -0.975455257943
   133 -0.975457536773
   134 -0.975459546703
   135 -0.975461313938
   136 -0.975462863450
   137 -0.975464218776
   138 -0.975465401854
   139 -0.975466432909
   140 -0.975467330403
   141 -0.975468111032
   142 -0.975468789763
   143 -0.975469379916
   144 -0.975469893262
   145 -0.975470340145
   146 -0.975470729606
   147 -0.975471069509
   148 -0.975471366675
   149 -0.975471626996
   150 -0.975471855550
   151 -1.100416332211
   152 -0.964841795849
   153 -0.965221230643
   154 -0.968646233318
   155 -0.971076867160
   156 -0.972628596132
   157 -0.973611225402
   158 -0.974229415143
   159 -0.974620337042
   160 -0.974868571890
   161 -0.975027523067
   162 -0.975130924975
   163 -0.975199959648
   164 -0.975247737606
   165 -0.975282262169
   166 -0.975308373098
   167 -0.975328989284
   168 -0.975345879288
   169 -0.975360127799
   170 -0.975372413360
   171 -0.975383172249
   172 -0.975392694923
   173 -0.975401182869
   174 -0.975408782316
   175 -0.975415604397
   176 -0.975421737323
   177 -0.975427253826
   178 -0.975432215779
   179 -0.975436677097
   180 -0.975440685600
   181 -0.975444284225
   182 -0.975447511848
   183 -0.975450403847
   184 -0.975452992508
   185 -0.975455307332
   186 -0.975457375276
   187 -0.975459220957
   188 -0.975460866822
   189 -0.975462333310
   190 -0.975463638992
   191 -0.975464800712
   192 -0.975465833715
   193 -0.975466751769
   194 -0.975467567286
   195 -0.975468291431
   196 -0.975468934233
   197 -0.975469504680
   198 -0.975470010818
   199 -0.975470459836
   200 -0.975470858154
   201 -1.104016283651
   202 -0.959772289692
   203 -0.963834141901
   204 -0.968434569963
   205 -0.971078586214
   206 -0.972589605596
   207 -0.973488306541
   208 -0.974048812869
   209 -0.974418068268
   210 -0.974672469847
   211 -0.974853686033
   212 -0.974985709443
   213 -0.975083426302
   214 -0.975156713309
   215 -0.975212420259
   216 -0.975255390867
   217 -0.975289066767
   218 -0.975315893680
   219 -0.975337611587
   220 -0.975355463482
   221 -0.975370343724
   222 -0.975382902140
   223 -0.975393616454
   224 -0.975402842506
   225 -0.975410849142
   226 -0.975417842549
   227 -0.975423983274
   228 -0.975429398298
   229 -0.975434189584
   230 -0.975438440242
   231 -0.975442218973
   232 -0.975445583342
   233 -0.975448582152
   234 -0.975451257255
   235 -0.975453644871
   236 -0.975455776605
   237 -0.975457680237
   238 -0.975459380300
   239 -0.975460898574
   240 -0.975462254449
   241 -0.975463465228
   242 -0.975464546390
   243 -0.975465511780
   244 -0.975466373799
   245 -0.975467143555
   246 -0.975467830992
   247 -0.975468445013
   248 -0.975468993581
   249 -0.975469483819
   250 -0.975469922090
   251 -1.094213812423
   252 -0.963110694916
   253 -0.965680225503
   254 -0.969427749265
   255 -0.971721735192
   256 -0.973105388535
   257 -0.973947667947
   258 -0.974465540526
   259 -0.974786181217
   260 -0.974987854793
   261 -0.975118416136
   262 -0.975205984766
   263 -0.975266905520
   264 -0.975310747269
   265 -0.975343246963
   266 -0.975367952649
   267 -0.975387133345
   268 -0.975402288023
   269 -0.975414437085
   270 -0.975424294117
   271 -0.975432370325
   272 -0.975439040065
   273 -0.975444583036
   274 -0.975449212196
   275 -0.975453092585
   276 -0.975456354230
   277 -0.975459101129
   278 -0.975461417579
   279 -0.975463372697
   280 -0.975465023683
   281 -0.975466418231
   282 -0.975467596323
   283 -0.975468591615
   284 -0.975469432502
   285 -0.975470142984
   286 -0.975470743353
   287 -0.975471250774
   288 -0.975471679757
   289 -0.975472042565
   290 -0.975472349553
   291 -0.975472609458
   292 -0.975472829651
   293 -0.975473016342
   294 -0.975473174764
   295 -0.975473309322
   296 -0.975473423725
   297 -0.975473521097
   298 -0.975473604067
   299 -0.975473674848
   300 -0.975473735305
   301 -1.082604101288
   302 -0.961891982753
   303 -0.963780097358
   304 -0.967865562813
   305 -0.970498461884
   306 -0.972139487992
   307 -0.973170841456
   308 -0.973833319960
   309 -0.974273211195
   310 -0.974576635042
   311 -0.974791323000
   312 -0.974945671978
   313 -0.975057434250
   314 -0.975138754851
   315 -0.975198312079
   316 -0.975242399113
   317 -0.975275552093
   318 -0.975300997476
   319 -0.975320997794
   320 -0.975337120962
   321 -0.975350444831
   322 -0.975361708182
   323 -0.975371418381
   324 -0.975379926411
   325 -0.975387478087
   326 -0.975394248434
   327 -0.975400364682
   328 -0.975405921521
   329 -0.975410991279
   330 -0.975415630728
   331 -0.975419885650
   332 -0.975423793943
   333 -0.975427387729
   334 -0.975430694811
   335 -0.975433739675
   336 -0.975436544191
   337 -0.975439128110
   338 -0.975441509406
   339 -0.975443704538
   340 -0.975445728627
   341 -0.975447595601
   342 -0.975449318303
   343 -0.975450908576
   344 -0.975452377344
   345 -0.975453734666
   346 -0.975454989805
   347 -0.975456151278
   348 -0.975457226903
   349 -0.975458223854
   350 -0.975459148699
   351 -0.975460007453
   352 -0.975460805609
   353 -0.975461548186
   354 -0.975462239769
   355 -0.975462884535
   356 -0.975463486290
   357 -0.975464048509
   358 -0.975464574352
   359 -0.975465066698
   360 -0.975465528170
   361 -0.975465961161
   362 -0.975466367846
   363 -0.975466750211
   364 -0.975467110066
   365 -0.975467449063
   366 -0.975467768709
   367 -0.975468070381
   368 -0.975468355340
   369 -0.975468624736
   370 -0.975468879629
   371 -0.975469120981
   372 -0.975469349684
   373 -0.975469566554
   374 -0.975469772341
   375 -0.975469967735
   376 -0.975470153373
   377 -0.975470329847
   378 -0.975470497696
   379 -0.975470657428
   380 -0.975470809506
   381 -0.975470954363
   382 -0.975471092403
   383 -0.975471223997
   384 -0.975471349497
   385 -0.975471469224
   386 -0.975471583484
   387 -0.975471692559
   388 -0.975471796714
   389 -0.975471896200
   390 -0.975471991248
   391 -0.975472082079
   392 -0.975472168897
   393 -0.975472251899
   394 -0.975472331265
   395 -0.975472407169
   396 -0.975472479774
   397 -0.975472549232
   398 -0.975472615690
   399 -0.975472679286
   400 -0.975472740149
   401 -0.975472798405
   402 -0.975472854169
   403 -0.975472907553
   404 -0.975472958664
   405 -0.975473007602
   406 -0.975473054461
   407 -0.975473099335
   408 -0.975473142309
   409 -0.975473183466
   410 -0.975473222885
   411 -0.975473260640
   412 -0.975473296803
   413 -0.975473331443
   414 -0.975473364625
   415 -0.975473396411
   416 -0.975473426860
   417 -0.975473456029
   418 -0.975473483973
   419 -0.975473510745
   420 -0.975473536391
   421 -0.975473560962
   422 -0.975473584501
   423 -0.975473607053
   424 -0.975473628658
   425 -0.975473649358
   426 -0.975473669189
   427 -0.975473688188
   428 -0.975473706391
   429 -0.975473723830
   430 -0.975473740538
   431 -0.975473756544
   432 -0.975473771879
   433 -0.975473786571
   434 -0.975473800646
   435 -0.975473814130
   436 -0.975473827048
   437 -0.975473839424
   438 -0.975473851280
   439 -0.975473862637
   440 -0.975473873518
   441 -0.975473883942
   442 -0.975473893927
   443 -0.975473903493
   444 -0.975473912656
   445 -0.975473921434
   446 -0.975473929842
   447 -0.975473937897
   448 -0.975473945612
   449 -0.975473953003
   450 -0.975473960082
   451 -0.975473966863
   452 -0.975473973358
   453 -0.975473979580
   454 -0.975473985539
   455 -0.975473991247
   456 -0.975473996713
   457 -0.975474001950
   458 -0.975474006965
   459 -0.975474011768
   460 -0.975474016369
   461 -0.975474020775
   462 -0.975474024995
   463 -0.975474029037
   464 -0.975474032907
   465 -0.975474036615
   466 -0.975474040165
   467 -0.975474043565
   468 -0.975474046821
   469 -0.975474049939
   470 -0.975474052926
   471 -0.975474055785
   472 -0.975474058524
   473 -0.975474061147
   474 -0.975474063658
   475 -0.975474066063
   476 -0.975474068366
   477 -0.975474070571
   478 -0.975474072683
   479 -0.975474074705
   480 -0.975474076642
   481 -0.975474078496
   482 -0.975474080271
   483 -0.975474081971
   484 -0.975474083599
   485 -0.975474085158
   486 -0.975474086650
   487 -0.975474088079
   488 -0.975474089447
   489 -0.975474090757
   490 -0.975474092012
   491 -0.975474093213
   492 -0.975474094362
   493 -0.975474095463
   494 -0.975474096518
   495 -0.975474097527
   496 -0.975474098493
   497 -0.975474099418
   498 -0.975474100304
   499 -0.975474101152
   500 -0.975474101964
   501 -0.975474102741
   502 -0.975474103485
   503 -0.975474104198
   504 -0.975474104880
   505 -0.975474105533
   506 -0.975474106158
   507 -0.975474106756
   508 -0.975474107329
   509 -0.975474107878
   510 -0.975474108403
   511 -0.975474108906
   512 -0.975474109387
   513 -0.975474109848
   514 -0.975474110289
   515 -0.975474110711
   516 -0.975474111115
   517 -0.975474111502
   518 -0.975474111873
   519 -0.975474112227
   520 -0.975474112567
   521 -0.975474112892
   522 -0.975474113203
   523 -0.975474113501
   524 -0.975474113786
   525 -0.975474114059
   526 -0.975474114320
   527 -0.975474114570
   528 -0.975474114810
   529 -0.975474115039
   530 -0.975474115258
   531 -0.975474115468
   532 -0.975474115669
   533 -0.975474115862
   534 -0.975474116046
   535 -0.975474116222
   536 -0.975474116391
   537 -0.975474116552
   538 -0.975474116707
   539 -0.975474116855
   540 -0.975474116997
   541 -0.975474117132
   542 -0.975474117262
   543 -0.975474117386
   544 -0.975474117505
   545 -0.975474117619
   546 -0.975474117728
   547 -0.975474117832
   548 -0.975474117932
   549 -0.975474118028
   550 -0.975474118119
   551 -0.975474118207
   552 -0.975474118291
   553 -0.975474118371
   554 -0.975474118448
   555 -0.975474118521
   556 -0.975474118592
   557 -0.975474118659
   558 -0.975474118723
   559 -0.975474118785
   560 -0.975474118844
   561 -0.975474118901
   562 -0.975474118955
   563 -0.975474119007
   564 -0.975474119056
   565 -0.975474119104
   566 -0.975474119149
   567 -0.975474119192
   568 -0.975474119234
   569 -0.975474119274
   570 -0.975474119312
   571 -0.975474119348
   572 -0.975474119383
   573 -0.975474119417
   574 -0.975474119449
   575 -0.975474119479
   576 -0.975474119509
   577 -0.975474119537
   578 -0.975474119564
   579 -0.975474119589
   580 -0.975474119614
   581 -0.975474119637
   582 -0.975474119660
   583 -0.975474119682
   584 -0.975474119702
   585 -0.975474119722
   586 -0.975474119741
   587 -0.975474119759
   588 -0.975474119776
   589 -0.975474119793
   590 -0.975474119809
   591 -0.975474119824
   592 -0.975474119838
   593 -0.975474119852
   594 -0.975474119866
   595 -0.975474119878
   596 -0.975474119891
   597 -0.975474119902
   598 -0.975474119913
   599 -0.975474119924
   600 -0.975474119934
   601 -0.975474119944
   602 -0.975474119954
   603 -0.975474119963
   604 -0.975474119971
   605 -0.975474119979
   606 -0.975474119987
   607 -0.975474119995
   608 -0.975474120002
   609 -0.975474120009
   610 -0.975474120015
   611 -0.975474120022
   612 -0.975474120028
   613 -0.975474120034
   614 -0.975474120039
   615 -0.975474120044
   616 -0.975474120050
   617 -0.975474120054
   618 -0.975474120059
   619 -0.975474120064
   620 -0.975474120068
   621 -0.975474120072
   622 -0.975474120076
   623 -0.975474120079
   624 -0.975474120083
   625 -0.975474120086
   626 -0.975474120090
   627 -0.975474120093
   628 -0.975474120096
   629 -0.975474120099
   630 -0.975474120102
   631 -0.975474120104
   632 -0.975474120107
   633 -0.975474120109
   634 -0.975474120111
   635 -0.975474120114
   636 -0.975474120116
   637 -0.975474120118
   638 -0.975474120120
   639 -0.975474120122
   640 -0.975474120123
   641 -0.975474120125
   642 -0.975474120127
   643 -0.975474120128
   644 -0.975474120130
   645 -0.975474120131
   646 -0.975474120132
   647 -0.975474120134
   648 -0.975474120135
   649 -0.975474120136
   650 -0.975474120137
   651 -0.975474120138
   652 -0.975474120139
   653 -0.975474120140
   654 -0.975474120141
   655 -0.975474120142
   656 -0.975474120143
   657 -0.975474120144
   658 -0.975474120145
   659 -0.975474120146
   660 -0.975474120146
   661 -0.975474120147
   662 -0.975474120148
   663 -0.975474120148
   664 -0.975474120149
   665 -0.975474120150
   666 -0.975474120150
   667 -0.975474120151
   668 -0.975474120151
   669 -0.975474120152
   670 -0.975474120152
   671 -0.975474120153
   672 -0.975474120153
   673 -0.975474120153
   674 -0.975474120154
   675 -0.975474120154
   676 -0.975474120155
   677 -0.975474120155
   678 -0.975474120155
   679 -0.975474120156
   680 -0.975474120156
   681 -0.975474120156
   682 -0.975474120157
   683 -0.975474120157
   684 -0.975474120157
   685 -0.975474120157
   686 -0.975474120158
   687 -0.975474120158
   688 -0.975474120158
   689 -0.975474120158
   690 -0.975474120158
   691 -0.975474120159
   692 -0.975474120159
   693 -0.975474120159
   694 -0.975474120159
   695 -0.975474120159
   696 -0.975474120159
   697 -0.975474120160
   698 -0.975474120160
   699 -0.975474120160
   700 -0.975474120160
   701 -0.975474120160
   702 -0.975474120160
   703 -0.975474120160
   704 -0.975474120160
   705 -0.975474120160
   706 -0.975474120161
   707 -0.975474120161
   708 -0.975474120161
   709 -0.975474120161
   710 -0.975474120161
   711 -0.975474120161
   712 -0.975474120161
   713 -0.975474120161
   714 -0.975474120161
   715 -0.975474120161
   716 -0.975474120161
   717 -0.975474120161
   718 -0.975474120161
   719 -0.975474120162
   720 -0.975474120162
   721 -0.975474120162
   722 -0.975474120162
   723 -0.975474120162
   724 -0.975474120162
   725 -0.975474120162
   726 -0.975474120162
   727 -0.975474120162
   728 -0.975474120162
   729 -0.975474120162
   730 -0.975474120162
   731 -0.975474120162
   732 -0.975474120162
   733 -0.975474120162
   734 -0.975474120162
   735 -0.975474120162
   736 -0.975474120162
   737 -0.975474120162
   738 -0.975474120162
   739 -0.975474120162
   740 -0.975474120162
   741 -0.975474120162
   742 -0.975474120162
   743 -0.975474120162
   744 -0.975474120162
   745 -0.975474120162
   746 -0.975474120162
   747 -0.975474120162
   748 -0.975474120162
   749 -0.975474120162
   750 -0.975474120162
   751 -0.975474120162
   752 -0.975474120162
   753 -0.975474120162
   754 -0.975474120163
   755 -0.975474120163
   756 -0.975474120163
   757 -0.975474120163
   758 -0.975474120163
   759 -0.975474120163
   760 -0.975474120163
   761 -0.975474120163
   762 -0.975474120163
   763 -0.975474120163
   764 -0.975474120163
   765 -0.975474120163
   766 -0.975474120163
   767 -0.975474120163
   768 -0.975474120163
   769 -0.975474120163
   770 -0.975474120163
   771 -0.975474120163
   772 -0.975474120163
   773 -0.975474120163
   774 -0.975474120163
   775 -0.975474120163
   776 -0.975474120163
   777 -0.975474120163
   778 -0.975474120163
   779 -0.975474120163
   780 -0.975474120163
   781 -0.975474120163
   782 -0.975474120163
   783 -0.975474120163
   784 -0.975474120163
   785 -0.975474120163
   786 -0.975474120163
   787 -0.975474120163
   788 -0.975474120163
   789 -0.975474120163
   790 -0.975474120163
   791 -0.975474120163
   792 -0.975474120163
   793 -0.975474120163
   794 -0.975474120163
   795 -0.975474120163
   796 -0.975474120163
   797 -0.975474120163
   798 -0.975474120163
   799 -0.975474120163
   800 -0.975474120163
   801 -0.975474120163
   802 -0.975474120163
   803 -0.975474120163
   804 -0.975474120163
   805 -0.975474120163
   806 -0.975474120163
   807 -0.975474120163
   808 -0.975474120163
   809 -0.975474120163
   810 -0.975474120163
   811 -0.975474120163
   812 -0.975474120163
   813 -0.975474120163
   814 -0.975474120163
   815 -0.975474120163
   816 -0.975474120163
   817 -0.975474120163
   818 -0.975474120163
   819 -0.975474120163
   820 -0.975474120163
   821 -0.975474120163
   822 -0.975474120163
   823 -0.975474120163
   824 -0.975474120163
   825 -0.975474120163
   826 -0.975474120163
   827 -0.975474120163
   828 -0.975474120163
   829 -0.975474120163
   830 -0.975474120163
   831 -0.975474120163
   832 -0.975474120163
   833 -0.975474120163
   834 -0.975474120163
   835 -0.975474120163
   836 -0.975474120163
   837 -0.975474120163
   838 -0.975474120163
   839 -0.975474120163
   840 -0.975474120163
   841 -0.975474120163
   842 -0.975474120163
   843 -0.975474120163
   844 -0.975474120163
   845 -0.975474120163
   846 -0.975474120163
   847 -0.975474120163
   848 -0.975474120163
   849 -0.975474120163
   850 -0.975474120163
   851 -0.975474120163
   852 -0.975474120163
   853 -0.975474120163
   854 -0.975474120163
   855 -0.975474120163
   856 -0.975474120163
   857 -0.975474120163
   858 -0.975474120163
   859 -0.975474120163
   860 -0.975474120163
   861 -0.975474120163
   862 -0.975474120163
   863 -0.975474120163
   864 -0.975474120163
   865 -0.975474120163
   866 -0.975474120163
   867 -0.975474120163
   868 -0.975474120163
   869 -0.975474120163
   870 -0.975474120163
   871 -0.975474120163
   872 -0.975474120163
   873 -0.975474120163
   874 -0.975474120163
   875 -0.975474120163
   876 -0.975474120163
   877 -0.975474120163
   878 -0.975474120163
   879 -0.975474120163
   880 -0.975474120163
   881 -0.975474120163
   882 -0.975474120163
   883 -0.975474120163
   884 -0.975474120163
   885 -0.975474120163
   886 -0.975474120163
   887 -0.975474120163
   888 -0.975474120163
   889 -0.975474120163
   890 -0.975474120163
   891 -0.975474120163
   892 -0.975474120163
   893 -0.975474120163
   894 -0.975474120163
   895 -0.975474120163
   896 -0.975474120163
   897 -0.975474120163
   898 -0.975474120163
   899 -0.975474120163
   900 -0.975474120163
   901 -0.975474120163
   902 -0.975474120163
   903 -0.975474120163
   904 -0.975474120163
   905 -0.975474120163
   906 -0.975474120163
   907 -0.975474120163
   908 -0.975474120163
   909 -0.975474120163
   910 -0.975474120163
   911 -0.975474120163
   912 -0.975474120163
   913 -0.975474120163
   914 -0.975474120163
   915 -0.975474120163
   916 -0.975474120163
   917 -0.975474120163
   918 -0.975474120163
   919 -0.975474120163
   920 -0.975474120163
   921 -0.975474120163
   922 -0.975474120163
   923 -0.975474120163
   924 -0.975474120163
   925 -0.975474120163
   926 -0.975474120163
   927 -0.975474120163
   928 -0.975474120163
   929 -0.975474120163
   930 -0.975474120163
   931 -0.975474120163
   932 -0.975474120163
   933 -0.975474120163
   934 -0.975474120163
   935 -0.975474120163
   936 -0.975474120163
   937 -0.975474120163
   938 -0.975474120163
   939 -0.975474120163
   940 -0.975474120163
   941 -0.975474120163
   942 -0.975474120163
   943 -0.975474120163
   944 -0.975474120163
   945 -0.975474120163
   946 -0.975474120163
   947 -0.975474120163
   948 -0.975474120163
   949 -0.975474120163
   950 -0.975474120163
   951 -0.975474120163
   952 -0.975474120163
   953 -0.975474120163
   954 -0.975474120163
   955 -0.975474120163
   956 -0.975474120163
   957 -0.975474120163
   958 -0.975474120163
   959 -0.975474120163
   960 -0.975474120163
   961 -0.975474120163
   962 -0.975474120163
   963 -0.975474120163
   964 -0.975474120163
   965 -0.975474120163
   966 -0.975474120163
   967 -0.975474120163
   968 -0.975474120163
   969 -0.975474120163
   970 -0.975474120163
   971 -0.975474120163
   972 -0.975474120163
   973 -0.975474120163
   974 -0.975474120163
   975 -0.975474120163
   976 -0.975474120163
   977 -0.975474120163
   978 -0.975474120163
   979 -0.975474120163
   980 -0.975474120163
   981 -0.975474120163
   982 -0.975474120163
   983 -0.975474120163
   984 -0.975474120163
   985 -0.975474120163
   986 -0.975474120163
   987 -0.975474120163
   988 -0.975474120163
   989 -0.975474120163
   990 -0.975474120163
   991 -0.975474120163
   992 -0.975474120163
   993 -0.975474120163
   994 -0.975474120163
   995 -0.975474120163
   996 -0.975474120163
   997 -0.975474120163
   998 -0.975474120163
   999 -0.975474120163
  1000 -0.975474120163
  1001 -0.975474120163
  1002 -0.975474120163
  1003 -0.975474120163
  1004 -0.975474120163
  1005 -0.975474120163
  1006 -0.975474120163
  1007 -0.975474120163
  1008 -0.975474120163
  1009 -0.975474120163
  1010 -0.975474120163
  1011 -0.975474120163
  1012 -0.975474120163
  1013 -0.975474120163
  1014 -0.975474120163
  1015 -0.975474120163
  1016 -0.975474120163
  1017 -0.975474120163
  1018 -0.975474120163
  1019 -0.975474120163
  1020 -0.975474120163
  1021 -0.975474120163
  1022 -0.975474120163
  1023 -0.975474120163
  1024 -0.975474120163
  1025 -0.975474120163
  1026 -0.975474120163
  1027 -0.975474120163
  1028 -0.975474120163
  1029 -0.975474120163
  1030 -0.975474120163
  1031 -0.975474120163
  1032 -0.975474120163
  1033 -0.975474120163
  1034 -0.975474120163
  1035 -0.975474120163
  1036 -0.975474120163
  1037 -0.975474120163
  1038 -0.975474120163
  1039 -0.975474120163
  1040 -0.975474120163
  1041 -0.975474120163
  1042 -0.975474120163
  1043 -0.975474120163
  1044 -0.975474120163
  1045 -0.975474120163
  1046 -0.975474120163
  1047 -0.975474120163
  1048 -0.975474120163
  1049 -0.975474120163
  1050 -0.975474120163
  1051 -0.975474120163
  1052 -0.975474120163
  1053 -0.975474120163
  1054 -0.975474120163
  1055 -0.975474120163
  1056 -0.975474120163
  1057 -0.975474120163
  1058 -0.975474120163
  1059 -0.975474120163
  1060 -0.975474120163
  1061 -0.975474120163
  1062 -0.975474120163
  1063 -0.975474120163
  1064 -0.975474120163
  1065 -0.975474120163
  1066 -0.975474120163
  1067 -0.975474120163
  1068 -0.975474120163
  1069 -0.975474120163
  1070 -0.975474120163
  1071 -0.975474120163
  1072 -0.975474120163
  1073 -0.975474120163
  1074 -0.975474120163
  1075 -0.975474120163
  1076 -0.975474120163
  1077 -0.975474120163
  1078 -0.975474120163
  1079 -0.975474120163
  1080 -0.975474120163
  1081 -0.975474120163
  1082 -0.975474120163
  1083 -0.975474120163
  1084 -0.975474120163
  1085 -0.975474120163
  1086 -0.975474120163
  1087 -0.975474120163
  1088 -0.975474120163
  1089 -0.975474120163
  1090 -0.975474120163
  1091 -0.975474120163
  1092 -0.975474120163
  1093 -0.975474120163
  1094 -0.975474120163
  1095 -0.975474120163
  1096 -0.975474120163
  1097 -0.975474120163
  1098 -0.975474120163
  1099 -0.975474120163
  1100 -0.975474120163
  1101 -0.975474120163
  1102 -0.975474120163
  1103 -0.975474120163
  1104 -0.975474120163
  1105 -0.975474120163
  1106 -0.975474120163
  1107 -0.975474120163
  1108 -0.975474120163
  1109 -0.975474120163
  1110 -0.975474120163
  1111 -0.975474120163
  1112 -0.975474120163
  1113 -0.975474120163
  1114 -0.975474120163
  1115 -0.975474120163
  1116 -0.975474120163
  1117 -0.975474120163
  1118 -0.975474120163
  1119 -0.975474120163
  1120 -0.975474120163
  1121 -0.975474120163
  1122 -0.975474120163
  1123 -0.975474120163
  1124 -0.975474120163
  1125 -0.975474120163
  1126 -0.975474120163
  1127 -0.975474120163
  1128 -0.975474120163
  1129 -0.975474120163
  1130 -0.975474120163
  1131 -0.975474120163
  1132 -0.975474120163
  1133 -0.975474120163
  1134 -0.975474120163
  1135 -0.975474120163
  1136 -0.975474120163
  1137 -0.975474120163
  1138 -0.975474120163
  1139 -0.975474120163
  1140 -0.975474120163
  1141 -0.975474120163
  1142 -0.975474120163
  1143 -0.975474120163
  1144 -0.975474120163
  1145 -0.975474120163
  1146 -0.975474120163
  1147 -0.975474120163
  1148 -0.975474120163
  1149 -0.975474120163
  1150 -0.975474120163
  1151 -0.975474120163
  1152 -0.975474120163
  1153 -0.975474120163
  1154 -0.975474120163
  1155 -0.975474120163
  1156 -0.975474120163
  1157 -0.975474120163
  1158 -0.975474120163
  1159 -0.975474120163
  1160 -0.975474120163
  1161 -0.975474120163
  1162 -0.975474120163
  1163 -0.975474120163
  1164 -0.975474120163
  1165 -0.975474120163
  1166 -0.975474120163
  1167 -0.975474120163
  1168 -0.975474120163
  1169 -0.975474120163
  1170 -0.975474120163
  1171 -0.975474120163
  1172 -0.975474120163
  1173 -0.975474120163
  1174 -0.975474120163
  1175 -0.975474120163
  1176 -0.975474120163
  1177 -0.975474120163
  1178 -0.975474120163
  1179 -0.975474120163
  1180 -0.975474120163
  1181 -0.975474120163
  1182 -0.975474120163
  1183 -0.975474120163
  1184 -0.975474120163
  1185 -0.975474120163
  1186 -0.975474120163
  1187 -0.975474120163
  1188 -0.975474120163
  1189 -0.975474120163
  1190 -0.975474120163
  1191 -0.975474120163
  1192 -0.975474120163
  1193 -0.975474120163
  1194 -0.975474120163
  1195 -0.975474120163
  1196 -0.975474120163
  1197 -0.975474120163
  1198 -0.975474120163
  1199 -0.975474120163
  1200 -0.975474120163
  1201 -0.975474120163
  1202 -0.975474120163
  1203 -0.975474120163
  1204 -0.975474120163
  1205 -0.975474120163
  1206 -0.975474120163
  1207 -0.975474120163
  1208 -0.975474120163
  1209 -0.975474120163
  1210 -0.975474120163
  1211 -0.975474120163
  1212 -0.975474120163
  1213 -0.975474120163
  1214 -0.975474120163
  1215 -0.975474120163
  1216 -0.975474120163
  1217 -0.975474120163
  1218 -0.975474120163
  1219 -0.975474120163
  1220 -0.975474120163
  1221 -0.975474120163
  1222 -0.975474120163
  1223 -0.975474120163
  1224 -0.975474120163
  1225 -0.975474120163
  1226 -0.975474120163
  1227 -0.975474120163
  1228 -0.975474120163
  1229 -0.975474120163
  1230 -0.975474120163
  1231 -0.975474120163
  1232 -0.975474120163
  1233 -0.975474120163
  1234 -0.975474120163
  1235 -0.975474120163
  1236 -0.975474120163
  1237 -0.975474120163
  1238 -0.975474120163
  1239 -0.975474120163
  1240 -0.975474120163
  1241 -0.975474120163
  1242 -0.975474120163
  1243 -0.975474120163
  1244 -0.975474120163
  1245 -0.975474120163
  1246 -0.975474120163
  1247 -0.975474120163
  1248 -0.975474120163
  1249 -0.975474120163
  1250 -0.975474120163
  1251 -0.975474120163
  1252 -0.975474120163
  1253 -0.975474120163
  1254 -0.975474120163
  1255 -0.975474120163
  1256 -0.975474120163
  1257 -0.975474120163
  1258 -0.975474120163
  1259 -0.975474120163
  1260 -0.975474120163
  1261 -0.975474120163
  1262 -0.975474120163
  1263 -0.975474120163
  1264 -0.975474120163
  1265 -0.975474120163
  1266 -0.975474120163
  1267 -0.975474120163
  1268 -0.975474120163
  1269 -0.975474120163
  1270 -0.975474120163
  1271 -0.975474120163
  1272 -0.975474120163
  1273 -0.975474120163
  1274 -0.975474120163
  1275 -0.975474120163
  1276 -0.975474120163
  1277 -0.975474120163
  1278 -0.975474120163
  1279 -0.975474120163
  1280 -0.975474120163
  1281 -0.975474120163
  1282 -0.975474120163
  1283 -0.975474120163
  1284 -0.975474120163
  1285 -0.975474120163
  1286 -0.975474120163
  1287 -0.975474120163
  1288 -0.975474120163
  1289 -0.975474120163
  1290 -0.975474120163
  1291 -0.975474120163
  1292 -0.975474120163
  1293 -0.975474120163
  1294 -0.975474120163
  1295 -0.975474120163
  1296 -0.975474120163
  1297 -0.975474120163
  1298 -0.975474120163
  1299 -0.975474120163
  1300 -0.975474120163
  1301 -0.975474120163
  1302 -0.975474120163
  1303 -0.975474120163
  1304 -0.975474120163
  1305 -0.975474120163
  1306 -0.975474120163
  1307 -0.975474120163
  1308 -0.975474120163
  1309 -0.975474120163
  1310 -0.975474120163
  1311 -0.975474120163
  1312 -0.975474120163
  1313 -0.975474120163
  1314 -0.975474120163
  1315 -0.975474120163
  1316 -0.975474120163
  1317 -0.975474120163
  1318 -0.975474120163
  1319 -0.975474120163
  1320 -0.975474120163
  1321 -0.975474120163
  1322 -0.975474120163
  1323 -0.975474120163
  1324 -0.975474120163
  1325 -0.975474120163
  1326 -0.975474120163
  1327 -0.975474120163
  1328 -0.975474120163
  1329 -0.975474120163
  1330 -0.975474120163
  1331 -0.975474120163
  1332 -0.975474120163
  1333 -0.975474120163
  1334 -0.975474120163
  1335 -0.975474120163
  1336 -0.975474120163
  1337 -0.975474120163
  1338 -0.975474120163
  1339 -0.975474120163
  1340 -0.975474120163
  1341 -0.975474120163
  1342 -0.975474120163
  1343 -0.975474120163
  1344 -0.975474120163
  1345 -0.975474120163
  1346 -0.975474120163
  1347 -0.975474120163
  1348 -0.975474120163
  1349 -0.975474120163
  1350 -0.975474120163
  1351 -0.975474120163
  1352 -0.975474120163
  1353 -0.975474120163
  1354 -0.975474120163
  1355 -0.975474120163
  1356 -0.975474120163
  1357 -0.975474120163
  1358 -0.975474120163
  1359 -0.975474120163
  1360 -0.975474120163
  1361 -0.975474120163
  1362 -0.975474120163
  1363 -0.975474120163
  1364 -0.975474120163
  1365 -0.975474120163
  1366 -0.975474120163
  1367 -0.975474120163
  1368 -0.975474120163
  1369 -0.975474120163
  1370 -0.975474120163
  1371 -0.975474120163
  1372 -0.975474120163
  1373 -0.975474120163
  1374 -0.975474120163
  1375 -0.975474120163
  1376 -0.975474120163
  1377 -0.975474120163
  1378 -0.975474120163
  1379 -0.975474120163
  1380 -0.975474120163
  1381 -0.975474120163
  1382 -0.975474120163
  1383 -0.975474120163
  1384 -0.975474120163
  1385 -0.975474120163
  1386 -0.975474120163
  1387 -0.975474120163
  1388 -0.975474120163
  1389 -0.975474120163
  1390 -0.975474120163
  1391 -0.975474120163
  1392 -0.975474120163
  1393 -0.975474120163
  1394 -0.975474120163
  1395 -0.975474120163
  1396 -0.975474120163
  1397 -0.975474120163
  1398 -0.975474120163
  1399 -0.975474120163
  1400 -0.975474120163
  1401 -0.975474120163
  1402 -0.975474120163
  1403 -0.975474120163
  1404 -0.975474120163
  1405 -0.975474120163
  1406 -0.975474120163
  1407 -0.975474120163
  1408 -0.975474120163
  1409 -0.975474120163
  1410 -0.975474120163
  1411 -0.975474120163
  1412 -0.975474120163
  1413 -0.975474120163
  1414 -0.975474120163
  1415 -0.975474120163
  1416 -0.975474120163
  1417 -0.975474120163
  1418 -0.975474120163
  1419 -0.975474120163
  1420 -0.975474120163
  1421 -0.975474120163
  1422 -0.975474120163
  1423 -0.975474120163
  1424 -0.975474120163
  1425 -0.975474120163
  1426 -0.975474120163
  1427 -0.975474120163
  1428 -0.975474120163
  1429 -0.975474120163
  1430 -0.975474120163
  1431 -0.975474120163
  1432 -0.975474120163
  1433 -0.975474120163
  1434 -0.975474120163
  1435 -0.975474120163
  1436 -0.975474120163
  1437 -0.975474120163
  1438 -0.975474120163
  1439 -0.975474120163
  1440 -0.975474120163
  1441 -0.975474120163
  1442 -0.975474120163
  1443 -0.975474120163
  1444 -0.975474120163
  1445 -0.975474120163
  1446 -0.975474120163
  1447 -0.975474120163
  1448 -0.975474120163
  1449 -0.975474120163
  1450 -0.975474120163
  1451 -0.975474120163
  1452 -0.975474120163
  1453 -0.975474120163
  1454 -0.975474120163
  1455 -0.975474120163
  1456 -0.975474120163
  1457 -0.975474120163
  1458 -0.975474120163
  1459 -0.975474120163
  1460 -0.975474120163
  1461 -0.975474120163
  1462 -0.975474120163
  1463 -0.975474120163
  1464 -0.975474120163
  1465 -0.975474120163
  1466 -0.975474120163
  1467 -0.975474120163
  1468 -0.975474120163
  1469 -0.975474120163
  1470 -0.975474120163
  1471 -0.975474120163
  1472 -0.975474120163
  1473 -0.975474120163
  1474 -0.975474120163
  1475 -0.975474120163
  1476 -0.975474120163
  1477 -0.975474120163
  1478 -0.975474120163
  1479 -0.975474120163
  1480 -0.975474120163
  1481 -0.975474120163
  1482 -0.975474120163
  1483 -0.975474120163
  1484 -0.975474120163
  1485 -0.975474120163
  1486 -0.975474120163
  1487 -0.975474120163
  1488 -0.975474120163
  1489 -0.975474120163
  1490 -0.975474120163
  1491 -0.975474120163
  1492 -0.975474120163
  1493 -0.975474120163
  1494 -0.975474120163
  1495 -0.975474120163
  1496 -0.975474120163
  1497 -0.975474120163
  1498 -0.975474120163
  1499 -0.975474120163
  1500 -0.975474120163
  1501 -0.975474120163
  1502 -0.975474120163
  1503 -0.975474120163
  1504 -0.975474120163
  1505 -0.975474120163
  1506 -0.975474120163
  1507 -0.975474120163
  1508 -0.975474120163
  1509 -0.975474120163
  1510 -0.975474120163
  1511 -0.975474120163
  1512 -0.975474120163
  1513 -0.975474120163
  1514 -0.975474120163
  1515 -0.975474120163
  1516 -0.975474120163
  1517 -0.975474120163
  1518 -0.975474120163
  1519 -0.975474120163
  1520 -0.975474120163
  1521 -0.975474120163
  1522 -0.975474120163
  1523 -0.975474120163
  1524 -0.975474120163
  1525 -0.975474120163
  1526 -0.975474120163
  1527 -0.975474120163
  1528 -0.975474120163
  1529 -0.975474120163
  1530 -0.975474120163
  1531 -0.975474120163
  1532 -0.975474120163
  1533 -0.975474120163
  1534 -0.975474120163
  1535 -0.975474120163
  1536 -0.975474120163
  1537 -0.975474120163
  1538 -0.975474120163
  1539 -0.975474120163
  1540 -0.975474120163
  1541 -0.975474120163
  1542 -0.975474120163
  1543 -0.975474120163
  1544 -0.975474120163
  1545 -0.975474120163
  1546 -0.975474120163
  1547 -0.975474120163
  1548 -0.975474120163
  1549 -0.975474120163
  1550 -0.975474120163
  1551 -0.975474120163
  1552 -0.975474120163
  1553 -0.975474120163
  1554 -0.975474120163
  1555 -0.975474120163
  1556 -0.975474120163
  1557 -0.975474120163
  1558 -0.975474120163
  1559 -0.975474120163
  1560 -0.975474120163
  1561 -0.975474120163
  1562 -0.975474120163
  1563 -0.975474120163
  1564 -0.975474120163
  1565 -0.975474120163
  1566 -0.975474120163
  1567 -0.975474120163
  1568 -0.975474120163
  1569 -0.975474120163
  1570 -0.975474120163
  1571 -0.975474120163
  1572 -0.975474120163
  1573 -0.975474120163
  1574 -0.975474120163
  1575 -0.975474120163
  1576 -0.975474120163
  1577 -0.975474120163
  1578 -0.975474120163
  1579 -0.975474120163
  1580 -0.975474120163
  1581 -0.975474120163
  1582 -0.975474120163
  1583 -0.975474120163
  1584 -0.975474120163
  1585 -0.975474120163
  1586 -0.975474120163
  1587 -0.975474120163
  1588 -0.975474120163
  1589 -0.975474120163
  1590 -0.975474120163
  1591 -0.975474120163
  1592 -0.975474120163
  1593 -0.975474120163
  1594 -0.975474120163
  1595 -0.975474120163
  1596 -0.975474120163
  1597 -0.975474120163
  1598 -0.975474120163
  1599 -0.975474120163
  1600 -0.975474120163
  1601 -0.975474120163
  1602 -0.975474120163
  1603 -0.975474120163
  1604 -0.975474120163
  1605 -0.975474120163
  1606 -0.975474120163
  1607 -0.975474120163
  1608 -0.975474120163
  1609 -0.975474120163
  1610 -0.975474120163
  1611 -0.975474120163
  1612 -0.975474120163
  1613 -0.975474120163
  1614 -0.975474120163
  1615 -0.975474120163
  1616 -0.975474120163
  1617 -0.975474120163
  1618 -0.975474120163
  1619 -0.975474120163
  1620 -0.975474120163
  1621 -0.975474120163
  1622 -0.975474120163
  1623 -0.975474120163
  1624 -0.975474120163
  1625 -0.975474120163
  1626 -0.975474120163
  1627 -0.975474120163
  1628 -0.975474120163
  1629 -0.975474120163
  1630 -0.975474120163
  1631 -0.975474120163
  1632 -0.975474120163
  1633 -0.975474120163
  1634 -0.975474120163
  1635 -0.975474120163
  1636 -0.975474120163
  1637 -0.975474120163
  1638 -0.975474120163
  1639 -0.975474120163
  1640 -0.975474120163
  1641 -0.975474120163
  1642 -0.975474120163
  1643 -0.975474120163
  1644 -0.975474120163
  1645 -0.975474120163
  1646 -0.975474120163
  1647 -0.975474120163
  1648 -0.975474120163
  1649 -0.975474120163
  1650 -0.975474120163
  1651 -0.975474120163
  1652 -0.975474120163
  1653 -0.975474120163
  1654 -0.975474120163
  1655 -0.975474120163
  1656 -0.975474120163
  1657 -0.975474120163
  1658 -0.975474120163
  1659 -0.975474120163
  1660 -0.975474120163
  1661 -0.975474120163
  1662 -0.975474120163
  1663 -0.975474120163
  1664 -0.975474120163
  1665 -0.975474120163
  1666 -0.975474120163
  1667 -0.975474120163
  1668 -0.975474120163
  1669 -0.975474120163
  1670 -0.975474120163
  1671 -0.975474120163
  1672 -0.975474120163
  1673 -0.975474120163
  1674 -0.975474120163
  1675 -0.975474120163
  1676 -0.975474120163
  1677 -0.975474120163
  1678 -0.975474120163
  1679 -0.975474120163
  1680 -0.975474120163
  1681 -0.975474120163
  1682 -0.975474120163
  1683 -0.975474120163
  1684 -0.975474120163
  1685 -0.975474120163
  1686 -0.975474120163
  1687 -0.975474120163
  1688 -0.975474120163
  1689 -0.975474120163
  1690 -0.975474120163
  1691 -0.975474120163
  1692 -0.975474120163
  1693 -0.975474120163
  1694 -0.975474120163
  1695 -0.975474120163
  1696 -0.975474120163
  1697 -0.975474120163
  1698 -0.975474120163
  1699 -0.975474120163
  1700 -0.975474120163
  1701 -0.975474120163
  1702 -0.975474120163
  1703 -0.975474120163
  1704 -0.975474120163
  1705 -0.975474120163
  1706 -0.975474120163
  1707 -0.975474120163
  1708 -0.975474120163
  1709 -0.975474120163
  1710 -0.975474120163
  1711 -0.975474120163
  1712 -0.975474120163
  1713 -0.975474120163
  1714 -0.975474120163
  1715 -0.975474120163
  1716 -0.975474120163
  1717 -0.975474120163
  1718 -0.975474120163
  1719 -0.975474120163
  1720 -0.975474120163
  1721 -0.975474120163
  1722 -0.975474120163
  1723 -0.975474120163
  1724 -0.975474120163
  1725 -0.975474120163
  1726 -0.975474120163
  1727 -0.975474120163
  1728 -0.975474120163
  1729 -0.975474120163
  1730 -0.975474120163
  1731 -0.975474120163
  1732 -0.975474120163
  1733 -0.975474120163
  1734 -0.975474120163
  1735 -0.975474120163
  1736 -0.975474120163
  1737 -0.975474120163
  1738 -0.975474120163
  1739 -0.975474120163
  1740 -0.975474120163
  1741 -0.975474120163
  1742 -0.975474120163
  1743 -0.975474120163
  1744 -0.975474120163
  1745 -0.975474120163
  1746 -0.975474120163
  1747 -0.975474120163
  1748 -0.975474120163
  1749 -0.975474120163
  1750 -0.975474120163
  1751 -0.975474120163
  1752 -0.975474120163
  1753 -0.975474120163
  1754 -0.975474120163
  1755 -0.975474120163
  1756 -0.975474120163
  1757 -0.975474120163
  1758 -0.975474120163
  1759 -0.975474120163
  1760 -0.975474120163
  1761 -0.975474120163
  1762 -0.975474120163
  1763 -0.975474120163
  1764 -0.975474120163
  1765 -0.975474120163
  1766 -0.975474120163
  1767 -0.975474120163
  1768 -0.975474120163
  1769 -0.975474120163
  1770 -0.975474120163
  1771 -0.975474120163
  1772 -0.975474120163
  1773 -0.975474120163
  1774 -0.975474120163
  1775 -0.975474120163
  1776 -0.975474120163
  1777 -0.975474120163
  1778 -0.975474120163
  1779 -0.975474120163
  1780 -0.975474120163
  1781 -0.975474120163
  1782 -0.975474120163
  1783 -0.975474120163
  1784 -0.975474120163
  1785 -0.975474120163
  1786 -0.975474120163
  1787 -0.975474120163
  1788 -0.975474120163
  1789 -0.975474120163
  1790 -0.975474120163
  1791 -0.975474120163
  1792 -0.975474120163
  1793 -0.975474120163
  1794 -0.975474120163
  1795 -0.975474120163
  1796 -0.975474120163
  1797 -0.975474120163
  1798 -0.975474120163
  1799 -0.975474120163
  1800 -0.975474120163
  1801 -0.975474120163
  1802 -0.975474120163
  1803 -0.975474120163
  1804 -0.975474120163
  1805 -0.975474120163
  1806 -0.975474120163
  1807 -0.975474120163
  1808 -0.975474120163
  1809 -0.975474120163
  1810 -0.975474120163
  1811 -0.975474120163
  1812 -0.975474120163
  1813 -0.975474120163
  1814 -0.975474120163
  1815 -0.975474120163
  1816 -0.975474120163
  1817 -0.975474120163
  1818 -0.975474120163
  1819 -0.975474120163
  1820 -0.975474120163
  1821 -0.975474120163
  1822 -0.975474120163
  1823 -0.975474120163
  1824 -0.975474120163
  1825 -0.975474120163
  1826 -0.975474120163
  1827 -0.975474120163
  1828 -0.975474120163
  1829 -0.975474120163
  1830 -0.975474120163
  1831 -0.975474120163
  1832 -0.975474120163
  1833 -0.975474120163
  1834 -0.975474120163
  1835 -0.975474120163
  1836 -0.975474120163
  1837 -0.975474120163
  1838 -0.975474120163
  1839 -0.975474120163
  1840 -0.975474120163
  1841 -0.975474120163
  1842 -0.975474120163
  1843 -0.975474120163
  1844 -0.975474120163
  1845 -0.975474120163
  1846 -0.975474120163
  1847 -0.975474120163
  1848 -0.975474120163
  1849 -0.975474120163
  1850 -0.975474120163
  1851 -0.975474120163
  1852 -0.975474120163
  1853 -0.975474120163
  1854 -0.975474120163
  1855 -0.975474120163
  1856 -0.975474120163
  1857 -0.975474120163
  1858 -0.975474120163
  1859 -0.975474120163
  1860 -0.975474120163
  1861 -0.975474120163
  1862 -0.975474120163
  1863 -0.975474120163
  1864 -0.975474120163
  1865 -0.975474120163
  1866 -0.975474120163
  1867 -0.975474120163
  1868 -0.975474120163
  1869 -0.975474120163
  1870 -0.975474120163
  1871 -0.975474120163
  1872 -0.975474120163
  1873 -0.975474120163
  1874 -0.975474120163
  1875 -0.975474120163
  1876 -0.975474120163
  1877 -0.975474120163
  1878 -0.975474120163
  1879 -0.975474120163
  1880 -0.975474120163
  1881 -0.975474120163
  1882 -0.975474120163
  1883 -0.975474120163
  1884 -0.975474120163
  1885 -0.975474120163
  1886 -0.975474120163
  1887 -0.975474120163
  1888 -0.975474120163
  1889 -0.975474120163
  1890 -0.975474120163
  1891 -0.975474120163
  1892 -0.975474120163
  1893 -0.975474120163
  1894 -0.975474120163
  1895 -0.975474120163
  1896 -0.975474120163
  1897 -0.975474120163
  1898 -0.975474120163
  1899 -0.975474120163
  1900 -0.975474120163
  1901 -0.975474120163
  1902 -0.975474120163
  1903 -0.975474120163
  1904 -0.975474120163
  1905 -0.975474120163
  1906 -0.975474120163
  1907 -0.975474120163
  1908 -0.975474120163
  1909 -0.975474120163
  1910 -0.975474120163
  1911 -0.975474120163
  1912 -0.975474120163
  1913 -0.975474120163
  1914 -0.975474120163
  1915 -0.975474120163
  1916 -0.975474120163
  1917 -0.975474120163
  1918 -0.975474120163
  1919 -0.975474120163
  1920 -0.975474120163
  1921 -0.975474120163
  1922 -0.975474120163
  1923 -0.975474120163
  1924 -0.975474120163
  1925 -0.975474120163
  1926 -0.975474120163
  1927 -0.975474120163
  1928 -0.975474120163
  1929 -0.975474120163
  1930 -0.975474120163
  1931 -0.975474120163
  1932 -0.975474120163
  1933 -0.975474120163
  1934 -0.975474120163
  1935 -0.975474120163
  1936 -0.975474120163
  1937 -0.975474120163
  1938 -0.975474120163
  1939 -0.975474120163
  1940 -0.975474120163
  1941 -0.975474120163
  1942 -0.975474120163
  1943 -0.975474120163
  1944 -0.975474120163
  1945 -0.975474120163
  1946 -0.975474120163
  1947 -0.975474120163
  1948 -0.975474120163
  1949 -0.975474120163
  1950 -0.975474120163
  1951 -0.975474120163
  1952 -0.975474120163
  1953 -0.975474120163
  1954 -0.975474120163
  1955 -0.975474120163
  1956 -0.975474120163
  1957 -0.975474120163
  1958 -0.975474120163
  1959 -0.975474120163
  1960 -0.975474120163
  1961 -0.975474120163
  1962 -0.975474120163
  1963 -0.975474120163
  1964 -0.975474120163
  1965 -0.975474120163
  1966 -0.975474120163
  1967 -0.975474120163
  1968 -0.975474120163
  1969 -0.975474120163
  1970 -0.975474120163
  1971 -0.975474120163
  1972 -0.975474120163
  1973 -0.975474120163
  1974 -0.975474120163
  1975 -0.975474120163
  1976 -0.975474120163
  1977 -0.975474120163
  1978 -0.975474120163
  1979 -0.975474120163
  1980 -0.975474120163
  1981 -0.975474120163
  1982 -0.975474120163
  1983 -0.975474120163
  1984 -0.975474120163
  1985 -0.975474120163
  1986 -0.975474120163
  1987 -0.975474120163
  1988 -0.975474120163
  1989 -0.975474120163
  1990 -0.975474120163
  1991 -0.975474120163
  1992 -0.975474120163
  1993 -0.975474120163
  1994 -0.975474120163
  1995 -0.975474120163
  1996 -0.975474120163
  1997 -0.975474120163
  1998 -0.975474120163
  1999 -0.975474120163
  2000 -0.975474120163
