     1 -0.927932218904
     2 -1.064526319248
     3 -1.045209659436
     4 -1.040361244776
     5 -1.040616446702
     6 -1.041219469091
     7 -1.041846152619
     8 -1.042499676528
     9 -1.043261200781
    10 -1.044250290653
    11 -1.045540886535
    12 -1.047085468844
    13 -1.048733997397
    14 -1.050311437947
    15 -1.051691319563
    16 -1.052823200384
    17 -1.053714689498
    18 -1.054402148765
    19 -1.054929228437
    20 -1.055335638109
    21 -1.055653150204
    22 -1.055905466412
    23 -1.056109617138
    24 -1.056277645557
    25 -1.056418062820
    26 -1.056536944727
    27 -1.056638702526
    28 -1.056726605041
    29 -1.056803126758
    30 -1.056870179525
    31 -1.056929268083
    32 -1.056981596116
    33 -1.057028140000
    34 -1.057069701209
    35 -1.057106944375
    36 -1.057140425515
    37 -1.057170613346
    38 -1.057197905693
    39 -1.057222642138
    40 -1.057245114322
    41 -1.057265573730
    42 -1.057284238388
    43 -1.057301297990
    44 -1.057316918263
    45 -1.057331244479
    46 -1.057344404529
    47 -1.057356511224
    48 -1.057367664444
    49 -1.057377952825
    50 -1.057387455337
    51 -1.111137813013
    52 -1.031876320999
    53 -1.040807675941
    54 -1.048163790344
    55 -1.052567009775
    56 -1.054889290900
    57 -1.056048719654
    58 -1.056624805867
    59 -1.056916944140
    60 -1.057070776554
    61 -1.057156342264
    62 -1.057207486759
    63 -1.057240746005
    64 -1.057264324794
    65 -1.057282377901
    66 -1.057297065933
    67 -1.057309551543
    68 -1.057320487643
    69 -1.057330260084
    70 -1.057339110411
    71 -1.057347199276
    72 -1.057354640043
    73 -1.057361517118
    74 -1.057367896287
    75 -1.057373830766
    76 -1.057379364850
    77 -1.057384536304
    78 -1.057389377802
    79 -1.057393918016
    80 -1.057398182348
    81 -1.057402193468
    82 -1.057405971725
    83 -1.057409535470
    84 -1.057412901310
    85 -1.057416084315
    86 -1.057419098197
    87 -1.057421955455
    88 -1.057424667488
    89 -1.057427244763
    90 -1.057429696827
    91 -1.057432032445
    92 -1.057434259663
    93 -1.057436385875
    94 -1.057438417882
    95 -1.057440361943
    96 -1.057442223829
    97 -1.057444008860
    98 -1.057445721946
    99 -1.057447367624
   100 -1.057448950088
   101 -1.116044168032
   102 -1.036197304481
   103 -1.042663597429
   104 -1.048760549253
   105 -1.052877033754
   106 -1.054898346458
   107 -1.055850758268
   108 -1.056317597568
   109 -1.056562304533
   110 -1.056702306186
   111 -1.056790924691
   112 -1.056852993650
   113 -1.056900411150
   114 -1.056939068725
   115 -1.056972006683
   116 -1.057000879594
   117 -1.057026649303
   118 -1.057049918867
   119 -1.057071096870
   120 -1.057090480475
   121 -1.057108298579
   122 -1.057124735406
   123 -1.057139943829
   124 -1.057154053467
   125 -1.057167175932
   126 -1.057179408286
   127 -1.057190835600
   128 -1.057201532921
   129 -1.057211566686
   130 -1.057220995963
   131 -1.057229873406
   132 -1.057238246139
   133 -1.057246156364
   134 -1.057253641998
   135 -1.057260737161
   136 -1.057267472621
   137 -1.057273876170
   138 -1.057279972951
   139 -1.057285785749
   140 -1.057291335247
   141 -1.057296640232
   142 -1.057301717833
   143 -1.057306583646
   144 -1.057311251911
   145 -1.057315735647
   146 -1.057320046770
   147 -1.057324196204
   148 -1.057328193973
   149 -1.057332049289
   150 -1.057335770629
   151 -1.136168576250
   152 -1.043484771271
   153 -1.050278696804
   154 -1.054286104117
   155 -1.055901352451
   156 -1.056585035516
   157 -1.056900535322
   158 -1.057060224798
   159 -1.057148127129
   160 -1.057200064618
   161 -1.057232643994
   162 -1.057254200048
   163 -1.057269206578
   164 -1.057280194441
   165 -1.057288652797
   166 -1.057295483506
   167 -1.057301244447
   168 -1.057306286253
   169 -1.057310832073
   170 -1.057315025430
   171 -1.057318959554
   172 -1.057322695625
   173 -1.057326274268
   174 -1.057329722838
   175 -1.057333060091
   176 -1.057336299166
   177 -1.057339449523
   178 -1.057342518189
   179 -1.057345510565
   180 -1.057348430958
   181 -1.057351282925
   182 -1.057354069497
   183 -1.057356793332
   184 -1.057359456810
   185 -1.057362062105
   186 -1.057364611223
   187 -1.057367106040
   188 -1.057369548321
   189 -1.057371939733
   190 -1.057374281862
   191 -1.057376576215
   192 -1.057378824233
   193 -1.057381027294
   194 -1.057383186717
   195 -1.057385303767
   196 -1.057387379657
   197 -1.057389415553
   198 -1.057391412573
   199 -1.057393371796
   200 -1.057395294257
   201 -1.163099257162
   202 -1.040600582955
   203 -1.045443954309
   204 -1.051351766589
   205 -1.054217286394
   206 -1.055614482079
   207 -1.056318700327
   208 -1.056683572714
   209 -1.056879247406
   210 -1.056989198560
   211 -1.057054842872
   212 -1.057096976714
   213 -1.057126199513
   214 -1.057148019633
   215 -1.057165371831
   216 -1.057179868567
   217 -1.057192428738
   218 -1.057203598131
   219 -1.057213715667
   220 -1.057223001787
   221 -1.057231606603
   222 -1.057239636933
   223 -1.057247171944
   224 -1.057254272497
   225 -1.057260986899
   226 -1.057267354544
   227 -1.057273408299
   228 -1.057279176092
   229 -1.057284682019
   230 -1.057289947115
   231 -1.057294989924
   232 -1.057299826920
   233 -1.057304472830
   234 -1.057308940887
   235 -1.057313243031
   236 -1.057317390075
   237 -1.057321391841
   238 -1.057325257279
   239 -1.057328994558
   240 -1.057332611157
   241 -1.057336113934
   242 -1.057339509191
   243 -1.057342802731
   244 -1.057345999905
   245 -1.057349105657
   246 -1.057352124562
   247 -1.057355060860
   248 -1.057357918489
   249 -1.057360701109
   250 -1.057363412127
   251 -1.137101426459
   252 -1.038113812454
   253 -1.047879696690
   254 -1.053128062720
   255 -1.055374711976
   256 -1.056344226010
   257 -1.056778714338
   258 -1.056983301547
   259 -1.057085721344
   260 -1.057141042622
   261 -1.057173759161
   262 -1.057195119525
   263 -1.057210467697
   264 -1.057222438624
   265 -1.057232385868
   266 -1.057241036377
   267 -1.057248799298
   268 -1.057255916165
   269 -1.057262536470
   270 -1.057268757090
   271 -1.057274643649
   272 -1.057280242535
   273 -1.057285587891
   274 -1.057290705827
   275 -1.057295617014
   276 -1.057300338342
   277 -1.057304883979
   278 -1.057309266091
   279 -1.057313495309
   280 -1.057317581065
   281 -1.057321531827
   282 -1.057325355261
   283 -1.057329058358
   284 -1.057332647533
   285 -1.057336128690
   286 -1.057339507291
   287 -1.057342788395
   288 -1.057345976704
   289 -1.057349076597
   290 -1.057352092157
   291 -1.057355027197
   292 -1.057357885288
   293 -1.057360669772
   294 -1.057363383774
   295 -1.057366030260
   296 -1.057368611988
   297 -1.057371131564
   298 -1.057373591443
   299 -1.057375993941
   300 -1.057378341244
   301 -1.158110839192
   302 -1.040293656487
   303 -1.048403491726
   304 -1.053080709525
   305 -1.055283872015
   306 -1.056332548065
   307 -1.056840251368
   308 -1.057091193443
   309 -1.057218486952
   310 -1.057285219005
   311 -1.057321675610
   312 -1.057342625758
   313 -1.057355409341
   314 -1.057363757715
   315 -1.057369617473
   316 -1.057374033424
   317 -1.057377583143
   318 -1.057380595344
   319 -1.057383262304
   320 -1.057385699320
   321 -1.057387977061
   322 -1.057390139694
   323 -1.057392215310
   324 -1.057394222077
   325 -1.057396171954
   326 -1.057398072959
   327 -1.057399930592
   328 -1.057401748729
   329 -1.057403530182
   330 -1.057405277071
   331 -1.057406991056
   332 -1.057408673483
   333 -1.057410325491
   334 -1.057411948071
   335 -1.057413542111
   336 -1.057415108419
   337 -1.057416647750
   338 -1.057418160811
   339 -1.057419648272
   340 -1.057421110772
   341 -1.057422548924
   342 -1.057423963317
   343 -1.057425354516
   344 -1.057426723069
   345 -1.057428069503
   346 -1.057429394328
   347 -1.057430698038
   348 -1.057431981109
   349 -1.057433244004
   350 -1.057434487172
   351 -1.057435711044
   352 -1.057436916043
   353 -1.057438102575
   354 -1.057439271037
   355 -1.057440421810
   356 -1.057441555268
   357 -1.057442671771
   358 -1.057443771671
   359 -1.057444855306
   360 -1.057445923008
   361 -1.057446975098
   362 -1.057448011888
   363 -1.057449033680
   364 -1.057450040769
   365 -1.057451033441
   366 -1.057452011976
   367 -1.057452976643
   368 -1.057453927706
   369 -1.057454865421
   370 -1.057455790038
   371 -1.057456701798
   372 -1.057457600939
   373 -1.057458487689
   374 -1.057459362274
   375 -1.057460224910
   376 -1.057461075810
   377 -1.057461915182
   378 -1.057462743225
   379 -1.057463560138
   380 -1.057464366111
   381 -1.057465161331
   382 -1.057465945979
   383 -1.057466720234
   384 -1.057467484269
   385 -1.057468238251
   386 -1.057468982346
   387 -1.057469716715
   388 -1.057470441514
   389 -1.057471156896
   390 -1.057471863012
   391 -1.057472560006
   392 -1.057473248021
   393 -1.057473927197
   394 -1.057474597669
   395 -1.057475259571
   396 -1.057475913031
   397 -1.057476558178
   398 -1.057477195134
   399 -1.057477824022
   400 -1.057478444960
   401 -1.057479058063
   402 -1.057479663445
   403 -1.057480261218
   404 -1.057480851489
   405 -1.057481434366
   406 -1.057482009951
   407 -1.057482578347
   408 -1.057483139653
   409 -1.057483693968
   410 -1.057484241386
   411 -1.057484782001
   412 -1.057485315906
   413 -1.057485843190
   414 -1.057486363941
   415 -1.057486878245
   416 -1.057487386188
   417 -1.057487887853
   418 -1.057488383320
   419 -1.057488872670
   420 -1.057489355981
   421 -1.057489833331
   422 -1.057490304795
   423 -1.057490770446
   424 -1.057491230358
   425 -1.057491684603
   426 -1.057492133250
   427 -1.057492576368
   428 -1.057493014026
   429 -1.057493446289
   430 -1.057493873224
   431 -1.057494294895
   432 -1.057494711364
   433 -1.057495122695
   434 -1.057495528949
   435 -1.057495930185
   436 -1.057496326463
   437 -1.057496717841
   438 -1.057497104377
   439 -1.057497486127
   440 -1.057497863147
   441 -1.057498235491
   442 -1.057498603214
   443 -1.057498966369
   444 -1.057499325008
   445 -1.057499679183
   446 -1.057500028944
   447 -1.057500374342
   448 -1.057500715426
   449 -1.057501052246
   450 -1.057501384848
   451 -1.057501713281
   452 -1.057502037591
   453 -1.057502357825
   454 -1.057502674028
   455 -1.057502986245
   456 -1.057503294521
   457 -1.057503598899
   458 -1.057503899422
   459 -1.057504196135
   460 -1.057504489078
   461 -1.057504778293
   462 -1.057505063822
   463 -1.057505345706
   464 -1.057505623984
   465 -1.057505898697
   466 -1.057506169884
   467 -1.057506437583
   468 -1.057506701834
   469 -1.057506962674
   470 -1.057507220141
   471 -1.057507474272
   472 -1.057507725104
   473 -1.057507972674
   474 -1.057508217017
   475 -1.057508458168
   476 -1.057508696165
   477 -1.057508931040
   478 -1.057509162829
   479 -1.057509391566
   480 -1.057509617285
   481 -1.057509840020
   482 -1.057510059803
   483 -1.057510276668
   484 -1.057510490646
   485 -1.057510701771
   486 -1.057510910074
   487 -1.057511115587
   488 -1.057511318341
   489 -1.057511518367
   490 -1.057511715696
   491 -1.057511910359
   492 -1.057512102385
   493 -1.057512291804
   494 -1.057512478646
   495 -1.057512662941
   496 -1.057512844717
   497 -1.057513024003
   498 -1.057513200828
   499 -1.057513375220
   500 -1.057513547207
   501 -1.057513716816
   502 -1.057513884076
   503 -1.057514049014
   504 -1.057514211656
   505 -1.057514372029
   506 -1.057514530161
   507 -1.057514686076
   508 -1.057514839802
   509 -1.057514991364
   510 -1.057515140788
   511 -1.057515288098
   512 -1.057515433321
   513 -1.057515576481
   514 -1.057515717603
   515 -1.057515856712
   516 -1.057515993830
   517 -1.057516128984
   518 -1.057516262196
   519 -1.057516393489
   520 -1.057516522888
   521 -1.057516650416
   522 -1.057516776095
   523 -1.057516899949
   524 -1.057517021999
   525 -1.057517142268
   526 -1.057517260779
   527 -1.057517377553
   528 -1.057517492611
   529 -1.057517605976
   530 -1.057517717664
   531 -1.057517827705
   532 -1.057517936116
   533 -1.057518042917
   534 -1.057518148130
   535 -1.057518251773
   536 -1.057518353868
   537 -1.057518454435
   538 -1.057518553492
   539 -1.057518651060
   540 -1.057518747158
   541 -1.057518841805
   542 -1.057518935019
   543 -1.057519026821
   544 -1.057519117228
   545 -1.057519206259
   546 -1.057519293932
   547 -1.057519380265
   548 -1.057519465276
   549 -1.057519548983
   550 -1.057519631402
   551 -1.057519712552
   552 -1.057519792450
   553 -1.057519871112
   554 -1.057519948555
   555 -1.057520024796
   556 -1.057520099851
   557 -1.057520173737
   558 -1.057520246469
   559 -1.057520318064
   560 -1.057520388536
   561 -1.057520457903
   562 -1.057520526178
   563 -1.057520593378
   564 -1.057520659517
   565 -1.057520724611
   566 -1.057520788673
   567 -1.057520851718
   568 -1.057520913762
   569 -1.057520974817
   570 -1.057521034899
   571 -1.057521094020
   572 -1.057521152195
   573 -1.057521209438
   574 -1.057521265761
   575 -1.057521321178
   576 -1.057521375702
   577 -1.057521429346
   578 -1.057521482123
   579 -1.057521534046
   580 -1.057521585126
   581 -1.057521635376
   582 -1.057521684809
   583 -1.057521733436
   584 -1.057521781270
   585 -1.057521828322
   586 -1.057521874604
   587 -1.057521920126
   588 -1.057521964901
   589 -1.057522008940
   590 -1.057522052254
   591 -1.057522094853
   592 -1.057522136749
   593 -1.057522177951
   594 -1.057522218471
   595 -1.057522258319
   596 -1.057522297504
   597 -1.057522336038
   598 -1.057522373930
   599 -1.057522411190
   600 -1.057522447827
   601 -1.057522483852
   602 -1.057522519273
   603 -1.057522554100
   604 -1.057522588342
   605 -1.057522622008
   606 -1.057522655108
   607 -1.057522687649
   608 -1.057522719641
   609 -1.057522751093
   610 -1.057522782012
   611 -1.057522812407
   612 -1.057522842286
   613 -1.057522871658
   614 -1.057522900530
   615 -1.057522928911
   616 -1.057522956808
   617 -1.057522984228
   618 -1.057523011180
   619 -1.057523037671
   620 -1.057523063709
   621 -1.057523089300
   622 -1.057523114451
   623 -1.057523139170
   624 -1.057523163464
   625 -1.057523187340
   626 -1.057523210804
   627 -1.057523233863
   628 -1.057523256523
   629 -1.057523278792
   630 -1.057523300675
   631 -1.057523322178
   632 -1.057523343309
   633 -1.057523364072
   634 -1.057523384474
   635 -1.057523404522
   636 -1.057523424220
   637 -1.057523443574
   638 -1.057523462591
   639 -1.057523481276
   640 -1.057523499633
   641 -1.057523517670
   642 -1.057523535390
   643 -1.057523552799
   644 -1.057523569903
   645 -1.057523586706
   646 -1.057523603214
   647 -1.057523619431
   648 -1.057523635363
   649 -1.057523651013
   650 -1.057523666388
   651 -1.057523681491
   652 -1.057523696326
   653 -1.057523710900
   654 -1.057523725215
   655 -1.057523739276
   656 -1.057523753088
   657 -1.057523766655
   658 -1.057523779981
   659 -1.057523793069
   660 -1.057523805925
   661 -1.057523818552
   662 -1.057523830954
   663 -1.057523843134
   664 -1.057523855098
   665 -1.057523866847
   666 -1.057523878386
   667 -1.057523889719
   668 -1.057523900849
   669 -1.057523911780
   670 -1.057523922515
   671 -1.057523933057
   672 -1.057523943409
   673 -1.057523953576
   674 -1.057523963560
   675 -1.057523973364
   676 -1.057523982992
   677 -1.057523992446
   678 -1.057524001729
   679 -1.057524010846
   680 -1.057524019797
   681 -1.057524028587
   682 -1.057524037218
   683 -1.057524045693
   684 -1.057524054015
   685 -1.057524062185
   686 -1.057524070208
   687 -1.057524078085
   688 -1.057524085820
   689 -1.057524093414
   690 -1.057524100869
   691 -1.057524108190
   692 -1.057524115377
   693 -1.057524122434
   694 -1.057524129361
   695 -1.057524136163
   696 -1.057524142841
   697 -1.057524149397
   698 -1.057524155833
   699 -1.057524162152
   700 -1.057524168355
   701 -1.057524174445
   702 -1.057524180424
   703 -1.057524186293
   704 -1.057524192054
   705 -1.057524197711
   706 -1.057524203263
   707 -1.057524208714
   708 -1.057524214064
   709 -1.057524219317
   710 -1.057524224473
   711 -1.057524229534
   712 -1.057524234502
   713 -1.057524239379
   714 -1.057524244166
   715 -1.057524248865
   716 -1.057524253478
   717 -1.057524258005
   718 -1.057524262449
   719 -1.057524266812
   720 -1.057524271093
   721 -1.057524275296
   722 -1.057524279421
   723 -1.057524283469
   724 -1.057524287443
   725 -1.057524291344
   726 -1.057524295172
   727 -1.057524298930
   728 -1.057524302618
   729 -1.057524306237
   730 -1.057524309790
   731 -1.057524313276
   732 -1.057524316698
   733 -1.057524320057
   734 -1.057524323353
   735 -1.057524326588
   736 -1.057524329763
   737 -1.057524332879
   738 -1.057524335937
   739 -1.057524338938
   740 -1.057524341884
   741 -1.057524344774
   742 -1.057524347611
   743 -1.057524350395
   744 -1.057524353127
   745 -1.057524355808
   746 -1.057524358440
   747 -1.057524361022
   748 -1.057524363556
   749 -1.057524366043
   750 -1.057524368483
   751 -1.057524370878
   752 -1.057524373228
   753 -1.057524375534
   754 -1.057524377797
   755 -1.057524380017
   756 -1.057524382197
   757 -1.057524384335
   758 -1.057524386433
   759 -1.057524388493
   760 -1.057524390513
   761 -1.057524392496
   762 -1.057524394441
   763 -1.057524396351
   764 -1.057524398224
   765 -1.057524400062
   766 -1.057524401866
   767 -1.057524403636
   768 -1.057524405372
   769 -1.057524407076
   770 -1.057524408749
   771 -1.057524410389
   772 -1.057524411999
   773 -1.057524413579
   774 -1.057524415129
   775 -1.057524416649
   776 -1.057524418141
   777 -1.057524419606
   778 -1.057524421042
   779 -1.057524422452
   780 -1.057524423834
   781 -1.057524425191
   782 -1.057524426523
   783 -1.057524427829
   784 -1.057524429111
   785 -1.057524430368
   786 -1.057524431602
   787 -1.057524432813
   788 -1.057524434000
   789 -1.057524435165
   790 -1.057524436309
   791 -1.057524437430
   792 -1.057524438531
   793 -1.057524439611
   794 -1.057524440670
   795 -1.057524441709
   796 -1.057524442729
   797 -1.057524443730
   798 -1.057524444711
   799 -1.057524445674
   800 -1.057524446619
   801 -1.057524447546
   802 -1.057524448455
   803 -1.057524449347
   804 -1.057524450222
   805 -1.057524451081
   806 -1.057524451924
   807 -1.057524452750
   808 -1.057524453561
   809 -1.057524454356
   810 -1.057524455137
   811 -1.057524455902
   812 -1.057524456653
   813 -1.057524457390
   814 -1.057524458113
   815 -1.057524458822
   816 -1.057524459518
   817 -1.057524460200
   818 -1.057524460870
   819 -1.057524461527
   820 -1.057524462171
   821 -1.057524462803
   822 -1.057524463424
   823 -1.057524464032
   824 -1.057524464629
   825 -1.057524465214
   826 -1.057524465789
   827 -1.057524466352
   828 -1.057524466905
   829 -1.057524467447
   830 -1.057524467979
   831 -1.057524468501
   832 -1.057524469013
   833 -1.057524469515
   834 -1.057524470007
   835 -1.057524470490
   836 -1.057524470964
   837 -1.057524471429
   838 -1.057524471886
   839 -1.057524472333
   840 -1.057524472772
   841 -1.057524473203
   842 -1.057524473625
   843 -1.057524474039
   844 -1.057524474446
   845 -1.057524474844
   846 -1.057524475235
   847 -1.057524475619
   848 -1.057524475995
   849 -1.057524476365
   850 -1.057524476727
   851 -1.057524477082
   852 -1.057524477430
   853 -1.057524477772
   854 -1.057524478107
   855 -1.057524478436
   856 -1.057524478759
   857 -1.057524479075
   858 -1.057524479386
   859 -1.057524479690
   860 -1.057524479989
   861 -1.057524480282
   862 -1.057524480569
   863 -1.057524480851
   864 -1.057524481128
   865 -1.057524481399
   866 -1.057524481665
   867 -1.057524481926
   868 -1.057524482182
   869 -1.057524482433
   870 -1.057524482679
   871 -1.057524482921
   872 -1.057524483158
   873 -1.057524483390
   874 -1.057524483618
   875 -1.057524483842
   876 -1.057524484061
   877 -1.057524484276
   878 -1.057524484487
   879 -1.057524484694
   880 -1.057524484897
   881 -1.057524485097
   882 -1.057524485292
   883 -1.057524485484
   884 -1.057524485672
   885 -1.057524485856
   886 -1.057524486037
   887 -1.057524486214
   888 -1.057524486388
   889 -1.057524486559
   890 -1.057524486726
   891 -1.057524486890
   892 -1.057524487051
   893 -1.057524487209
   894 -1.057524487364
   895 -1.057524487516
   896 -1.057524487665
   897 -1.057524487811
   898 -1.057524487955
   899 -1.057524488095
   900 -1.057524488233
   901 -1.057524488369
   902 -1.057524488501
   903 -1.057524488631
   904 -1.057524488759
   905 -1.057524488884
   906 -1.057524489007
   907 -1.057524489128
   908 -1.057524489246
   909 -1.057524489362
   910 -1.057524489475
   911 -1.057524489587
   912 -1.057524489696
   913 -1.057524489803
   914 -1.057524489909
   915 -1.057524490012
   916 -1.057524490113
   917 -1.057524490212
   918 -1.057524490310
   919 -1.057524490405
   920 -1.057524490499
   921 -1.057524490591
   922 -1.057524490681
   923 -1.057524490769
   924 -1.057524490856
   925 -1.057524490941
   926 -1.057524491024
   927 -1.057524491106
   928 -1.057524491186
   929 -1.057524491265
   930 -1.057524491342
   931 -1.057524491418
   932 -1.057524491492
   933 -1.057524491565
   934 -1.057524491636
   935 -1.057524491706
   936 -1.057524491775
   937 -1.057524491842
   938 -1.057524491908
   939 -1.057524491973
   940 -1.057524492036
   941 -1.057524492099
   942 -1.057524492160
   943 -1.057524492220
   944 -1.057524492279
   945 -1.057524492336
   946 -1.057524492393
   947 -1.057524492448
   948 -1.057524492503
   949 -1.057524492556
   950 -1.057524492608
   951 -1.057524492660
   952 -1.057524492710
   953 -1.057524492760
   954 -1.057524492808
   955 -1.057524492855
   956 -1.057524492902
   957 -1.057524492948
   958 -1.057524492993
   959 -1.057524493037
   960 -1.057524493080
   961 -1.057524493122
   962 -1.057524493163
   963 -1.057524493204
   964 -1.057524493244
   965 -1.057524493283
   966 -1.057524493321
   967 -1.057524493359
   968 -1.057524493396
   969 -1.057524493432
   970 -1.057524493468
   971 -1.057524493502
   972 -1.057524493537
   973 -1.057524493570
   974 -1.057524493603
   975 -1.057524493635
   976 -1.057524493667
   977 -1.057524493698
   978 -1.057524493728
   979 -1.057524493758
   980 -1.057524493787
   981 -1.057524493816
   982 -1.057524493844
   983 -1.057524493872
   984 -1.057524493899
   985 -1.057524493925
   986 -1.057524493951
   987 -1.057524493977
   988 -1.057524494002
   989 -1.057524494026
   990 -1.057524494050
   991 -1.057524494074
   992 -1.057524494097
   993 -1.057524494120
   994 -1.057524494142
   995 -1.057524494164
   996 -1.057524494185
   997 -1.057524494206
   998 -1.057524494227
   999 -1.057524494247
  1000 -1.057524494267
