     1 -0.913784585297
     2 -1.022678357978
     3 -1.276668210647
     4 -1.412064863356
     5 -1.492137234156
     6 -1.542026614429
     7 -1.575264807021
     8 -1.599160396237
     9 -1.617545517109
    10 -1.632411124733
    11 -1.644470671882
    12 -1.653557456760
    13 -1.659810044686
    14 -1.664823573454
    15 -1.670254169932
    16 -1.676634413779
    17 -1.683618033167
    18 -1.690334725702
    19 -1.695734711934
    20 -1.699396653377
    21 -1.701356667559
    22 -1.702709518108
    23 -1.703474251583
    24 -1.704732434854
    25 -1.705425470725
    26 -1.706628285846
    27 -1.707811781953
    28 -1.708979643308
    29 -1.710134664105
    30 -1.711279005567
    31 -1.712414369335
    32 -1.713542116287
    33 -1.714663349577
    34 -1.715778973899
    35 -1.715821623463
    36 -1.717996270137
    37 -1.718030980382
    38 -1.720198662139
    39 -1.720227235873
    40 -1.720253259131
    41 -1.722413244323
    42 -1.722434974784
    43 -1.722454893393
    44 -1.724609416099
    45 -1.724626244626
    46 -1.724641752471
    47 -1.724656065871
    48 -1.728941757486
    49 -1.728954004708
    50 -1.728965356807
    51 -1.833463915753
    52 -1.704995622728
    53 -1.810320765638
    54 -1.803457982737
    55 -1.777501644781
    56 -1.765940676085
    57 -1.755858808431
    58 -1.751874799724
    59 -1.743471520516
    60 -1.743543383938
    61 -1.739309193762
    62 -1.739330999941
    63 -1.735072075187
    64 -1.735081317781
    65 -1.735088230079
    66 -1.735093802605
    67 -1.735098548688
    68 -1.735102743403
    69 -1.735106540355
    70 -1.735110029680
    71 -1.735113267384
    72 -1.735116290500
    73 -1.735119125110
    74 -1.735121790701
    75 -1.735124302610
    76 -1.735126673429
    77 -1.735128913851
    78 -1.735131033183
    79 -1.735133039682
    80 -1.735134940775
    81 -1.735136743211
    82 -1.735138453164
    83 -1.735140076319
    84 -1.735141617926
    85 -1.735143082854
    86 -1.735144475625
    87 -1.735145800451
    88 -1.735147061256
    89 -1.735148261705
    90 -1.735149405222
    91 -1.735150495010
    92 -1.735151534067
    93 -1.735152525201
    94 -1.735153471046
    95 -1.735154374071
    96 -1.735155236594
    97 -1.735156060790
    98 -1.735156848706
    99 -1.735157602263
   100 -1.735158323269
   101 -1.831686408908
   102 -1.822082588932
   103 -1.810525599521
   104 -1.817834363825
   105 -1.800912658522
   106 -1.785927884903
   107 -1.773948916796
   108 -1.763720757390
   109 -1.755425173040
   110 -1.751293492575
   111 -1.751375414303
   112 -1.742879689875
   113 -1.742910132795
   114 -1.742929479318
   115 -1.742942060043
   116 -1.742950405869
   117 -1.742956043101
   118 -1.742959917952
   119 -1.742962630519
   120 -1.742964568280
   121 -1.742965984876
   122 -1.742967048058
   123 -1.742967869632
   124 -1.742968524554
   125 -1.742969063314
   126 -1.742969520049
   127 -1.742969917932
   128 -1.742970272749
   129 -1.742970595302
   130 -1.742970893023
   131 -1.742971171061
   132 -1.742971433014
   133 -1.742971681428
   134 -1.742971918130
   135 -1.742972144459
   136 -1.742972361415
   137 -1.742972569767
   138 -1.742972770126
   139 -1.742972962988
   140 -1.742973148770
   141 -1.742973327832
   142 -1.742973500494
   143 -1.742973667044
   144 -1.742973827744
   145 -1.742973982839
   146 -1.742974132559
   147 -1.742974277121
   148 -1.742974416729
   149 -1.742974551578
   150 -1.742974681855
   151 -1.807173873080
   152 -1.805095366669
   153 -1.788402030442
   154 -1.784679296037
   155 -1.771365057417
   156 -1.760184550724
   157 -1.752138556903
   158 -1.748096736013
   159 -1.743934764096
   160 -1.739717901860
   161 -1.739747652452
   162 -1.739764744090
   163 -1.739775345834
   164 -1.735509991194
   165 -1.735515118475
   166 -1.735519069835
   167 -1.735522290007
   168 -1.735525035776
   169 -1.735527461044
   170 -1.735529661069
   171 -1.735531696447
   172 -1.735533606640
   173 -1.735535417891
   174 -1.735537147997
   175 -1.735538809271
   176 -1.735540410418
   177 -1.735541957739
   178 -1.735543455920
   179 -1.735544908547
   180 -1.735546318453
   181 -1.735547687945
   182 -1.735549018962
   183 -1.735550313177
   184 -1.735551572069
   185 -1.735552796972
   186 -1.735553989106
   187 -1.735555149604
   188 -1.735556279526
   189 -1.735557379872
   190 -1.735558451590
   191 -1.735559495581
   192 -1.735560512706
   193 -1.735561503791
   194 -1.735562469625
   195 -1.735563410966
   196 -1.735564328543
   197 -1.735565223059
   198 -1.735566095189
   199 -1.735566945582
   200 -1.735567774867
   201 -1.824533061212
   202 -1.681818562717
   203 -1.786042252484
   204 -1.805997159345
   205 -1.797740116621
   206 -1.782988958708
   207 -1.767907696514
   208 -1.757713087931
   209 -1.749423311716
   210 -1.745288487100
   211 -1.741093135181
   212 -1.741138257639
   213 -1.736893469649
   214 -1.736911295868
   215 -1.736923379101
   216 -1.736932008981
   217 -1.736938504185
   218 -1.736943646185
   219 -1.736947909583
   220 -1.736951588549
   221 -1.736954868493
   222 -1.736957867901
   223 -1.736960663391
   224 -1.736963305044
   225 -1.736965825939
   226 -1.736968248183
   227 -1.736970586744
   228 -1.736972851930
   229 -1.736975050986
   230 -1.736977189136
   231 -1.736979270265
   232 -1.736981297365
   233 -1.736983272828
   234 -1.736985198638
   235 -1.736987076503
   236 -1.736988907936
   237 -1.736990694309
   238 -1.736992436897
   239 -1.736994136896
   240 -1.736995795444
   241 -1.736997413630
   242 -1.736998992504
   243 -1.737000533080
   244 -1.737002036340
   245 -1.737003503238
   246 -1.737004934701
   247 -1.737006331630
   248 -1.737007694903
   249 -1.737009025375
   250 -1.737010323877
   251 -1.853970067096
   252 -1.766563572835
   253 -1.755557761811
   254 -1.780442855240
   255 -1.771154298125
   256 -1.755094086979
   257 -1.744863356516
   258 -1.740800979560
   259 -1.740906523470
   260 -1.740963698433
   261 -1.740996919094
   262 -1.736744998075
   263 -1.736758413776
   264 -1.736767624188
   265 -1.736774252852
   266 -1.736779246729
   267 -1.736783179139
   268 -1.736786407119
   269 -1.736789157734
   270 -1.736791577688
   271 -1.736793762940
   272 -1.736795776901
   273 -1.736797661871
   274 -1.736799446336
   275 -1.736801149686
   276 -1.736802785289
   277 -1.736804362502
   278 -1.736805888003
   279 -1.736807366667
   280 -1.736808802152
   281 -1.736810197284
   282 -1.736811554318
   283 -1.736812875111
   284 -1.736814161241
   285 -1.736815414081
   286 -1.736816634857
   287 -1.736817824681
   288 -1.736818984579
   289 -1.736820115507
   290 -1.736821218364
   291 -1.736822293999
   292 -1.736823343222
   293 -1.736824366804
   294 -1.736825365485
   295 -1.736826339971
   296 -1.736827290946
   297 -1.736828219062
   298 -1.736829124953
   299 -1.736830009225
   300 -1.736830872468
   301 -1.852822801703
   302 -1.780413138564
   303 -1.831471126882
   304 -1.829254761548
   305 -1.806643194561
   306 -1.781888565546
   307 -1.765185182334
   308 -1.756811521949
   309 -1.748344994687
   310 -1.748382772377
   311 -1.744129827909
   312 -1.744140824103
   313 -1.744147657961
   314 -1.739879881922
   315 -1.739883383683
   316 -1.739886186053
   317 -1.739888543598
   318 -1.739890597668
   319 -1.739892431261
   320 -1.739894095868
   321 -1.739895625146
   322 -1.739897042166
   323 -1.739898363452
   324 -1.739899601304
   325 -1.739900765211
   326 -1.739901862730
   327 -1.739902900043
   328 -1.739903882336
   329 -1.739904814048
   330 -1.739905699043
   331 -1.739906540729
   332 -1.739907342150
   333 -1.739908106043
   334 -1.739908834891
   335 -1.739909530955
   336 -1.739910196308
   337 -1.739910832849
   338 -1.739911442330
   339 -1.739912026367
   340 -1.739912586455
   341 -1.739913123978
   342 -1.739913640220
   343 -1.739914136375
   344 -1.739914613549
   345 -1.739915072776
   346 -1.739915515017
   347 -1.739915941167
   348 -1.739916352064
   349 -1.739916748487
   350 -1.739917131168
   351 -1.739917500789
   352 -1.739917857991
   353 -1.739918203371
   354 -1.739918537493
   355 -1.739918860882
   356 -1.739919174035
   357 -1.739919477416
   358 -1.739919771462
   359 -1.739920056586
   360 -1.739920333175
   361 -1.739920601595
   362 -1.739920862189
   363 -1.739921115283
   364 -1.739921361184
   365 -1.739921600183
   366 -1.739921832552
   367 -1.739922058553
   368 -1.739922278431
   369 -1.739922492419
   370 -1.739922700737
   371 -1.739922903596
   372 -1.739923101195
   373 -1.739923293721
   374 -1.739923481356
   375 -1.739923664270
   376 -1.739923842626
   377 -1.739924016578
   378 -1.739924186275
   379 -1.739924351857
   380 -1.739924513459
   381 -1.739924671210
   382 -1.739924825231
   383 -1.739924975640
   384 -1.739925122549
   385 -1.739925266066
   386 -1.739925406294
   387 -1.739925543330
   388 -1.739925677269
   389 -1.739925808203
   390 -1.739925936217
   391 -1.739926061395
   392 -1.739926183818
   393 -1.739926303562
   394 -1.739926420702
   395 -1.739926535310
   396 -1.739926647453
   397 -1.739926757198
   398 -1.739926864609
   399 -1.739926969747
   400 -1.739927072671
   401 -1.739927173440
   402 -1.739927272108
   403 -1.739927368728
   404 -1.739927463352
   405 -1.739927556029
   406 -1.739927646809
   407 -1.739927735738
   408 -1.739927822861
   409 -1.739927908221
   410 -1.739927991860
   411 -1.739928073821
   412 -1.739928154143
   413 -1.739928232863
   414 -1.739928310020
   415 -1.739928385650
   416 -1.739928459788
   417 -1.739928532467
   418 -1.739928603723
   419 -1.739928673585
   420 -1.739928742087
   421 -1.739928809258
   422 -1.739928875128
   423 -1.739928939725
   424 -1.739929003078
   425 -1.739929065214
   426 -1.739929126159
   427 -1.739929185939
   428 -1.739929244580
   429 -1.739929302105
   430 -1.739929358539
   431 -1.739929413905
   432 -1.739929468225
   433 -1.739929521522
   434 -1.739929573816
   435 -1.739929625130
   436 -1.739929675482
   437 -1.739929724894
   438 -1.739929773385
   439 -1.739929820973
   440 -1.739929867678
   441 -1.739929913517
   442 -1.739929958508
   443 -1.739930002667
   444 -1.739930046013
   445 -1.739930088562
   446 -1.739930130328
   447 -1.739930171329
   448 -1.739930211579
   449 -1.739930251094
   450 -1.739930289888
   451 -1.739930327975
   452 -1.739930365369
   453 -1.739930402084
   454 -1.739930438134
   455 -1.739930473531
   456 -1.739930508288
   457 -1.739930542418
   458 -1.739930575932
   459 -1.739930608843
   460 -1.739930641163
   461 -1.739930672903
   462 -1.739930704073
   463 -1.739930734686
   464 -1.739930764752
   465 -1.739930794280
   466 -1.739930823283
   467 -1.739930851769
   468 -1.739930879748
   469 -1.739930907230
   470 -1.739930934225
   471 -1.739930960741
   472 -1.739930986788
   473 -1.739931012375
   474 -1.739931037510
   475 -1.739931062201
   476 -1.739931086458
   477 -1.739931110288
   478 -1.739931133699
   479 -1.739931156699
   480 -1.739931179296
   481 -1.739931201497
   482 -1.739931223309
   483 -1.739931244740
   484 -1.739931265797
   485 -1.739931286487
   486 -1.739931306816
   487 -1.739931326791
   488 -1.739931346419
   489 -1.739931365705
   490 -1.739931384657
   491 -1.739931403281
   492 -1.739931421582
   493 -1.739931439566
   494 -1.739931457239
   495 -1.739931474607
   496 -1.739931491675
   497 -1.739931508449
   498 -1.739931524934
   499 -1.739931541136
   500 -1.739931557058
   501 -1.739931572708
   502 -1.739931588088
   503 -1.739931603205
   504 -1.739931618063
   505 -1.739931632667
   506 -1.739931647021
   507 -1.739931661130
   508 -1.739931674997
   509 -1.739931688629
   510 -1.739931702027
   511 -1.739931715198
   512 -1.739931728144
   513 -1.739931740871
   514 -1.739931753381
   515 -1.739931765679
   516 -1.739931777768
   517 -1.739931789652
   518 -1.739931801335
   519 -1.739931812820
   520 -1.739931824111
   521 -1.739931835212
   522 -1.739931846124
   523 -1.739931856853
   524 -1.739931867401
   525 -1.739931877771
   526 -1.739931887967
   527 -1.739931897991
   528 -1.739931907846
   529 -1.739931917536
   530 -1.739931927063
   531 -1.739931936431
   532 -1.739931945641
   533 -1.739931954697
   534 -1.739931963602
   535 -1.739931972357
   536 -1.739931980967
   537 -1.739931989432
   538 -1.739931997756
   539 -1.739932005941
   540 -1.739932013990
   541 -1.739932021905
   542 -1.739932029688
   543 -1.739932037341
   544 -1.739932044867
   545 -1.739932052268
   546 -1.739932059546
   547 -1.739932066703
   548 -1.739932073742
   549 -1.739932080664
   550 -1.739932087471
   551 -1.739932094165
   552 -1.739932100749
   553 -1.739932107224
   554 -1.739932113592
   555 -1.739932119854
   556 -1.739932126014
   557 -1.739932132071
   558 -1.739932138029
   559 -1.739932143888
   560 -1.739932149651
   561 -1.739932155320
   562 -1.739932160895
   563 -1.739932166378
   564 -1.739932171771
   565 -1.739932177076
   566 -1.739932182293
   567 -1.739932187425
   568 -1.739932192473
   569 -1.739932197438
   570 -1.739932202321
   571 -1.739932207125
   572 -1.739932211850
   573 -1.739932216498
   574 -1.739932221070
   575 -1.739932225567
   576 -1.739932229991
   577 -1.739932234342
   578 -1.739932238623
   579 -1.739932242833
   580 -1.739932246976
   581 -1.739932251050
   582 -1.739932255058
   583 -1.739932259001
   584 -1.739932262880
   585 -1.739932266696
   586 -1.739932270450
   587 -1.739932274143
   588 -1.739932277776
   589 -1.739932281350
   590 -1.739932284866
   591 -1.739932288325
   592 -1.739932291728
   593 -1.739932295075
   594 -1.739932298369
   595 -1.739932301609
   596 -1.739932304797
   597 -1.739932307933
   598 -1.739932311019
   599 -1.739932314055
   600 -1.739932317041
   601 -1.739932319980
   602 -1.739932322871
   603 -1.739932325716
   604 -1.739932328514
   605 -1.739932331268
   606 -1.739932333977
   607 -1.739932336642
   608 -1.739932339265
   609 -1.739932341845
   610 -1.739932344384
   611 -1.739932346882
   612 -1.739932349340
   613 -1.739932351759
   614 -1.739932354138
   615 -1.739932356480
   616 -1.739932358783
   617 -1.739932361050
   618 -1.739932363281
   619 -1.739932365476
   620 -1.739932367635
   621 -1.739932369760
   622 -1.739932371851
   623 -1.739932373909
   624 -1.739932375933
   625 -1.739932377925
   626 -1.739932379886
   627 -1.739932381815
   628 -1.739932383713
   629 -1.739932385581
   630 -1.739932387419
   631 -1.739932389228
   632 -1.739932391007
   633 -1.739932392759
   634 -1.739932394482
   635 -1.739932396178
   636 -1.739932397847
   637 -1.739932399490
   638 -1.739932401106
   639 -1.739932402697
   640 -1.739932404262
   641 -1.739932405802
   642 -1.739932407318
   643 -1.739932408810
   644 -1.739932410278
   645 -1.739932411722
   646 -1.739932413144
   647 -1.739932414543
   648 -1.739932415920
   649 -1.739932417275
   650 -1.739932418609
   651 -1.739932419921
   652 -1.739932421213
   653 -1.739932422484
   654 -1.739932423735
   655 -1.739932424966
   656 -1.739932426178
   657 -1.739932427370
   658 -1.739932428544
   659 -1.739932429699
   660 -1.739932430836
   661 -1.739932431954
   662 -1.739932433055
   663 -1.739932434139
   664 -1.739932435206
   665 -1.739932436255
   666 -1.739932437288
   667 -1.739932438305
   668 -1.739932439306
   669 -1.739932440291
   670 -1.739932441260
   671 -1.739932442214
   672 -1.739932443153
   673 -1.739932444078
   674 -1.739932444987
   675 -1.739932445882
   676 -1.739932446764
   677 -1.739932447631
   678 -1.739932448485
   679 -1.739932449325
   680 -1.739932450152
   681 -1.739932450966
   682 -1.739932451767
   683 -1.739932452555
   684 -1.739932453332
   685 -1.739932454096
   686 -1.739932454847
   687 -1.739932455588
   688 -1.739932456316
   689 -1.739932457033
   690 -1.739932457739
   691 -1.739932458434
   692 -1.739932459117
   693 -1.739932459790
   694 -1.739932460453
   695 -1.739932461105
   696 -1.739932461747
   697 -1.739932462378
   698 -1.739932463000
   699 -1.739932463612
   700 -1.739932464215
   701 -1.739932464808
   702 -1.739932465392
   703 -1.739932465966
   704 -1.739932466532
   705 -1.739932467089
   706 -1.739932467637
   707 -1.739932468176
   708 -1.739932468707
   709 -1.739932469230
   710 -1.739932469745
   711 -1.739932470251
   712 -1.739932470750
   713 -1.739932471241
   714 -1.739932471724
   715 -1.739932472199
   716 -1.739932472667
   717 -1.739932473128
   718 -1.739932473582
   719 -1.739932474028
   720 -1.739932474468
   721 -1.739932474900
   722 -1.739932475326
   723 -1.739932475746
   724 -1.739932476158
   725 -1.739932476565
   726 -1.739932476964
   727 -1.739932477358
   728 -1.739932477746
   729 -1.739932478127
   730 -1.739932478503
   731 -1.739932478873
   732 -1.739932479236
   733 -1.739932479595
   734 -1.739932479947
   735 -1.739932480295
   736 -1.739932480636
   737 -1.739932480973
   738 -1.739932481304
   739 -1.739932481630
   740 -1.739932481951
   741 -1.739932482267
   742 -1.739932482578
   743 -1.739932482884
   744 -1.739932483186
   745 -1.739932483483
   746 -1.739932483775
   747 -1.739932484062
   748 -1.739932484346
   749 -1.739932484624
   750 -1.739932484899
   751 -1.739932485169
   752 -1.739932485435
   753 -1.739932485697
   754 -1.739932485954
   755 -1.739932486208
   756 -1.739932486458
   757 -1.739932486704
   758 -1.739932486946
   759 -1.739932487184
   760 -1.739932487419
   761 -1.739932487650
   762 -1.739932487877
   763 -1.739932488101
   764 -1.739932488321
   765 -1.739932488538
   766 -1.739932488752
   767 -1.739932488962
   768 -1.739932489169
   769 -1.739932489373
   770 -1.739932489574
   771 -1.739932489771
   772 -1.739932489966
   773 -1.739932490157
   774 -1.739932490346
   775 -1.739932490531
   776 -1.739932490714
   777 -1.739932490894
   778 -1.739932491071
   779 -1.739932491245
   780 -1.739932491417
   781 -1.739932491586
   782 -1.739932491752
   783 -1.739932491916
   784 -1.739932492077
   785 -1.739932492236
   786 -1.739932492392
   787 -1.739932492546
   788 -1.739932492698
   789 -1.739932492847
   790 -1.739932492994
   791 -1.739932493138
   792 -1.739932493281
   793 -1.739932493421
   794 -1.739932493559
   795 -1.739932493695
   796 -1.739932493828
   797 -1.739932493960
   798 -1.739932494090
   799 -1.739932494217
   800 -1.739932494343
   801 -1.739932494467
   802 -1.739932494588
   803 -1.739932494708
   804 -1.739932494826
   805 -1.739932494943
   806 -1.739932495057
   807 -1.739932495170
   808 -1.739932495281
   809 -1.739932495390
   810 -1.739932495497
   811 -1.739932495603
   812 -1.739932495707
   813 -1.739932495810
   814 -1.739932495911
   815 -1.739932496010
   816 -1.739932496108
   817 -1.739932496205
   818 -1.739932496300
   819 -1.739932496393
   820 -1.739932496485
   821 -1.739932496576
   822 -1.739932496665
   823 -1.739932496753
   824 -1.739932496839
   825 -1.739932496925
   826 -1.739932497008
   827 -1.739932497091
   828 -1.739932497172
   829 -1.739932497252
   830 -1.739932497331
   831 -1.739932497409
   832 -1.739932497485
   833 -1.739932497560
   834 -1.739932497634
   835 -1.739932497707
   836 -1.739932497779
   837 -1.739932497849
   838 -1.739932497919
   839 -1.739932497987
   840 -1.739932498055
   841 -1.739932498121
   842 -1.739932498187
   843 -1.739932498251
   844 -1.739932498314
   845 -1.739932498377
   846 -1.739932498438
   847 -1.739932498499
   848 -1.739932498558
   849 -1.739932498617
   850 -1.739932498675
   851 -1.739932498732
   852 -1.739932498788
   853 -1.739932498843
   854 -1.739932498897
   855 -1.739932498950
   856 -1.739932499003
   857 -1.739932499055
   858 -1.739932499106
   859 -1.739932499156
   860 -1.739932499205
   861 -1.739932499254
   862 -1.739932499302
   863 -1.739932499349
   864 -1.739932499396
   865 -1.739932499441
   866 -1.739932499486
   867 -1.739932499531
   868 -1.739932499574
   869 -1.739932499617
   870 -1.739932499660
   871 -1.739932499701
   872 -1.739932499743
   873 -1.739932499783
   874 -1.739932499823
   875 -1.739932499862
   876 -1.739932499900
   877 -1.739932499938
   878 -1.739932499976
   879 -1.739932500013
   880 -1.739932500049
   881 -1.739932500085
   882 -1.739932500120
   883 -1.739932500154
   884 -1.739932500188
   885 -1.739932500222
   886 -1.739932500255
   887 -1.739932500288
   888 -1.739932500320
   889 -1.739932500351
   890 -1.739932500382
   891 -1.739932500413
   892 -1.739932500443
   893 -1.739932500473
   894 -1.739932500502
   895 -1.739932500531
   896 -1.739932500559
   897 -1.739932500587
   898 -1.739932500614
   899 -1.739932500641
   900 -1.739932500668
   901 -1.739932500694
   902 -1.739932500720
   903 -1.739932500745
   904 -1.739932500770
   905 -1.739932500795
   906 -1.739932500819
   907 -1.739932500843
   908 -1.739932500866
   909 -1.739932500889
   910 -1.739932500912
   911 -1.739932500935
   912 -1.739932500957
   913 -1.739932500979
   914 -1.739932501000
   915 -1.739932501021
   916 -1.739932501042
   917 -1.739932501062
   918 -1.739932501082
   919 -1.739932501102
   920 -1.739932501122
   921 -1.739932501141
   922 -1.739932501160
   923 -1.739932501178
   924 -1.739932501197
   925 -1.739932501215
   926 -1.739932501233
   927 -1.739932501250
   928 -1.739932501267
   929 -1.739932501284
   930 -1.739932501301
   931 -1.739932501318
   932 -1.739932501334
   933 -1.739932501350
   934 -1.739932501366
   935 -1.739932501381
   936 -1.739932501396
   937 -1.739932501411
   938 -1.739932501426
   939 -1.739932501441
   940 -1.739932501455
   941 -1.739932501469
   942 -1.739932501483
   943 -1.739932501497
   944 -1.739932501510
   945 -1.739932501523
   946 -1.739932501536
   947 -1.739932501549
   948 -1.739932501562
   949 -1.739932501574
   950 -1.739932501587
   951 -1.739932501599
   952 -1.739932501611
   953 -1.739932501622
   954 -1.739932501634
   955 -1.739932501645
   956 -1.739932501656
   957 -1.739932501667
   958 -1.739932501678
   959 -1.739932501689
   960 -1.739932501699
   961 -1.739932501710
   962 -1.739932501720
   963 -1.739932501730
   964 -1.739932501740
   965 -1.739932501750
   966 -1.739932501759
   967 -1.739932501769
   968 -1.739932501778
   969 -1.739932501787
   970 -1.739932501796
   971 -1.739932501805
   972 -1.739932501814
   973 -1.739932501822
   974 -1.739932501831
   975 -1.739932501839
   976 -1.739932501847
   977 -1.739932501855
   978 -1.739932501863
   979 -1.739932501871
   980 -1.739932501879
   981 -1.739932501887
   982 -1.739932501894
   983 -1.739932501901
   984 -1.739932501909
   985 -1.739932501916
   986 -1.739932501923
   987 -1.739932501930
   988 -1.739932501937
   989 -1.739932501943
   990 -1.739932501950
   991 -1.739932501957
   992 -1.739932501963
   993 -1.739932501969
   994 -1.739932501975
   995 -1.739932501982
   996 -1.739932501988
   997 -1.739932501994
   998 -1.739932501999
   999 -1.739932502005
  1000 -1.739932502011
