     1 -0.983613076668
     2 -1.395270668407
     3 -1.677825168227
     4 -1.821209098296
     5 -1.901782180374
     6 -1.950657431266
     7 -1.982153743900
     8 -2.003392156147
     9 -2.018202646272
    10 -2.028776344315
    11 -2.036460846224
    12 -2.042110066740
    13 -2.046304001627
    14 -2.049437525313
    15 -2.051789823046
    16 -2.053563324716
    17 -2.054909473724
    18 -2.055929126705
    19 -2.056706153580
    20 -2.057299217877
    21 -2.057750192752
    22 -2.058100891567
    23 -2.058363885820
    24 -2.058568414900
    25 -2.058727016007
    26 -2.058848046189
    27 -2.058939857715
    28 -2.059014972259
    29 -2.059069220405
    30 -2.059110948605
    31 -2.059144330300
    32 -2.059169366189
    33 -2.059194401353
    34 -2.059211091415
    35 -2.059219436543
    36 -2.059227781494
    37 -2.059236126332
    38 -2.059244471101
    39 -2.059248643501
    40 -2.059248643548
    41 -2.059256988228
    42 -2.059256988246
    43 -2.059256988258
    44 -2.059256988265
    45 -2.059261160595
    46 -2.059261160598
    47 -2.059261160600
    48 -2.059261160601
    49 -2.059261160602
    50 -2.059261160602
    51 -2.168420671931
    52 -2.237512134404
    53 -2.186314100185
    54 -2.160419288629
    55 -2.131257671302
    56 -2.115256248642
    57 -2.102915239861
    58 -2.093171626859
    59 -2.085447067808
    60 -2.079385574513
    61 -2.074678124656
    62 -2.071044852749
    63 -2.068255308352
    64 -2.066124145126
    65 -2.064496606551
    66 -2.063253899591
    67 -2.062309696922
    68 -2.061589658698
    69 -2.061039997359
    70 -2.060623432619
    71 -2.060306748688
    72 -2.060065010150
    73 -2.059881587683
    74 -2.059735656362
    75 -2.059627238775
    76 -2.059543831900
    77 -2.059481272078
    78 -2.059431220061
    79 -2.059393679231
    80 -2.059364479388
    81 -2.059339449543
    82 -2.059322762870
    83 -2.059314419903
    84 -2.059297731683
    85 -2.059293560053
    86 -2.059285215849
    87 -2.059285216138
    88 -2.059276871673
    89 -2.059276871794
    90 -2.059272699546
    91 -2.059272699597
    92 -2.059272699629
    93 -2.059268527325
    94 -2.059268527339
    95 -2.059268527348
    96 -2.059268527354
    97 -2.059268527358
    98 -2.059268527360
    99 -2.059268527362
   100 -2.059268527363
   101 -2.135172932166
   102 -2.154823055005
   103 -2.156580656824
   104 -2.135283837117
   105 -2.119481498372
   106 -2.107797759537
   107 -2.096968027772
   108 -2.088322509251
   109 -2.081601877060
   110 -2.076437483463
   111 -2.072466306671
   112 -2.069414142149
   113 -2.067065610079
   114 -2.065263664999
   115 -2.063878106613
   116 -2.062814937890
   117 -2.062000238135
   118 -2.061372138869
   119 -2.060889354864
   120 -2.060522949456
   121 -2.060235538607
   122 -2.060018881534
   123 -2.059843836852
   124 -2.059718789953
   125 -2.059614560194
   126 -2.059539508430
   127 -2.059472783290
   128 -2.059431080597
   129 -2.059393542868
   130 -2.059364345075
   131 -2.059339316583
   132 -2.059322630799
   133 -2.059314288416
   134 -2.059301772904
   135 -2.059293429199
   136 -2.059285085159
   137 -2.059285085554
   138 -2.059276741159
   139 -2.059276741325
   140 -2.059272569107
   141 -2.059272569176
   142 -2.059272569221
   143 -2.059268396925
   144 -2.059268396944
   145 -2.059268396957
   146 -2.059268396965
   147 -2.059268396970
   148 -2.059268396973
   149 -2.059268396975
   150 -2.059268396977
   151 -2.165694137568
   152 -2.194942771723
   153 -2.173935334015
   154 -2.159245964339
   155 -2.144498813140
   156 -2.130243491634
   157 -2.116846155104
   158 -2.105198563884
   159 -2.095489170916
   160 -2.087614223456
   161 -2.081336244084
   162 -2.076380019447
   163 -2.072510403530
   164 -2.069494581367
   165 -2.067158691400
   166 -2.065355883068
   167 -2.063958841206
   168 -2.062885345554
   169 -2.062061036795
   170 -2.061423780354
   171 -2.060932126551
   172 -2.060557035609
   173 -2.060265230439
   174 -2.060040083777
   175 -2.059864944300
   176 -2.059731490656
   177 -2.059627220187
   178 -2.059543797057
   179 -2.059485399033
   180 -2.059435340171
   181 -2.059397794877
   182 -2.059368592113
   183 -2.059343560355
   184 -2.059326872426
   185 -2.059314356308
   186 -2.059306012194
   187 -2.059297667880
   188 -2.059289323441
   189 -2.059280978923
   190 -2.059280979006
   191 -2.059276806733
   192 -2.059276806766
   193 -2.059268462137
   194 -2.059268462150
   195 -2.059268462158
   196 -2.059268462163
   197 -2.059268462166
   198 -2.059268462168
   199 -2.059268462170
   200 -2.059268462171
   201 -2.162953135002
   202 -2.163193226824
   203 -2.184692898403
   204 -2.172249393077
   205 -2.146878734488
   206 -2.128851194581
   207 -2.114000335507
   208 -2.102153832430
   209 -2.092660726986
   210 -2.085152858013
   211 -2.079263973384
   212 -2.074675465017
   213 -2.071112027208
   214 -2.068358590079
   215 -2.066237838772
   216 -2.064603404991
   217 -2.063357496793
   218 -2.062393064020
   219 -2.061660911218
   220 -2.061098985488
   221 -2.060665888212
   222 -2.060340956097
   223 -2.060090931859
   224 -2.059899200566
   225 -2.059749118596
   226 -2.059640714077
   227 -2.059548970403
   228 -2.059482242964
   229 -2.059432193766
   230 -2.059394654621
   231 -2.059365455783
   232 -2.059340426539
   233 -2.059323740223
   234 -2.059311225145
   235 -2.059302881703
   236 -2.059294537824
   237 -2.059286193667
   238 -2.059277849333
   239 -2.059277849536
   240 -2.059277849666
   241 -2.059269505100
   242 -2.059269505154
   243 -2.059269505189
   244 -2.059269505211
   245 -2.059269505226
   246 -2.059269505236
   247 -2.059269505242
   248 -2.059265332921
   249 -2.059265332923
   250 -2.059265332925
   251 -2.159217425460
   252 -2.144974246932
   253 -2.160406772689
   254 -2.139361921045
   255 -2.119808250243
   256 -2.105305104691
   257 -2.094814504563
   258 -2.086953124988
   259 -2.080844497177
   260 -2.076047120731
   261 -2.072284888719
   262 -2.069347958205
   263 -2.067057305700
   264 -2.065284499493
   265 -2.063915742077
   266 -2.062856904689
   267 -2.062042356244
   268 -2.061410209566
   269 -2.060927521487
   270 -2.060548669612
   271 -2.060257136838
   272 -2.060036342760
   273 -2.059861322492
   274 -2.059727947637
   275 -2.059627901541
   276 -2.059544512775
   277 -2.059486137431
   278 -2.059436093531
   279 -2.059398558104
   280 -2.059369361848
   281 -2.059344334379
   282 -2.059327649276
   283 -2.059315135021
   284 -2.059306792135
   285 -2.059298448630
   286 -2.059290104723
   287 -2.059281760556
   288 -2.059281760871
   289 -2.059273416425
   290 -2.059273416558
   291 -2.059273416645
   292 -2.059273416702
   293 -2.059269244414
   294 -2.059269244438
   295 -2.059269244453
   296 -2.059269244464
   297 -2.059269244470
   298 -2.059269244475
   299 -2.059265072152
   300 -2.059265072154
   301 -2.144838204359
   302 -2.150874472641
   303 -2.163305164316
   304 -2.150029395346
   305 -2.132338432089
   306 -2.116701892565
   307 -2.104050990153
   308 -2.093873591586
   309 -2.085835424344
   310 -2.079564121770
   311 -2.074708915548
   312 -2.070986805592
   313 -2.068137144265
   314 -2.065972323497
   315 -2.064330376290
   316 -2.063084833236
   317 -2.062145586634
   318 -2.061438525917
   319 -2.060905825136
   320 -2.060506109931
   321 -2.060197865607
   322 -2.059972872866
   323 -2.059797828791
   324 -2.059672779347
   325 -2.059572718613
   326 -2.059497663780
   327 -2.059439280784
   328 -2.059397576172
   329 -2.059364209363
   330 -2.059339182894
   331 -2.059322498354
   332 -2.059309984414
   333 -2.059301641704
   334 -2.059293298297
   335 -2.059284954445
   336 -2.059280782633
   337 -2.059276610639
   338 -2.059276610852
   339 -2.059268266340
   340 -2.059268266429
   341 -2.059268266487
   342 -2.059268266524
   343 -2.059268266549
   344 -2.059268266565
   345 -2.059268266575
   346 -2.059268266582
   347 -2.059268266586
   348 -2.059268266589
   349 -2.059268266591
   350 -2.059268266592
   351 -2.059268266593
   352 -2.059264094268
   353 -2.059264094268
   354 -2.059264094269
   355 -2.059264094269
   356 -2.059264094269
   357 -2.059264094269
   358 -2.059264094269
   359 -2.059264094269
   360 -2.059264094269
   361 -2.059264094269
   362 -2.059264094269
   363 -2.059264094269
   364 -2.059264094269
   365 -2.059264094269
   366 -2.059264094269
   367 -2.059264094269
   368 -2.059264094269
   369 -2.059264094269
   370 -2.059264094269
   371 -2.059264094269
   372 -2.059264094269
   373 -2.059264094269
   374 -2.059264094269
   375 -2.059264094269
   376 -2.059264094269
   377 -2.059264094269
   378 -2.059264094269
   379 -2.059264094269
   380 -2.059264094269
   381 -2.059264094269
   382 -2.059264094269
   383 -2.059264094269
   384 -2.059264094269
   385 -2.059264094269
   386 -2.059264094269
   387 -2.059264094269
   388 -2.059264094269
   389 -2.059264094269
   390 -2.059264094269
   391 -2.059264094269
   392 -2.059264094269
   393 -2.059264094269
   394 -2.059264094269
   395 -2.059264094269
   396 -2.059264094269
   397 -2.059264094269
   398 -2.059264094269
   399 -2.059264094269
   400 -2.059264094269
   401 -2.059264094269
   402 -2.059264094269
   403 -2.059264094269
   404 -2.059264094269
   405 -2.059264094269
   406 -2.059264094269
   407 -2.059264094269
   408 -2.059264094269
   409 -2.059264094269
   410 -2.059264094269
   411 -2.059264094269
   412 -2.059264094269
   413 -2.059264094269
   414 -2.059264094269
   415 -2.059264094269
   416 -2.059264094269
   417 -2.059264094269
   418 -2.059264094269
   419 -2.059264094269
   420 -2.059264094269
   421 -2.059264094269
   422 -2.059264094269
   423 -2.059264094269
   424 -2.059264094269
   425 -2.059264094269
   426 -2.059264094269
   427 -2.059264094269
   428 -2.059264094269
   429 -2.059264094269
   430 -2.059264094269
   431 -2.059264094269
   432 -2.059264094269
   433 -2.059264094269
   434 -2.059264094269
   435 -2.059264094269
   436 -2.059264094269
   437 -2.059264094269
   438 -2.059264094269
   439 -2.059264094269
   440 -2.059264094269
   441 -2.059264094269
   442 -2.059264094269
   443 -2.059264094269
   444 -2.059264094269
   445 -2.059264094269
   446 -2.059264094269
   447 -2.059264094269
   448 -2.059264094269
   449 -2.059264094269
   450 -2.059264094269
   451 -2.059264094269
   452 -2.059264094269
   453 -2.059264094269
   454 -2.059264094269
   455 -2.059264094269
   456 -2.059264094269
   457 -2.059264094269
   458 -2.059264094269
   459 -2.059264094269
   460 -2.059264094269
   461 -2.059264094269
   462 -2.059264094269
   463 -2.059264094269
   464 -2.059264094269
   465 -2.059264094269
   466 -2.059264094269
   467 -2.059264094269
   468 -2.059264094269
   469 -2.059264094269
   470 -2.059264094269
   471 -2.059264094269
   472 -2.059264094269
   473 -2.059264094269
   474 -2.059264094269
   475 -2.059264094269
   476 -2.059264094269
   477 -2.059264094269
   478 -2.059264094269
   479 -2.059264094269
   480 -2.059264094269
   481 -2.059264094269
   482 -2.059264094269
   483 -2.059264094269
   484 -2.059264094269
   485 -2.059264094269
   486 -2.059264094269
   487 -2.059264094269
   488 -2.059264094269
   489 -2.059264094269
   490 -2.059264094269
   491 -2.059264094269
   492 -2.059264094269
   493 -2.059264094269
   494 -2.059264094269
   495 -2.059264094269
   496 -2.059264094269
   497 -2.059264094269
   498 -2.059264094269
   499 -2.059264094269
   500 -2.059264094269
   501 -2.059264094269
   502 -2.059264094269
   503 -2.059264094269
   504 -2.059264094269
   505 -2.059264094269
   506 -2.059264094269
   507 -2.059264094269
   508 -2.059264094269
   509 -2.059264094269
   510 -2.059264094269
   511 -2.059264094269
   512 -2.059264094269
   513 -2.059264094269
   514 -2.059264094269
   515 -2.059264094269
   516 -2.059264094269
   517 -2.059264094269
   518 -2.059264094269
   519 -2.059264094269
   520 -2.059264094269
   521 -2.059264094269
   522 -2.059264094269
   523 -2.059264094269
   524 -2.059264094269
   525 -2.059264094269
   526 -2.059264094269
   527 -2.059264094269
   528 -2.059264094269
   529 -2.059264094269
   530 -2.059264094269
   531 -2.059264094269
   532 -2.059264094269
   533 -2.059264094269
   534 -2.059264094269
   535 -2.059264094269
   536 -2.059264094269
   537 -2.059264094269
   538 -2.059264094269
   539 -2.059264094269
   540 -2.059264094269
   541 -2.059264094269
   542 -2.059264094269
   543 -2.059264094269
   544 -2.059264094269
   545 -2.059264094269
   546 -2.059264094269
   547 -2.059264094269
   548 -2.059264094269
   549 -2.059264094269
   550 -2.059264094269
   551 -2.059264094269
   552 -2.059264094269
   553 -2.059264094269
   554 -2.059264094269
   555 -2.059264094269
   556 -2.059264094269
   557 -2.059264094269
   558 -2.059264094269
   559 -2.059264094269
   560 -2.059264094269
   561 -2.059264094269
   562 -2.059264094269
   563 -2.059264094269
   564 -2.059264094269
   565 -2.059264094269
   566 -2.059264094269
   567 -2.059264094269
   568 -2.059264094269
   569 -2.059264094269
   570 -2.059264094269
   571 -2.059264094269
   572 -2.059264094269
   573 -2.059264094269
   574 -2.059264094269
   575 -2.059264094269
   576 -2.059264094269
   577 -2.059264094269
   578 -2.059264094269
   579 -2.059264094269
   580 -2.059264094269
   581 -2.059264094269
   582 -2.059264094269
   583 -2.059264094269
   584 -2.059264094269
   585 -2.059264094269
   586 -2.059264094269
   587 -2.059264094269
   588 -2.059264094269
   589 -2.059264094269
   590 -2.059264094269
   591 -2.059264094269
   592 -2.059264094269
   593 -2.059264094269
   594 -2.059264094269
   595 -2.059264094269
   596 -2.059264094269
   597 -2.059264094269
   598 -2.059264094269
   599 -2.059264094269
   600 -2.059264094269
   601 -2.059264094269
   602 -2.059264094269
   603 -2.059264094269
   604 -2.059264094269
   605 -2.059264094269
   606 -2.059264094269
   607 -2.059264094269
   608 -2.059264094269
   609 -2.059264094269
   610 -2.059264094269
   611 -2.059264094269
   612 -2.059264094269
   613 -2.059264094269
   614 -2.059264094269
   615 -2.059264094269
   616 -2.059264094269
   617 -2.059264094269
   618 -2.059264094269
   619 -2.059264094269
   620 -2.059264094269
   621 -2.059264094269
   622 -2.059264094269
   623 -2.059264094269
   624 -2.059264094269
   625 -2.059264094269
   626 -2.059264094269
   627 -2.059264094269
   628 -2.059264094269
   629 -2.059264094269
   630 -2.059264094269
   631 -2.059264094269
   632 -2.059264094269
   633 -2.059264094269
   634 -2.059264094269
   635 -2.059264094269
   636 -2.059264094269
   637 -2.059264094269
   638 -2.059264094269
   639 -2.059264094269
   640 -2.059264094269
   641 -2.059264094269
   642 -2.059264094269
   643 -2.059264094269
   644 -2.059264094269
   645 -2.059264094269
   646 -2.059264094269
   647 -2.059264094269
   648 -2.059264094269
   649 -2.059264094269
   650 -2.059264094269
   651 -2.059264094269
   652 -2.059264094269
   653 -2.059264094269
   654 -2.059264094269
   655 -2.059264094269
   656 -2.059264094269
   657 -2.059264094269
   658 -2.059264094269
   659 -2.059264094269
   660 -2.059264094269
   661 -2.059264094269
   662 -2.059264094269
   663 -2.059264094269
   664 -2.059264094269
   665 -2.059264094269
   666 -2.059264094269
   667 -2.059264094269
   668 -2.059264094269
   669 -2.059264094269
   670 -2.059264094269
   671 -2.059264094269
   672 -2.059264094269
   673 -2.059264094269
   674 -2.059264094269
   675 -2.059264094269
   676 -2.059264094269
   677 -2.059264094269
   678 -2.059264094269
   679 -2.059264094269
   680 -2.059264094269
   681 -2.059264094269
   682 -2.059264094269
   683 -2.059264094269
   684 -2.059264094269
   685 -2.059264094269
   686 -2.059264094269
   687 -2.059264094269
   688 -2.059264094269
   689 -2.059264094269
   690 -2.059264094269
   691 -2.059264094269
   692 -2.059264094269
   693 -2.059264094269
   694 -2.059264094269
   695 -2.059264094269
   696 -2.059264094269
   697 -2.059264094269
   698 -2.059264094269
   699 -2.059264094269
   700 -2.059264094269
   701 -2.059264094269
   702 -2.059264094269
   703 -2.059264094269
   704 -2.059264094269
   705 -2.059264094269
   706 -2.059264094269
   707 -2.059264094269
   708 -2.059264094269
   709 -2.059264094269
   710 -2.059264094269
   711 -2.059264094269
   712 -2.059264094269
   713 -2.059264094269
   714 -2.059264094269
   715 -2.059264094269
   716 -2.059264094269
   717 -2.059264094269
   718 -2.059264094269
   719 -2.059264094269
   720 -2.059264094269
   721 -2.059264094269
   722 -2.059264094269
   723 -2.059264094269
   724 -2.059264094269
   725 -2.059264094269
   726 -2.059264094269
   727 -2.059264094269
   728 -2.059264094269
   729 -2.059264094269
   730 -2.059264094269
   731 -2.059264094269
   732 -2.059264094269
   733 -2.059264094269
   734 -2.059264094269
   735 -2.059264094269
   736 -2.059264094269
   737 -2.059264094269
   738 -2.059264094269
   739 -2.059264094269
   740 -2.059264094269
   741 -2.059264094269
   742 -2.059264094269
   743 -2.059264094269
   744 -2.059264094269
   745 -2.059264094269
   746 -2.059264094269
   747 -2.059264094269
   748 -2.059264094269
   749 -2.059264094269
   750 -2.059264094269
   751 -2.059264094269
   752 -2.059264094269
   753 -2.059264094269
   754 -2.059264094269
   755 -2.059264094269
   756 -2.059264094269
   757 -2.059264094269
   758 -2.059264094269
   759 -2.059264094269
   760 -2.059264094269
   761 -2.059264094269
   762 -2.059264094269
   763 -2.059264094269
   764 -2.059264094269
   765 -2.059264094269
   766 -2.059264094269
   767 -2.059264094269
   768 -2.059264094269
   769 -2.059264094269
   770 -2.059264094269
   771 -2.059264094269
   772 -2.059264094269
   773 -2.059264094269
   774 -2.059264094269
   775 -2.059264094269
   776 -2.059264094269
   777 -2.059264094269
   778 -2.059264094269
   779 -2.059264094269
   780 -2.059264094269
   781 -2.059264094269
   782 -2.059264094269
   783 -2.059264094269
   784 -2.059264094269
   785 -2.059264094269
   786 -2.059264094269
   787 -2.059264094269
   788 -2.059264094269
   789 -2.059264094269
   790 -2.059264094269
   791 -2.059264094269
   792 -2.059264094269
   793 -2.059264094269
   794 -2.059264094269
   795 -2.059264094269
   796 -2.059264094269
   797 -2.059264094269
   798 -2.059264094269
   799 -2.059264094269
   800 -2.059264094269
   801 -2.059264094269
   802 -2.059264094269
   803 -2.059264094269
   804 -2.059264094269
   805 -2.059264094269
   806 -2.059264094269
   807 -2.059264094269
   808 -2.059264094269
   809 -2.059264094269
   810 -2.059264094269
   811 -2.059264094269
   812 -2.059264094269
   813 -2.059264094269
   814 -2.059264094269
   815 -2.059264094269
   816 -2.059264094269
   817 -2.059264094269
   818 -2.059264094269
   819 -2.059264094269
   820 -2.059264094269
   821 -2.059264094269
   822 -2.059264094269
   823 -2.059264094269
   824 -2.059264094269
   825 -2.059264094269
   826 -2.059264094269
   827 -2.059264094269
   828 -2.059264094269
   829 -2.059264094269
   830 -2.059264094269
   831 -2.059264094269
   832 -2.059264094269
   833 -2.059264094269
   834 -2.059264094269
   835 -2.059264094269
   836 -2.059264094269
   837 -2.059264094269
   838 -2.059264094269
   839 -2.059264094269
   840 -2.059264094269
   841 -2.059264094269
   842 -2.059264094269
   843 -2.059264094269
   844 -2.059264094269
   845 -2.059264094269
   846 -2.059264094269
   847 -2.059264094269
   848 -2.059264094269
   849 -2.059264094269
   850 -2.059264094269
   851 -2.059264094269
   852 -2.059264094269
   853 -2.059264094269
   854 -2.059264094269
   855 -2.059264094269
   856 -2.059264094269
   857 -2.059264094269
   858 -2.059264094269
   859 -2.059264094269
   860 -2.059264094269
   861 -2.059264094269
   862 -2.059264094269
   863 -2.059264094269
   864 -2.059264094269
   865 -2.059264094269
   866 -2.059264094269
   867 -2.059264094269
   868 -2.059264094269
   869 -2.059264094269
   870 -2.059264094269
   871 -2.059264094269
   872 -2.059264094269
   873 -2.059264094269
   874 -2.059264094269
   875 -2.059264094269
   876 -2.059264094269
   877 -2.059264094269
   878 -2.059264094269
   879 -2.059264094269
   880 -2.059264094269
   881 -2.059264094269
   882 -2.059264094269
   883 -2.059264094269
   884 -2.059264094269
   885 -2.059264094269
   886 -2.059264094269
   887 -2.059264094269
   888 -2.059264094269
   889 -2.059264094269
   890 -2.059264094269
   891 -2.059264094269
   892 -2.059264094269
   893 -2.059264094269
   894 -2.059264094269
   895 -2.059264094269
   896 -2.059264094269
   897 -2.059264094269
   898 -2.059264094269
   899 -2.059264094269
   900 -2.059264094269
   901 -2.059264094269
   902 -2.059264094269
   903 -2.059264094269
   904 -2.059264094269
   905 -2.059264094269
   906 -2.059264094269
   907 -2.059264094269
   908 -2.059264094269
   909 -2.059264094269
   910 -2.059264094269
   911 -2.059264094269
   912 -2.059264094269
   913 -2.059264094269
   914 -2.059264094269
   915 -2.059264094269
   916 -2.059264094269
   917 -2.059264094269
   918 -2.059264094269
   919 -2.059264094269
   920 -2.059264094269
   921 -2.059264094269
   922 -2.059264094269
   923 -2.059264094269
   924 -2.059264094269
   925 -2.059264094269
   926 -2.059264094269
   927 -2.059264094269
   928 -2.059264094269
   929 -2.059264094269
   930 -2.059264094269
   931 -2.059264094269
   932 -2.059264094269
   933 -2.059264094269
   934 -2.059264094269
   935 -2.059264094269
   936 -2.059264094269
   937 -2.059264094269
   938 -2.059264094269
   939 -2.059264094269
   940 -2.059264094269
   941 -2.059264094269
   942 -2.059264094269
   943 -2.059264094269
   944 -2.059264094269
   945 -2.059264094269
   946 -2.059264094269
   947 -2.059264094269
   948 -2.059264094269
   949 -2.059264094269
   950 -2.059264094269
   951 -2.059264094269
   952 -2.059264094269
   953 -2.059264094269
   954 -2.059264094269
   955 -2.059264094269
   956 -2.059264094269
   957 -2.059264094269
   958 -2.059264094269
   959 -2.059264094269
   960 -2.059264094269
   961 -2.059264094269
   962 -2.059264094269
   963 -2.059264094269
   964 -2.059264094269
   965 -2.059264094269
   966 -2.059264094269
   967 -2.059264094269
   968 -2.059264094269
   969 -2.059264094269
   970 -2.059264094269
   971 -2.059264094269
   972 -2.059264094269
   973 -2.059264094269
   974 -2.059264094269
   975 -2.059264094269
   976 -2.059264094269
   977 -2.059264094269
   978 -2.059264094269
   979 -2.059264094269
   980 -2.059264094269
   981 -2.059264094269
   982 -2.059264094269
   983 -2.059264094269
   984 -2.059264094269
   985 -2.059264094269
   986 -2.059264094269
   987 -2.059264094269
   988 -2.059264094269
   989 -2.059264094269
   990 -2.059264094269
   991 -2.059264094269
   992 -2.059264094269
   993 -2.059264094269
   994 -2.059264094269
   995 -2.059264094269
   996 -2.059264094269
   997 -2.059264094269
   998 -2.059264094269
   999 -2.059264094269
  1000 -2.059264094269
  1001 -2.059264094269
  1002 -2.059264094269
  1003 -2.059264094269
  1004 -2.059264094269
  1005 -2.059264094269
  1006 -2.059264094269
  1007 -2.059264094269
  1008 -2.059264094269
  1009 -2.059264094269
  1010 -2.059264094269
  1011 -2.059264094269
  1012 -2.059264094269
  1013 -2.059264094269
  1014 -2.059264094269
  1015 -2.059264094269
  1016 -2.059264094269
  1017 -2.059264094269
  1018 -2.059264094269
  1019 -2.059264094269
  1020 -2.059264094269
  1021 -2.059264094269
  1022 -2.059264094269
  1023 -2.059264094269
  1024 -2.059264094269
  1025 -2.059264094269
  1026 -2.059264094269
  1027 -2.059264094269
  1028 -2.059264094269
  1029 -2.059264094269
  1030 -2.059264094269
  1031 -2.059264094269
  1032 -2.059264094269
  1033 -2.059264094269
  1034 -2.059264094269
  1035 -2.059264094269
  1036 -2.059264094269
  1037 -2.059264094269
  1038 -2.059264094269
  1039 -2.059264094269
  1040 -2.059264094269
  1041 -2.059264094269
  1042 -2.059264094269
  1043 -2.059264094269
  1044 -2.059264094269
  1045 -2.059264094269
  1046 -2.059264094269
  1047 -2.059264094269
  1048 -2.059264094269
  1049 -2.059264094269
  1050 -2.059264094269
  1051 -2.059264094269
  1052 -2.059264094269
  1053 -2.059264094269
  1054 -2.059264094269
  1055 -2.059264094269
  1056 -2.059264094269
  1057 -2.059264094269
  1058 -2.059264094269
  1059 -2.059264094269
  1060 -2.059264094269
  1061 -2.059264094269
  1062 -2.059264094269
  1063 -2.059264094269
  1064 -2.059264094269
  1065 -2.059264094269
  1066 -2.059264094269
  1067 -2.059264094269
  1068 -2.059264094269
  1069 -2.059264094269
  1070 -2.059264094269
  1071 -2.059264094269
  1072 -2.059264094269
  1073 -2.059264094269
  1074 -2.059264094269
  1075 -2.059264094269
  1076 -2.059264094269
  1077 -2.059264094269
  1078 -2.059264094269
  1079 -2.059264094269
  1080 -2.059264094269
  1081 -2.059264094269
  1082 -2.059264094269
  1083 -2.059264094269
  1084 -2.059264094269
  1085 -2.059264094269
  1086 -2.059264094269
  1087 -2.059264094269
  1088 -2.059264094269
  1089 -2.059264094269
  1090 -2.059264094269
  1091 -2.059264094269
  1092 -2.059264094269
  1093 -2.059264094269
  1094 -2.059264094269
  1095 -2.059264094269
  1096 -2.059264094269
  1097 -2.059264094269
  1098 -2.059264094269
  1099 -2.059264094269
  1100 -2.059264094269
  1101 -2.059264094269
  1102 -2.059264094269
  1103 -2.059264094269
  1104 -2.059264094269
  1105 -2.059264094269
  1106 -2.059264094269
  1107 -2.059264094269
  1108 -2.059264094269
  1109 -2.059264094269
  1110 -2.059264094269
  1111 -2.059264094269
  1112 -2.059264094269
  1113 -2.059264094269
  1114 -2.059264094269
  1115 -2.059264094269
  1116 -2.059264094269
  1117 -2.059264094269
  1118 -2.059264094269
  1119 -2.059264094269
  1120 -2.059264094269
  1121 -2.059264094269
  1122 -2.059264094269
  1123 -2.059264094269
  1124 -2.059264094269
  1125 -2.059264094269
  1126 -2.059264094269
  1127 -2.059264094269
  1128 -2.059264094269
  1129 -2.059264094269
  1130 -2.059264094269
  1131 -2.059264094269
  1132 -2.059264094269
  1133 -2.059264094269
  1134 -2.059264094269
  1135 -2.059264094269
  1136 -2.059264094269
  1137 -2.059264094269
  1138 -2.059264094269
  1139 -2.059264094269
  1140 -2.059264094269
  1141 -2.059264094269
  1142 -2.059264094269
  1143 -2.059264094269
  1144 -2.059264094269
  1145 -2.059264094269
  1146 -2.059264094269
  1147 -2.059264094269
  1148 -2.059264094269
  1149 -2.059264094269
  1150 -2.059264094269
  1151 -2.059264094269
  1152 -2.059264094269
  1153 -2.059264094269
  1154 -2.059264094269
  1155 -2.059264094269
  1156 -2.059264094269
  1157 -2.059264094269
  1158 -2.059264094269
  1159 -2.059264094269
  1160 -2.059264094269
  1161 -2.059264094269
  1162 -2.059264094269
  1163 -2.059264094269
  1164 -2.059264094269
  1165 -2.059264094269
  1166 -2.059264094269
  1167 -2.059264094269
  1168 -2.059264094269
  1169 -2.059264094269
  1170 -2.059264094269
  1171 -2.059264094269
  1172 -2.059264094269
  1173 -2.059264094269
  1174 -2.059264094269
  1175 -2.059264094269
  1176 -2.059264094269
  1177 -2.059264094269
  1178 -2.059264094269
  1179 -2.059264094269
  1180 -2.059264094269
  1181 -2.059264094269
  1182 -2.059264094269
  1183 -2.059264094269
  1184 -2.059264094269
  1185 -2.059264094269
  1186 -2.059264094269
  1187 -2.059264094269
  1188 -2.059264094269
  1189 -2.059264094269
  1190 -2.059264094269
  1191 -2.059264094269
  1192 -2.059264094269
  1193 -2.059264094269
  1194 -2.059264094269
  1195 -2.059264094269
  1196 -2.059264094269
  1197 -2.059264094269
  1198 -2.059264094269
  1199 -2.059264094269
  1200 -2.059264094269
  1201 -2.059264094269
  1202 -2.059264094269
  1203 -2.059264094269
  1204 -2.059264094269
  1205 -2.059264094269
  1206 -2.059264094269
  1207 -2.059264094269
  1208 -2.059264094269
  1209 -2.059264094269
  1210 -2.059264094269
  1211 -2.059264094269
  1212 -2.059264094269
  1213 -2.059264094269
  1214 -2.059264094269
  1215 -2.059264094269
  1216 -2.059264094269
  1217 -2.059264094269
  1218 -2.059264094269
  1219 -2.059264094269
  1220 -2.059264094269
  1221 -2.059264094269
  1222 -2.059264094269
  1223 -2.059264094269
  1224 -2.059264094269
  1225 -2.059264094269
  1226 -2.059264094269
  1227 -2.059264094269
  1228 -2.059264094269
  1229 -2.059264094269
  1230 -2.059264094269
  1231 -2.059264094269
  1232 -2.059264094269
  1233 -2.059264094269
  1234 -2.059264094269
  1235 -2.059264094269
  1236 -2.059264094269
  1237 -2.059264094269
  1238 -2.059264094269
  1239 -2.059264094269
  1240 -2.059264094269
  1241 -2.059264094269
  1242 -2.059264094269
  1243 -2.059264094269
  1244 -2.059264094269
  1245 -2.059264094269
  1246 -2.059264094269
  1247 -2.059264094269
  1248 -2.059264094269
  1249 -2.059264094269
  1250 -2.059264094269
  1251 -2.059264094269
  1252 -2.059264094269
  1253 -2.059264094269
  1254 -2.059264094269
  1255 -2.059264094269
  1256 -2.059264094269
  1257 -2.059264094269
  1258 -2.059264094269
  1259 -2.059264094269
  1260 -2.059264094269
  1261 -2.059264094269
  1262 -2.059264094269
  1263 -2.059264094269
  1264 -2.059264094269
  1265 -2.059264094269
  1266 -2.059264094269
  1267 -2.059264094269
  1268 -2.059264094269
  1269 -2.059264094269
  1270 -2.059264094269
  1271 -2.059264094269
  1272 -2.059264094269
  1273 -2.059264094269
  1274 -2.059264094269
  1275 -2.059264094269
  1276 -2.059264094269
  1277 -2.059264094269
  1278 -2.059264094269
  1279 -2.059264094269
  1280 -2.059264094269
  1281 -2.059264094269
  1282 -2.059264094269
  1283 -2.059264094269
  1284 -2.059264094269
  1285 -2.059264094269
  1286 -2.059264094269
  1287 -2.059264094269
  1288 -2.059264094269
  1289 -2.059264094269
  1290 -2.059264094269
  1291 -2.059264094269
  1292 -2.059264094269
  1293 -2.059264094269
  1294 -2.059264094269
  1295 -2.059264094269
  1296 -2.059264094269
  1297 -2.059264094269
  1298 -2.059264094269
  1299 -2.059264094269
  1300 -2.059264094269
  1301 -2.059264094269
  1302 -2.059264094269
  1303 -2.059264094269
  1304 -2.059264094269
  1305 -2.059264094269
  1306 -2.059264094269
  1307 -2.059264094269
  1308 -2.059264094269
  1309 -2.059264094269
  1310 -2.059264094269
  1311 -2.059264094269
  1312 -2.059264094269
  1313 -2.059264094269
  1314 -2.059264094269
  1315 -2.059264094269
  1316 -2.059264094269
  1317 -2.059264094269
  1318 -2.059264094269
  1319 -2.059264094269
  1320 -2.059264094269
  1321 -2.059264094269
  1322 -2.059264094269
  1323 -2.059264094269
  1324 -2.059264094269
  1325 -2.059264094269
  1326 -2.059264094269
  1327 -2.059264094269
  1328 -2.059264094269
  1329 -2.059264094269
  1330 -2.059264094269
  1331 -2.059264094269
  1332 -2.059264094269
  1333 -2.059264094269
  1334 -2.059264094269
  1335 -2.059264094269
  1336 -2.059264094269
  1337 -2.059264094269
  1338 -2.059264094269
  1339 -2.059264094269
  1340 -2.059264094269
  1341 -2.059264094269
  1342 -2.059264094269
  1343 -2.059264094269
  1344 -2.059264094269
  1345 -2.059264094269
  1346 -2.059264094269
  1347 -2.059264094269
  1348 -2.059264094269
  1349 -2.059264094269
  1350 -2.059264094269
  1351 -2.059264094269
  1352 -2.059264094269
  1353 -2.059264094269
  1354 -2.059264094269
  1355 -2.059264094269
  1356 -2.059264094269
  1357 -2.059264094269
  1358 -2.059264094269
  1359 -2.059264094269
  1360 -2.059264094269
  1361 -2.059264094269
  1362 -2.059264094269
  1363 -2.059264094269
  1364 -2.059264094269
  1365 -2.059264094269
  1366 -2.059264094269
  1367 -2.059264094269
  1368 -2.059264094269
  1369 -2.059264094269
  1370 -2.059264094269
  1371 -2.059264094269
  1372 -2.059264094269
  1373 -2.059264094269
  1374 -2.059264094269
  1375 -2.059264094269
  1376 -2.059264094269
  1377 -2.059264094269
  1378 -2.059264094269
  1379 -2.059264094269
  1380 -2.059264094269
  1381 -2.059264094269
  1382 -2.059264094269
  1383 -2.059264094269
  1384 -2.059264094269
  1385 -2.059264094269
  1386 -2.059264094269
  1387 -2.059264094269
  1388 -2.059264094269
  1389 -2.059264094269
  1390 -2.059264094269
  1391 -2.059264094269
  1392 -2.059264094269
  1393 -2.059264094269
  1394 -2.059264094269
  1395 -2.059264094269
  1396 -2.059264094269
  1397 -2.059264094269
  1398 -2.059264094269
  1399 -2.059264094269
  1400 -2.059264094269
  1401 -2.059264094269
  1402 -2.059264094269
  1403 -2.059264094269
  1404 -2.059264094269
  1405 -2.059264094269
  1406 -2.059264094269
  1407 -2.059264094269
  1408 -2.059264094269
  1409 -2.059264094269
  1410 -2.059264094269
  1411 -2.059264094269
  1412 -2.059264094269
  1413 -2.059264094269
  1414 -2.059264094269
  1415 -2.059264094269
  1416 -2.059264094269
  1417 -2.059264094269
  1418 -2.059264094269
  1419 -2.059264094269
  1420 -2.059264094269
  1421 -2.059264094269
  1422 -2.059264094269
  1423 -2.059264094269
  1424 -2.059264094269
  1425 -2.059264094269
  1426 -2.059264094269
  1427 -2.059264094269
  1428 -2.059264094269
  1429 -2.059264094269
  1430 -2.059264094269
  1431 -2.059264094269
  1432 -2.059264094269
  1433 -2.059264094269
  1434 -2.059264094269
  1435 -2.059264094269
  1436 -2.059264094269
  1437 -2.059264094269
  1438 -2.059264094269
  1439 -2.059264094269
  1440 -2.059264094269
  1441 -2.059264094269
  1442 -2.059264094269
  1443 -2.059264094269
  1444 -2.059264094269
  1445 -2.059264094269
  1446 -2.059264094269
  1447 -2.059264094269
  1448 -2.059264094269
  1449 -2.059264094269
  1450 -2.059264094269
  1451 -2.059264094269
  1452 -2.059264094269
  1453 -2.059264094269
  1454 -2.059264094269
  1455 -2.059264094269
  1456 -2.059264094269
  1457 -2.059264094269
  1458 -2.059264094269
  1459 -2.059264094269
  1460 -2.059264094269
  1461 -2.059264094269
  1462 -2.059264094269
  1463 -2.059264094269
  1464 -2.059264094269
  1465 -2.059264094269
  1466 -2.059264094269
  1467 -2.059264094269
  1468 -2.059264094269
  1469 -2.059264094269
  1470 -2.059264094269
  1471 -2.059264094269
  1472 -2.059264094269
  1473 -2.059264094269
  1474 -2.059264094269
  1475 -2.059264094269
  1476 -2.059264094269
  1477 -2.059264094269
  1478 -2.059264094269
  1479 -2.059264094269
  1480 -2.059264094269
  1481 -2.059264094269
  1482 -2.059264094269
  1483 -2.059264094269
  1484 -2.059264094269
  1485 -2.059264094269
  1486 -2.059264094269
  1487 -2.059264094269
  1488 -2.059264094269
  1489 -2.059264094269
  1490 -2.059264094269
  1491 -2.059264094269
  1492 -2.059264094269
  1493 -2.059264094269
  1494 -2.059264094269
  1495 -2.059264094269
  1496 -2.059264094269
  1497 -2.059264094269
  1498 -2.059264094269
  1499 -2.059264094269
  1500 -2.059264094269
  1501 -2.059264094269
  1502 -2.059264094269
  1503 -2.059264094269
  1504 -2.059264094269
  1505 -2.059264094269
  1506 -2.059264094269
  1507 -2.059264094269
  1508 -2.059264094269
  1509 -2.059264094269
  1510 -2.059264094269
  1511 -2.059264094269
  1512 -2.059264094269
  1513 -2.059264094269
  1514 -2.059264094269
  1515 -2.059264094269
  1516 -2.059264094269
  1517 -2.059264094269
  1518 -2.059264094269
  1519 -2.059264094269
  1520 -2.059264094269
  1521 -2.059264094269
  1522 -2.059264094269
  1523 -2.059264094269
  1524 -2.059264094269
  1525 -2.059264094269
  1526 -2.059264094269
  1527 -2.059264094269
  1528 -2.059264094269
  1529 -2.059264094269
  1530 -2.059264094269
  1531 -2.059264094269
  1532 -2.059264094269
  1533 -2.059264094269
  1534 -2.059264094269
  1535 -2.059264094269
  1536 -2.059264094269
  1537 -2.059264094269
  1538 -2.059264094269
  1539 -2.059264094269
  1540 -2.059264094269
  1541 -2.059264094269
  1542 -2.059264094269
  1543 -2.059264094269
  1544 -2.059264094269
  1545 -2.059264094269
  1546 -2.059264094269
  1547 -2.059264094269
  1548 -2.059264094269
  1549 -2.059264094269
  1550 -2.059264094269
  1551 -2.059264094269
  1552 -2.059264094269
  1553 -2.059264094269
  1554 -2.059264094269
  1555 -2.059264094269
  1556 -2.059264094269
  1557 -2.059264094269
  1558 -2.059264094269
  1559 -2.059264094269
  1560 -2.059264094269
  1561 -2.059264094269
  1562 -2.059264094269
  1563 -2.059264094269
  1564 -2.059264094269
  1565 -2.059264094269
  1566 -2.059264094269
  1567 -2.059264094269
  1568 -2.059264094269
  1569 -2.059264094269
  1570 -2.059264094269
  1571 -2.059264094269
  1572 -2.059264094269
  1573 -2.059264094269
  1574 -2.059264094269
  1575 -2.059264094269
  1576 -2.059264094269
  1577 -2.059264094269
  1578 -2.059264094269
  1579 -2.059264094269
  1580 -2.059264094269
  1581 -2.059264094269
  1582 -2.059264094269
  1583 -2.059264094269
  1584 -2.059264094269
  1585 -2.059264094269
  1586 -2.059264094269
  1587 -2.059264094269
  1588 -2.059264094269
  1589 -2.059264094269
  1590 -2.059264094269
  1591 -2.059264094269
  1592 -2.059264094269
  1593 -2.059264094269
  1594 -2.059264094269
  1595 -2.059264094269
  1596 -2.059264094269
  1597 -2.059264094269
  1598 -2.059264094269
  1599 -2.059264094269
  1600 -2.059264094269
  1601 -2.059264094269
  1602 -2.059264094269
  1603 -2.059264094269
  1604 -2.059264094269
  1605 -2.059264094269
  1606 -2.059264094269
  1607 -2.059264094269
  1608 -2.059264094269
  1609 -2.059264094269
  1610 -2.059264094269
  1611 -2.059264094269
  1612 -2.059264094269
  1613 -2.059264094269
  1614 -2.059264094269
  1615 -2.059264094269
  1616 -2.059264094269
  1617 -2.059264094269
  1618 -2.059264094269
  1619 -2.059264094269
  1620 -2.059264094269
  1621 -2.059264094269
  1622 -2.059264094269
  1623 -2.059264094269
  1624 -2.059264094269
  1625 -2.059264094269
  1626 -2.059264094269
  1627 -2.059264094269
  1628 -2.059264094269
  1629 -2.059264094269
  1630 -2.059264094269
  1631 -2.059264094269
  1632 -2.059264094269
  1633 -2.059264094269
  1634 -2.059264094269
  1635 -2.059264094269
  1636 -2.059264094269
  1637 -2.059264094269
  1638 -2.059264094269
  1639 -2.059264094269
  1640 -2.059264094269
  1641 -2.059264094269
  1642 -2.059264094269
  1643 -2.059264094269
  1644 -2.059264094269
  1645 -2.059264094269
  1646 -2.059264094269
  1647 -2.059264094269
  1648 -2.059264094269
  1649 -2.059264094269
  1650 -2.059264094269
  1651 -2.059264094269
  1652 -2.059264094269
  1653 -2.059264094269
  1654 -2.059264094269
  1655 -2.059264094269
  1656 -2.059264094269
  1657 -2.059264094269
  1658 -2.059264094269
  1659 -2.059264094269
  1660 -2.059264094269
  1661 -2.059264094269
  1662 -2.059264094269
  1663 -2.059264094269
  1664 -2.059264094269
  1665 -2.059264094269
  1666 -2.059264094269
  1667 -2.059264094269
  1668 -2.059264094269
  1669 -2.059264094269
  1670 -2.059264094269
  1671 -2.059264094269
  1672 -2.059264094269
  1673 -2.059264094269
  1674 -2.059264094269
  1675 -2.059264094269
  1676 -2.059264094269
  1677 -2.059264094269
  1678 -2.059264094269
  1679 -2.059264094269
  1680 -2.059264094269
  1681 -2.059264094269
  1682 -2.059264094269
  1683 -2.059264094269
  1684 -2.059264094269
  1685 -2.059264094269
  1686 -2.059264094269
  1687 -2.059264094269
  1688 -2.059264094269
  1689 -2.059264094269
  1690 -2.059264094269
  1691 -2.059264094269
  1692 -2.059264094269
  1693 -2.059264094269
  1694 -2.059264094269
  1695 -2.059264094269
  1696 -2.059264094269
  1697 -2.059264094269
  1698 -2.059264094269
  1699 -2.059264094269
  1700 -2.059264094269
  1701 -2.059264094269
  1702 -2.059264094269
  1703 -2.059264094269
  1704 -2.059264094269
  1705 -2.059264094269
  1706 -2.059264094269
  1707 -2.059264094269
  1708 -2.059264094269
  1709 -2.059264094269
  1710 -2.059264094269
  1711 -2.059264094269
  1712 -2.059264094269
  1713 -2.059264094269
  1714 -2.059264094269
  1715 -2.059264094269
  1716 -2.059264094269
  1717 -2.059264094269
  1718 -2.059264094269
  1719 -2.059264094269
  1720 -2.059264094269
  1721 -2.059264094269
  1722 -2.059264094269
  1723 -2.059264094269
  1724 -2.059264094269
  1725 -2.059264094269
  1726 -2.059264094269
  1727 -2.059264094269
  1728 -2.059264094269
  1729 -2.059264094269
  1730 -2.059264094269
  1731 -2.059264094269
  1732 -2.059264094269
  1733 -2.059264094269
  1734 -2.059264094269
  1735 -2.059264094269
  1736 -2.059264094269
  1737 -2.059264094269
  1738 -2.059264094269
  1739 -2.059264094269
  1740 -2.059264094269
  1741 -2.059264094269
  1742 -2.059264094269
  1743 -2.059264094269
  1744 -2.059264094269
  1745 -2.059264094269
  1746 -2.059264094269
  1747 -2.059264094269
  1748 -2.059264094269
  1749 -2.059264094269
  1750 -2.059264094269
  1751 -2.059264094269
  1752 -2.059264094269
  1753 -2.059264094269
  1754 -2.059264094269
  1755 -2.059264094269
  1756 -2.059264094269
  1757 -2.059264094269
  1758 -2.059264094269
  1759 -2.059264094269
  1760 -2.059264094269
  1761 -2.059264094269
  1762 -2.059264094269
  1763 -2.059264094269
  1764 -2.059264094269
  1765 -2.059264094269
  1766 -2.059264094269
  1767 -2.059264094269
  1768 -2.059264094269
  1769 -2.059264094269
  1770 -2.059264094269
  1771 -2.059264094269
  1772 -2.059264094269
  1773 -2.059264094269
  1774 -2.059264094269
  1775 -2.059264094269
  1776 -2.059264094269
  1777 -2.059264094269
  1778 -2.059264094269
  1779 -2.059264094269
  1780 -2.059264094269
  1781 -2.059264094269
  1782 -2.059264094269
  1783 -2.059264094269
  1784 -2.059264094269
  1785 -2.059264094269
  1786 -2.059264094269
  1787 -2.059264094269
  1788 -2.059264094269
  1789 -2.059264094269
  1790 -2.059264094269
  1791 -2.059264094269
  1792 -2.059264094269
  1793 -2.059264094269
  1794 -2.059264094269
  1795 -2.059264094269
  1796 -2.059264094269
  1797 -2.059264094269
  1798 -2.059264094269
  1799 -2.059264094269
  1800 -2.059264094269
  1801 -2.059264094269
  1802 -2.059264094269
  1803 -2.059264094269
  1804 -2.059264094269
  1805 -2.059264094269
  1806 -2.059264094269
  1807 -2.059264094269
  1808 -2.059264094269
  1809 -2.059264094269
  1810 -2.059264094269
  1811 -2.059264094269
  1812 -2.059264094269
  1813 -2.059264094269
  1814 -2.059264094269
  1815 -2.059264094269
  1816 -2.059264094269
  1817 -2.059264094269
  1818 -2.059264094269
  1819 -2.059264094269
  1820 -2.059264094269
  1821 -2.059264094269
  1822 -2.059264094269
  1823 -2.059264094269
  1824 -2.059264094269
  1825 -2.059264094269
  1826 -2.059264094269
  1827 -2.059264094269
  1828 -2.059264094269
  1829 -2.059264094269
  1830 -2.059264094269
  1831 -2.059264094269
  1832 -2.059264094269
  1833 -2.059264094269
  1834 -2.059264094269
  1835 -2.059264094269
  1836 -2.059264094269
  1837 -2.059264094269
  1838 -2.059264094269
  1839 -2.059264094269
  1840 -2.059264094269
  1841 -2.059264094269
  1842 -2.059264094269
  1843 -2.059264094269
  1844 -2.059264094269
  1845 -2.059264094269
  1846 -2.059264094269
  1847 -2.059264094269
  1848 -2.059264094269
  1849 -2.059264094269
  1850 -2.059264094269
  1851 -2.059264094269
  1852 -2.059264094269
  1853 -2.059264094269
  1854 -2.059264094269
  1855 -2.059264094269
  1856 -2.059264094269
  1857 -2.059264094269
  1858 -2.059264094269
  1859 -2.059264094269
  1860 -2.059264094269
  1861 -2.059264094269
  1862 -2.059264094269
  1863 -2.059264094269
  1864 -2.059264094269
  1865 -2.059264094269
  1866 -2.059264094269
  1867 -2.059264094269
  1868 -2.059264094269
  1869 -2.059264094269
  1870 -2.059264094269
  1871 -2.059264094269
  1872 -2.059264094269
  1873 -2.059264094269
  1874 -2.059264094269
  1875 -2.059264094269
  1876 -2.059264094269
  1877 -2.059264094269
  1878 -2.059264094269
  1879 -2.059264094269
  1880 -2.059264094269
  1881 -2.059264094269
  1882 -2.059264094269
  1883 -2.059264094269
  1884 -2.059264094269
  1885 -2.059264094269
  1886 -2.059264094269
  1887 -2.059264094269
  1888 -2.059264094269
  1889 -2.059264094269
  1890 -2.059264094269
  1891 -2.059264094269
  1892 -2.059264094269
  1893 -2.059264094269
  1894 -2.059264094269
  1895 -2.059264094269
  1896 -2.059264094269
  1897 -2.059264094269
  1898 -2.059264094269
  1899 -2.059264094269
  1900 -2.059264094269
  1901 -2.059264094269
  1902 -2.059264094269
  1903 -2.059264094269
  1904 -2.059264094269
  1905 -2.059264094269
  1906 -2.059264094269
  1907 -2.059264094269
  1908 -2.059264094269
  1909 -2.059264094269
  1910 -2.059264094269
  1911 -2.059264094269
  1912 -2.059264094269
  1913 -2.059264094269
  1914 -2.059264094269
  1915 -2.059264094269
  1916 -2.059264094269
  1917 -2.059264094269
  1918 -2.059264094269
  1919 -2.059264094269
  1920 -2.059264094269
  1921 -2.059264094269
  1922 -2.059264094269
  1923 -2.059264094269
  1924 -2.059264094269
  1925 -2.059264094269
  1926 -2.059264094269
  1927 -2.059264094269
  1928 -2.059264094269
  1929 -2.059264094269
  1930 -2.059264094269
  1931 -2.059264094269
  1932 -2.059264094269
  1933 -2.059264094269
  1934 -2.059264094269
  1935 -2.059264094269
  1936 -2.059264094269
  1937 -2.059264094269
  1938 -2.059264094269
  1939 -2.059264094269
  1940 -2.059264094269
  1941 -2.059264094269
  1942 -2.059264094269
  1943 -2.059264094269
  1944 -2.059264094269
  1945 -2.059264094269
  1946 -2.059264094269
  1947 -2.059264094269
  1948 -2.059264094269
  1949 -2.059264094269
  1950 -2.059264094269
  1951 -2.059264094269
  1952 -2.059264094269
  1953 -2.059264094269
  1954 -2.059264094269
  1955 -2.059264094269
  1956 -2.059264094269
  1957 -2.059264094269
  1958 -2.059264094269
  1959 -2.059264094269
  1960 -2.059264094269
  1961 -2.059264094269
  1962 -2.059264094269
  1963 -2.059264094269
  1964 -2.059264094269
  1965 -2.059264094269
  1966 -2.059264094269
  1967 -2.059264094269
  1968 -2.059264094269
  1969 -2.059264094269
  1970 -2.059264094269
  1971 -2.059264094269
  1972 -2.059264094269
  1973 -2.059264094269
  1974 -2.059264094269
  1975 -2.059264094269
  1976 -2.059264094269
  1977 -2.059264094269
  1978 -2.059264094269
  1979 -2.059264094269
  1980 -2.059264094269
  1981 -2.059264094269
  1982 -2.059264094269
  1983 -2.059264094269
  1984 -2.059264094269
  1985 -2.059264094269
  1986 -2.059264094269
  1987 -2.059264094269
  1988 -2.059264094269
  1989 -2.059264094269
  1990 -2.059264094269
  1991 -2.059264094269
  1992 -2.059264094269
  1993 -2.059264094269
  1994 -2.059264094269
  1995 -2.059264094269
  1996 -2.059264094269
  1997 -2.059264094269
  1998 -2.059264094269
  1999 -2.059264094269
  2000 -2.059264094269
