     1 -0.897959165266
     2 -0.724964463822
     3 -0.977477139254
     4 -1.103362440226
     5 -1.172007042771
     6 -1.212575853259
     7 -1.237813573484
     8 -1.254164251889
     9 -1.265070077291
    10 -1.272506114972
    11 -1.277661154557
    12 -1.281281899450
    13 -1.283851484841
    14 -1.285690032565
    15 -1.287013513663
    16 -1.287969647624
    17 -1.288660529398
    18 -1.289156937698
    19 -1.289508879554
    20 -1.289752168703
    21 -1.289912109025
    22 -1.290007426040
    23 -1.290051324094
    24 -1.290054887915
    25 -1.290026050051
    26 -1.289971426271
    27 -1.289896585883
    28 -1.289806060559
    29 -1.289704134404
    30 -1.289594589496
    31 -1.289480188942
    32 -1.289363853138
    33 -1.289248139183
    34 -1.289135240192
    35 -1.289026592083
    36 -1.288923783248
    37 -1.288828290122
    38 -1.288740430161
    39 -1.288661052999
    40 -1.288590754531
    41 -1.288529352197
    42 -1.288477186183
    43 -1.288434074208
    44 -1.288399831441
    45 -1.288373747805
    46 -1.288356151831
    47 -1.288346063279
    48 -1.288343279116
    49 -1.288347330439
    50 -1.288357743391
    51 -1.396686347314
    52 -1.490541366161
    53 -1.402651747880
    54 -1.375336331303
    55 -1.355600143581
    56 -1.335891210368
    57 -1.321829383477
    58 -1.310680612387
    59 -1.303044860377
    60 -1.297945973560
    61 -1.294597927045
    62 -1.292385430886
    63 -1.290904468007
    64 -1.289909629484
    65 -1.289242867253
    66 -1.288801673705
    67 -1.288517027271
    68 -1.288342645453
    69 -1.288245270095
    70 -1.288202343888
    71 -1.288198015240
    72 -1.288220641588
    73 -1.288262338143
    74 -1.288316676279
    75 -1.288379495736
    76 -1.288447881824
    77 -1.288519918820
    78 -1.288593657050
    79 -1.288667902681
    80 -1.288742744871
    81 -1.288816691613
    82 -1.288889802281
    83 -1.288961604082
    84 -1.289032137186
    85 -1.289101434819
    86 -1.289169524558
    87 -1.289235907841
    88 -1.289301125420
    89 -1.289364671881
    90 -1.289427603886
    91 -1.289488889849
    92 -1.289548539526
    93 -1.289607604315
    94 -1.289664526719
    95 -1.289721399017
    96 -1.289776140336
    97 -1.289830319876
    98 -1.289882898545
    99 -1.289934922910
   100 -1.289985352952
   101 -1.376338840769
   102 -1.489043658165
   103 -1.467058197701
   104 -1.434232227591
   105 -1.424467100578
   106 -1.410735701772
   107 -1.396645233320
   108 -1.384186419132
   109 -1.370215804314
   110 -1.357504069308
   111 -1.343667869426
   112 -1.330422146995
   113 -1.318418571431
   114 -1.309674923675
   115 -1.304092268694
   116 -1.300597587930
   117 -1.298300855269
   118 -1.296727554973
   119 -1.295629646620
   120 -1.294862179622
   121 -1.294326411257
   122 -1.293958621139
   123 -1.293709415268
   124 -1.293543822631
   125 -1.293437180881
   126 -1.293371000306
   127 -1.293330901335
   128 -1.293308716728
   129 -1.293295201199
   130 -1.293287341031
   131 -1.293281058403
   132 -1.293275388123
   133 -1.293267265568
   134 -1.293257787742
   135 -1.293244913706
   136 -1.293229724645
   137 -1.293212252787
   138 -1.293192525488
   139 -1.293169522958
   140 -1.293145351246
   141 -1.293118984290
   142 -1.293092522852
   143 -1.293063893312
   144 -1.293035192631
   145 -1.293004343953
   146 -1.292974484561
   147 -1.292943535235
   148 -1.292913588150
   149 -1.292883605428
   150 -1.292852548500
   151 -1.369120484358
   152 -1.422065012098
   153 -1.385874431568
   154 -1.362449484643
   155 -1.349724942635
   156 -1.340502291643
   157 -1.331502359160
   158 -1.324376213908
   159 -1.318049515765
   160 -1.312740810943
   161 -1.308322555049
   162 -1.304709537867
   163 -1.301801286920
   164 -1.299472631740
   165 -1.297614428612
   166 -1.296129617485
   167 -1.294940877225
   168 -1.293986519630
   169 -1.293217746437
   170 -1.292597332835
   171 -1.292095611748
   172 -1.291689528594
   173 -1.291360615735
   174 -1.291095551442
   175 -1.290881488974
   176 -1.290709721521
   177 -1.290573083135
   178 -1.290464910981
   179 -1.290381134881
   180 -1.290317671809
   181 -1.290270949014
   182 -1.290238426782
   183 -1.290217556399
   184 -1.290206302638
   185 -1.290203666183
   186 -1.290207076763
   187 -1.290217087798
   188 -1.290231640184
   189 -1.290250235276
   190 -1.290271849327
   191 -1.290295455554
   192 -1.290322110763
   193 -1.290350261891
   194 -1.290379918672
   195 -1.290410046229
   196 -1.290441173026
   197 -1.290472783376
   198 -1.290504360695
   199 -1.290536952272
   200 -1.290568997068
   201 -1.414745303497
   202 -1.411559374393
   203 -1.370408879526
   204 -1.351964237180
   205 -1.335506598788
   206 -1.322148605754
   207 -1.310180534270
   208 -1.300776457992
   209 -1.292841593247
   210 -1.287393513317
   211 -1.284190060957
   212 -1.282744081662
   213 -1.282344572493
   214 -1.282509723349
   215 -1.282962265577
   216 -1.283548328982
   217 -1.284181326543
   218 -1.284812382150
   219 -1.285413988408
   220 -1.285971939783
   221 -1.286480853509
   222 -1.286939115359
   223 -1.287348997419
   224 -1.287714134898
   225 -1.288038021239
   226 -1.288325092998
   227 -1.288579715950
   228 -1.288806205417
   229 -1.289006754343
   230 -1.289185615550
   231 -1.289345979586
   232 -1.289488936677
   233 -1.289618174179
   234 -1.289734763821
   235 -1.289840814391
   236 -1.289936343918
   237 -1.290024496116
   238 -1.290105282701
   239 -1.290179756310
   240 -1.290247924790
   241 -1.290311880792
   242 -1.290371629720
   243 -1.290427176101
   244 -1.290479566830
   245 -1.290528805144
   246 -1.290574893797
   247 -1.290618878232
   248 -1.290660760480
   249 -1.290700542298
   250 -1.290739268291
   251 -1.400605064437
   252 -1.505207428160
   253 -1.441281369162
   254 -1.391214269004
   255 -1.362003637229
   256 -1.341693254706
   257 -1.326615614784
   258 -1.316014260853
   259 -1.308438226869
   260 -1.303021157635
   261 -1.299108053639
   262 -1.296270937746
   263 -1.294206016487
   264 -1.292697220464
   265 -1.291589493485
   266 -1.290771455993
   267 -1.290162863041
   268 -1.289706404566
   269 -1.289361147872
   270 -1.289097708476
   271 -1.288895454399
   272 -1.288739420152
   273 -1.288618768373
   274 -1.288525762921
   275 -1.288455257384
   276 -1.288402615182
   277 -1.288365278110
   278 -1.288340421813
   279 -1.288326521900
   280 -1.288322050985
   281 -1.288325739998
   282 -1.288336839267
   283 -1.288354336393
   284 -1.288377477903
   285 -1.288405769321
   286 -1.288438453688
   287 -1.288475033154
   288 -1.288515008255
   289 -1.288558399515
   290 -1.288604182890
   291 -1.288652375993
   292 -1.288702473545
   293 -1.288754490534
   294 -1.288807397671
   295 -1.288862250699
   296 -1.288917496622
   297 -1.288973667630
   298 -1.289030251935
   299 -1.289087779997
   300 -1.289145216898
   301 -1.409260652004
   302 -1.441397739058
   303 -1.445390223204
   304 -1.404482490285
   305 -1.381706846270
   306 -1.358520149140
   307 -1.340493568543
   308 -1.327155074077
   309 -1.317001925959
   310 -1.309527624725
   311 -1.304032442819
   312 -1.300040451433
   313 -1.297160636616
   314 -1.295101800513
   315 -1.293641369497
   316 -1.292613480329
   317 -1.291895560431
   318 -1.291398347967
   319 -1.291057877226
   320 -1.290827376566
   321 -1.290675356069
   322 -1.290578426482
   323 -1.290519294274
   324 -1.290488379754
   325 -1.290476028634
   326 -1.290477749779
   327 -1.290487971108
   328 -1.290505264409
   329 -1.290527136209
   330 -1.290552118291
   331 -1.290578727761
   332 -1.290607034055
   333 -1.290636053120
   334 -1.290665313581
   335 -1.290694858037
   336 -1.290724201082
   337 -1.290753373337
   338 -1.290782400721
   339 -1.290810262081
   340 -1.290839062113
   341 -1.290866208782
   342 -1.290892758405
   343 -1.290919243710
   344 -1.290945674156
   345 -1.290971014664
   346 -1.290995272006
   347 -1.291019495002
   348 -1.291043166979
   349 -1.291066292069
   350 -1.291088352247
   351 -1.291110393582
   352 -1.291132418627
   353 -1.291152343396
   354 -1.291173298994
   355 -1.291193200856
   356 -1.291212050348
   357 -1.291230891729
   358 -1.291248682929
   359 -1.291266467904
   360 -1.291284247408
   361 -1.291300979012
   362 -1.291316663284
   363 -1.291333386877
   364 -1.291348020977
   365 -1.291363695200
   366 -1.291377280630
   367 -1.291391906795
   368 -1.291405487784
   369 -1.291419066897
   370 -1.291431601248
   371 -1.291444134089
   372 -1.291456665570
   373 -1.291468152745
   374 -1.291479638813
   375 -1.291491123879
   376 -1.291501564957
   377 -1.291512005211
   378 -1.291522444717
   379 -1.291531840460
   380 -1.291541235582
   381 -1.291550630136
   382 -1.291560024171
   383 -1.291568374651
   384 -1.291576724696
   385 -1.291585074341
   386 -1.291592380538
   387 -1.291600729480
   388 -1.291608035030
   389 -1.291615340294
   390 -1.291621602213
   391 -1.291628906970
   392 -1.291635168421
   393 -1.291641429664
   394 -1.291647690714
   395 -1.291652908506
   396 -1.291659169214
   397 -1.291664386688
   398 -1.291669604020
   399 -1.291674821220
   400 -1.291680038299
   401 -1.291685255264
   402 -1.291689429042
   403 -1.291694645804
   404 -1.291698819393
   405 -1.291702992897
   406 -1.291707166322
   407 -1.291711339674
   408 -1.291715512958
   409 -1.291718643096
   410 -1.291722816257
   411 -1.291725946280
   412 -1.291729076253
   413 -1.291732206177
   414 -1.291735336056
   415 -1.291738465893
   416 -1.291741595691
   417 -1.291744725453
   418 -1.291747855181
   419 -1.291749941795
   420 -1.291753071462
   421 -1.291755158019
   422 -1.291757244551
   423 -1.291760374139
   424 -1.291762460624
   425 -1.291764547088
   426 -1.291766633532
   427 -1.291768719958
   428 -1.291770806366
   429 -1.291772892759
   430 -1.291774979137
   431 -1.291776022419
   432 -1.291778108769
   433 -1.291780195108
   434 -1.291781238353
   435 -1.291783324669
   436 -1.291784367894
   437 -1.291786454191
   438 -1.291787497398
   439 -1.291788540597
   440 -1.291790626869
   441 -1.291791670053
   442 -1.291792713230
   443 -1.291793756401
   444 -1.291794799566
   445 -1.291796885807
   446 -1.291797928962
   447 -1.291798972112
   448 -1.291800015257
   449 -1.291801058398
   450 -1.291801058455
   451 -1.291802101588
   452 -1.291803144719
   453 -1.291804187846
   454 -1.291805230970
   455 -1.291806274091
   456 -1.291806274129
   457 -1.291807317245
   458 -1.291808360360
   459 -1.291809403471
   460 -1.291809403500
   461 -1.291810446608
   462 -1.291810446633
   463 -1.291811489738
   464 -1.291812532841
   465 -1.291812532862
   466 -1.291813575962
   467 -1.291813575980
   468 -1.291814619078
   469 -1.291814619094
   470 -1.291815662190
   471 -1.291815662204
   472 -1.291816705298
   473 -1.291816705310
   474 -1.291816705321
   475 -1.291817748413
   476 -1.291817748423
   477 -1.291818791513
   478 -1.291818791522
   479 -1.291818791530
   480 -1.291819834619
   481 -1.291819834626
   482 -1.291819834632
   483 -1.291820877720
   484 -1.291820877726
   485 -1.291820877731
   486 -1.291820877736
   487 -1.291821920822
   488 -1.291821920826
   489 -1.291821920830
   490 -1.291821920834
   491 -1.291822963919
   492 -1.291822963923
   493 -1.291822963926
   494 -1.291822963929
   495 -1.291824007013
   496 -1.291824007015
   497 -1.291824007018
   498 -1.291824007020
   499 -1.291824007022
   500 -1.291825050105
   501 -1.291825050107
   502 -1.291825050109
   503 -1.291825050110
   504 -1.291825050112
   505 -1.291825050113
   506 -1.291825050115
   507 -1.291826093197
   508 -1.291826093198
   509 -1.291826093199
   510 -1.291826093200
   511 -1.291826093201
   512 -1.291826093202
   513 -1.291826093203
   514 -1.291826093204
   515 -1.291827136286
   516 -1.291827136287
   517 -1.291827136287
   518 -1.291827136288
   519 -1.291827136288
   520 -1.291827136289
   521 -1.291827136289
   522 -1.291827136290
   523 -1.291827136290
   524 -1.291827136291
   525 -1.291827136291
   526 -1.291827136291
   527 -1.291828179373
   528 -1.291828179373
   529 -1.291828179373
   530 -1.291828179374
   531 -1.291828179374
   532 -1.291828179374
   533 -1.291828179374
   534 -1.291828179375
   535 -1.291828179375
   536 -1.291828179375
   537 -1.291828179375
   538 -1.291828179375
   539 -1.291828179375
   540 -1.291828179376
   541 -1.291828179376
   542 -1.291828179376
   543 -1.291828179376
   544 -1.291828179376
   545 -1.291829222457
   546 -1.291829222458
   547 -1.291829222458
   548 -1.291829222458
   549 -1.291829222458
   550 -1.291829222458
   551 -1.291829222458
   552 -1.291829222458
   553 -1.291829222458
   554 -1.291829222458
   555 -1.291829222458
   556 -1.291829222458
   557 -1.291829222458
   558 -1.291829222458
   559 -1.291829222458
   560 -1.291829222458
   561 -1.291829222458
   562 -1.291829222458
   563 -1.291829222458
   564 -1.291829222458
   565 -1.291829222458
   566 -1.291829222458
   567 -1.291829222458
   568 -1.291829222459
   569 -1.291829222459
   570 -1.291829222459
   571 -1.291829222459
   572 -1.291829222459
   573 -1.291829222459
   574 -1.291829222459
   575 -1.291829222459
   576 -1.291829222459
   577 -1.291829222459
   578 -1.291829222459
   579 -1.291829222459
   580 -1.291829222459
   581 -1.291829222459
   582 -1.291829222459
   583 -1.291829222459
   584 -1.291829222459
   585 -1.291829222459
   586 -1.291829222459
   587 -1.291829222459
   588 -1.291829222459
   589 -1.291829222459
   590 -1.291829222459
   591 -1.291829222459
   592 -1.291829222459
   593 -1.291829222459
   594 -1.291829222459
   595 -1.291829222459
   596 -1.291829222459
   597 -1.291829222459
   598 -1.291829222459
   599 -1.291829222459
   600 -1.291829222459
   601 -1.291829222459
   602 -1.291829222459
   603 -1.291829222459
   604 -1.291829222459
   605 -1.291829222459
   606 -1.291829222459
   607 -1.291830265540
   608 -1.291830265540
   609 -1.291830265540
   610 -1.291830265540
   611 -1.291830265540
   612 -1.291830265540
   613 -1.291830265540
   614 -1.291830265540
   615 -1.291830265540
   616 -1.291830265540
   617 -1.291830265540
   618 -1.291830265540
   619 -1.291830265540
   620 -1.291830265540
   621 -1.291830265540
   622 -1.291830265540
   623 -1.291830265540
   624 -1.291830265540
   625 -1.291830265540
   626 -1.291830265540
   627 -1.291830265540
   628 -1.291830265540
   629 -1.291830265540
   630 -1.291830265540
   631 -1.291830265540
   632 -1.291830265540
   633 -1.291830265540
   634 -1.291830265540
   635 -1.291830265540
   636 -1.291830265540
   637 -1.291830265540
   638 -1.291830265540
   639 -1.291830265540
   640 -1.291830265540
   641 -1.291830265540
   642 -1.291830265540
   643 -1.291830265540
   644 -1.291830265540
   645 -1.291830265540
   646 -1.291830265540
   647 -1.291830265540
   648 -1.291830265540
   649 -1.291830265540
   650 -1.291830265540
   651 -1.291830265540
   652 -1.291830265540
   653 -1.291830265540
   654 -1.291830265540
   655 -1.291830265540
   656 -1.291830265540
   657 -1.291830265540
   658 -1.291830265540
   659 -1.291830265540
   660 -1.291830265540
   661 -1.291830265540
   662 -1.291830265540
   663 -1.291830265540
   664 -1.291830265540
   665 -1.291830265540
   666 -1.291830265540
   667 -1.291830265540
   668 -1.291830265540
   669 -1.291830265540
   670 -1.291830265540
   671 -1.291830265540
   672 -1.291830265540
   673 -1.291830265540
   674 -1.291830265540
   675 -1.291830265540
   676 -1.291830265540
   677 -1.291830265540
   678 -1.291830265540
   679 -1.291830265540
   680 -1.291830265540
   681 -1.291830265540
   682 -1.291830265540
   683 -1.291830265540
   684 -1.291830265540
   685 -1.291830265540
   686 -1.291830265540
   687 -1.291830265540
   688 -1.291830265540
   689 -1.291830265540
   690 -1.291830265540
   691 -1.291830265540
   692 -1.291830265540
   693 -1.291830265540
   694 -1.291830265540
   695 -1.291830265540
   696 -1.291830265540
   697 -1.291830265540
   698 -1.291830265540
   699 -1.291830265540
   700 -1.291830265540
   701 -1.291830265540
   702 -1.291830265540
   703 -1.291830265540
   704 -1.291830265540
   705 -1.291830265540
   706 -1.291830265540
   707 -1.291830265540
   708 -1.291830265540
   709 -1.291830265540
   710 -1.291830265540
   711 -1.291830265540
   712 -1.291830265540
   713 -1.291830265540
   714 -1.291830265540
   715 -1.291830265540
   716 -1.291830265540
   717 -1.291830265540
   718 -1.291830265540
   719 -1.291830265540
   720 -1.291830265540
   721 -1.291830265540
   722 -1.291830265540
   723 -1.291830265540
   724 -1.291830265540
   725 -1.291830265540
   726 -1.291830265540
   727 -1.291830265540
   728 -1.291830265540
   729 -1.291830265540
   730 -1.291830265540
   731 -1.291830265540
   732 -1.291830265540
   733 -1.291830265540
   734 -1.291830265540
   735 -1.291830265540
   736 -1.291830265540
   737 -1.291830265540
   738 -1.291830265540
   739 -1.291830265540
   740 -1.291830265540
   741 -1.291830265540
   742 -1.291830265540
   743 -1.291830265540
   744 -1.291830265540
   745 -1.291830265540
   746 -1.291830265540
   747 -1.291830265540
   748 -1.291830265540
   749 -1.291830265540
   750 -1.291830265540
   751 -1.291830265540
   752 -1.291830265540
   753 -1.291830265540
   754 -1.291830265540
   755 -1.291830265540
   756 -1.291830265540
   757 -1.291830265540
   758 -1.291830265540
   759 -1.291830265540
   760 -1.291830265540
   761 -1.291830265540
   762 -1.291830265540
   763 -1.291830265540
   764 -1.291830265540
   765 -1.291830265540
   766 -1.291830265540
   767 -1.291830265540
   768 -1.291830265540
   769 -1.291830265540
   770 -1.291830265540
   771 -1.291830265540
   772 -1.291830265540
   773 -1.291830265540
   774 -1.291830265540
   775 -1.291830265540
   776 -1.291830265540
   777 -1.291830265540
   778 -1.291830265540
   779 -1.291830265540
   780 -1.291830265540
   781 -1.291830265540
   782 -1.291830265540
   783 -1.291830265540
   784 -1.291830265540
   785 -1.291830265540
   786 -1.291830265540
   787 -1.291830265540
   788 -1.291830265540
   789 -1.291830265540
   790 -1.291830265540
   791 -1.291830265540
   792 -1.291830265540
   793 -1.291830265540
   794 -1.291830265540
   795 -1.291830265540
   796 -1.291830265540
   797 -1.291830265540
   798 -1.291830265540
   799 -1.291830265540
   800 -1.291830265540
   801 -1.291830265540
   802 -1.291830265540
   803 -1.291830265540
   804 -1.291830265540
   805 -1.291830265540
   806 -1.291830265540
   807 -1.291830265540
   808 -1.291830265540
   809 -1.291830265540
   810 -1.291830265540
   811 -1.291830265540
   812 -1.291830265540
   813 -1.291830265540
   814 -1.291830265540
   815 -1.291830265540
   816 -1.291830265540
   817 -1.291830265540
   818 -1.291830265540
   819 -1.291830265540
   820 -1.291830265540
   821 -1.291830265540
   822 -1.291830265540
   823 -1.291830265540
   824 -1.291830265540
   825 -1.291830265540
   826 -1.291830265540
   827 -1.291830265540
   828 -1.291830265540
   829 -1.291830265540
   830 -1.291830265540
   831 -1.291830265540
   832 -1.291830265540
   833 -1.291830265540
   834 -1.291830265540
   835 -1.291830265540
   836 -1.291830265540
   837 -1.291830265540
   838 -1.291830265540
   839 -1.291830265540
   840 -1.291830265540
   841 -1.291830265540
   842 -1.291830265540
   843 -1.291830265540
   844 -1.291830265540
   845 -1.291830265540
   846 -1.291830265540
   847 -1.291830265540
   848 -1.291830265540
   849 -1.291830265540
   850 -1.291830265540
   851 -1.291830265540
   852 -1.291830265540
   853 -1.291830265540
   854 -1.291830265540
   855 -1.291830265540
   856 -1.291830265540
   857 -1.291830265540
   858 -1.291830265540
   859 -1.291830265540
   860 -1.291830265540
   861 -1.291830265540
   862 -1.291830265540
   863 -1.291830265540
   864 -1.291830265540
   865 -1.291830265540
   866 -1.291830265540
   867 -1.291830265540
   868 -1.291830265540
   869 -1.291830265540
   870 -1.291830265540
   871 -1.291830265540
   872 -1.291830265540
   873 -1.291830265540
   874 -1.291830265540
   875 -1.291830265540
   876 -1.291830265540
   877 -1.291830265540
   878 -1.291830265540
   879 -1.291830265540
   880 -1.291830265540
   881 -1.291830265540
   882 -1.291830265540
   883 -1.291830265540
   884 -1.291830265540
   885 -1.291830265540
   886 -1.291830265540
   887 -1.291830265540
   888 -1.291830265540
   889 -1.291830265540
   890 -1.291830265540
   891 -1.291830265540
   892 -1.291830265540
   893 -1.291830265540
   894 -1.291830265540
   895 -1.291830265540
   896 -1.291830265540
   897 -1.291830265540
   898 -1.291830265540
   899 -1.291830265540
   900 -1.291830265540
   901 -1.291830265540
   902 -1.291830265540
   903 -1.291830265540
   904 -1.291830265540
   905 -1.291830265540
   906 -1.291830265540
   907 -1.291830265540
   908 -1.291830265540
   909 -1.291830265540
   910 -1.291830265540
   911 -1.291830265540
   912 -1.291830265540
   913 -1.291830265540
   914 -1.291830265540
   915 -1.291830265540
   916 -1.291830265540
   917 -1.291830265540
   918 -1.291830265540
   919 -1.291830265540
   920 -1.291830265540
   921 -1.291830265540
   922 -1.291830265540
   923 -1.291830265540
   924 -1.291830265540
   925 -1.291830265540
   926 -1.291830265540
   927 -1.291830265540
   928 -1.291830265540
   929 -1.291830265540
   930 -1.291830265540
   931 -1.291830265540
   932 -1.291830265540
   933 -1.291830265540
   934 -1.291830265540
   935 -1.291830265540
   936 -1.291830265540
   937 -1.291830265540
   938 -1.291830265540
   939 -1.291830265540
   940 -1.291830265540
   941 -1.291830265540
   942 -1.291830265540
   943 -1.291830265540
   944 -1.291830265540
   945 -1.291830265540
   946 -1.291830265540
   947 -1.291830265540
   948 -1.291830265540
   949 -1.291830265540
   950 -1.291830265540
   951 -1.291830265540
   952 -1.291830265540
   953 -1.291830265540
   954 -1.291830265540
   955 -1.291830265540
   956 -1.291830265540
   957 -1.291830265540
   958 -1.291830265540
   959 -1.291830265540
   960 -1.291830265540
   961 -1.291830265540
   962 -1.291830265540
   963 -1.291830265540
   964 -1.291830265540
   965 -1.291830265540
   966 -1.291830265540
   967 -1.291830265540
   968 -1.291830265540
   969 -1.291830265540
   970 -1.291830265540
   971 -1.291830265540
   972 -1.291830265540
   973 -1.291830265540
   974 -1.291830265540
   975 -1.291830265540
   976 -1.291830265540
   977 -1.291830265540
   978 -1.291830265540
   979 -1.291830265540
   980 -1.291830265540
   981 -1.291830265540
   982 -1.291830265540
   983 -1.291830265540
   984 -1.291830265540
   985 -1.291830265540
   986 -1.291830265540
   987 -1.291830265540
   988 -1.291830265540
   989 -1.291830265540
   990 -1.291830265540
   991 -1.291830265540
   992 -1.291830265540
   993 -1.291830265540
   994 -1.291830265540
   995 -1.291830265540
   996 -1.291830265540
   997 -1.291830265540
   998 -1.291830265540
   999 -1.291830265540
  1000 -1.291830265540
  1001 -1.291830265540
  1002 -1.291830265540
  1003 -1.291830265540
  1004 -1.291830265540
  1005 -1.291830265540
  1006 -1.291830265540
  1007 -1.291830265540
  1008 -1.291830265540
  1009 -1.291830265540
  1010 -1.291830265540
  1011 -1.291830265540
  1012 -1.291830265540
  1013 -1.291830265540
  1014 -1.291830265540
  1015 -1.291830265540
  1016 -1.291830265540
  1017 -1.291830265540
  1018 -1.291830265540
  1019 -1.291830265540
  1020 -1.291830265540
  1021 -1.291830265540
  1022 -1.291830265540
  1023 -1.291830265540
  1024 -1.291830265540
  1025 -1.291830265540
  1026 -1.291830265540
  1027 -1.291830265540
  1028 -1.291830265540
  1029 -1.291830265540
  1030 -1.291830265540
  1031 -1.291830265540
  1032 -1.291830265540
  1033 -1.291830265540
  1034 -1.291830265540
  1035 -1.291830265540
  1036 -1.291830265540
  1037 -1.291830265540
  1038 -1.291830265540
  1039 -1.291830265540
  1040 -1.291830265540
  1041 -1.291830265540
  1042 -1.291830265540
  1043 -1.291830265540
  1044 -1.291830265540
  1045 -1.291830265540
  1046 -1.291830265540
  1047 -1.291830265540
  1048 -1.291830265540
  1049 -1.291830265540
  1050 -1.291830265540
  1051 -1.291830265540
  1052 -1.291830265540
  1053 -1.291830265540
  1054 -1.291830265540
  1055 -1.291830265540
  1056 -1.291830265540
  1057 -1.291830265540
  1058 -1.291830265540
  1059 -1.291830265540
  1060 -1.291830265540
  1061 -1.291830265540
  1062 -1.291830265540
  1063 -1.291830265540
  1064 -1.291830265540
  1065 -1.291830265540
  1066 -1.291830265540
  1067 -1.291830265540
  1068 -1.291830265540
  1069 -1.291830265540
  1070 -1.291830265540
  1071 -1.291830265540
  1072 -1.291830265540
  1073 -1.291830265540
  1074 -1.291830265540
  1075 -1.291830265540
  1076 -1.291830265540
  1077 -1.291830265540
  1078 -1.291830265540
  1079 -1.291830265540
  1080 -1.291830265540
  1081 -1.291830265540
  1082 -1.291830265540
  1083 -1.291830265540
  1084 -1.291830265540
  1085 -1.291830265540
  1086 -1.291830265540
  1087 -1.291830265540
  1088 -1.291830265540
  1089 -1.291830265540
  1090 -1.291830265540
  1091 -1.291830265540
  1092 -1.291830265540
  1093 -1.291830265540
  1094 -1.291830265540
  1095 -1.291830265540
  1096 -1.291830265540
  1097 -1.291830265540
  1098 -1.291830265540
  1099 -1.291830265540
  1100 -1.291830265540
  1101 -1.291830265540
  1102 -1.291830265540
  1103 -1.291830265540
  1104 -1.291830265540
  1105 -1.291830265540
  1106 -1.291830265540
  1107 -1.291830265540
  1108 -1.291830265540
  1109 -1.291830265540
  1110 -1.291830265540
  1111 -1.291830265540
  1112 -1.291830265540
  1113 -1.291830265540
  1114 -1.291830265540
  1115 -1.291830265540
  1116 -1.291830265540
  1117 -1.291830265540
  1118 -1.291830265540
  1119 -1.291830265540
  1120 -1.291830265540
  1121 -1.291830265540
  1122 -1.291830265540
  1123 -1.291830265540
  1124 -1.291830265540
  1125 -1.291830265540
  1126 -1.291830265540
  1127 -1.291830265540
  1128 -1.291830265540
  1129 -1.291830265540
  1130 -1.291830265540
  1131 -1.291830265540
  1132 -1.291830265540
  1133 -1.291830265540
  1134 -1.291830265540
  1135 -1.291830265540
  1136 -1.291830265540
  1137 -1.291830265540
  1138 -1.291830265540
  1139 -1.291830265540
  1140 -1.291830265540
  1141 -1.291830265540
  1142 -1.291830265540
  1143 -1.291830265540
  1144 -1.291830265540
  1145 -1.291830265540
  1146 -1.291830265540
  1147 -1.291830265540
  1148 -1.291830265540
  1149 -1.291830265540
  1150 -1.291830265540
  1151 -1.291830265540
  1152 -1.291830265540
  1153 -1.291830265540
  1154 -1.291830265540
  1155 -1.291830265540
  1156 -1.291830265540
  1157 -1.291830265540
  1158 -1.291830265540
  1159 -1.291830265540
  1160 -1.291830265540
  1161 -1.291830265540
  1162 -1.291830265540
  1163 -1.291830265540
  1164 -1.291830265540
  1165 -1.291830265540
  1166 -1.291830265540
  1167 -1.291830265540
  1168 -1.291830265540
  1169 -1.291830265540
  1170 -1.291830265540
  1171 -1.291830265540
  1172 -1.291830265540
  1173 -1.291830265540
  1174 -1.291830265540
  1175 -1.291830265540
  1176 -1.291830265540
  1177 -1.291830265540
  1178 -1.291830265540
  1179 -1.291830265540
  1180 -1.291830265540
  1181 -1.291830265540
  1182 -1.291830265540
  1183 -1.291830265540
  1184 -1.291830265540
  1185 -1.291830265540
  1186 -1.291830265540
  1187 -1.291830265540
  1188 -1.291830265540
  1189 -1.291830265540
  1190 -1.291830265540
  1191 -1.291830265540
  1192 -1.291830265540
  1193 -1.291830265540
  1194 -1.291830265540
  1195 -1.291830265540
  1196 -1.291830265540
  1197 -1.291830265540
  1198 -1.291830265540
  1199 -1.291830265540
  1200 -1.291830265540
  1201 -1.291830265540
  1202 -1.291830265540
  1203 -1.291830265540
  1204 -1.291830265540
  1205 -1.291830265540
  1206 -1.291830265540
  1207 -1.291830265540
  1208 -1.291830265540
  1209 -1.291830265540
  1210 -1.291830265540
  1211 -1.291830265540
  1212 -1.291830265540
  1213 -1.291830265540
  1214 -1.291830265540
  1215 -1.291830265540
  1216 -1.291830265540
  1217 -1.291830265540
  1218 -1.291830265540
  1219 -1.291830265540
  1220 -1.291830265540
  1221 -1.291830265540
  1222 -1.291830265540
  1223 -1.291830265540
  1224 -1.291830265540
  1225 -1.291830265540
  1226 -1.291830265540
  1227 -1.291830265540
  1228 -1.291830265540
  1229 -1.291830265540
  1230 -1.291830265540
  1231 -1.291830265540
  1232 -1.291830265540
  1233 -1.291830265540
  1234 -1.291830265540
  1235 -1.291830265540
  1236 -1.291830265540
  1237 -1.291830265540
  1238 -1.291830265540
  1239 -1.291830265540
  1240 -1.291830265540
  1241 -1.291830265540
  1242 -1.291830265540
  1243 -1.291830265540
  1244 -1.291830265540
  1245 -1.291830265540
  1246 -1.291830265540
  1247 -1.291830265540
  1248 -1.291830265540
  1249 -1.291830265540
  1250 -1.291830265540
  1251 -1.291830265540
  1252 -1.291830265540
  1253 -1.291830265540
  1254 -1.291830265540
  1255 -1.291830265540
  1256 -1.291830265540
  1257 -1.291830265540
  1258 -1.291830265540
  1259 -1.291830265540
  1260 -1.291830265540
  1261 -1.291830265540
  1262 -1.291830265540
  1263 -1.291830265540
  1264 -1.291830265540
  1265 -1.291830265540
  1266 -1.291830265540
  1267 -1.291830265540
  1268 -1.291830265540
  1269 -1.291830265540
  1270 -1.291830265540
  1271 -1.291830265540
  1272 -1.291830265540
  1273 -1.291830265540
  1274 -1.291830265540
  1275 -1.291830265540
  1276 -1.291830265540
  1277 -1.291830265540
  1278 -1.291830265540
  1279 -1.291830265540
  1280 -1.291830265540
  1281 -1.291830265540
  1282 -1.291830265540
  1283 -1.291830265540
  1284 -1.291830265540
  1285 -1.291830265540
  1286 -1.291830265540
  1287 -1.291830265540
  1288 -1.291830265540
  1289 -1.291830265540
  1290 -1.291830265540
  1291 -1.291830265540
  1292 -1.291830265540
  1293 -1.291830265540
  1294 -1.291830265540
  1295 -1.291830265540
  1296 -1.291830265540
  1297 -1.291830265540
  1298 -1.291830265540
  1299 -1.291830265540
  1300 -1.291830265540
  1301 -1.291830265540
  1302 -1.291830265540
  1303 -1.291830265540
  1304 -1.291830265540
  1305 -1.291830265540
  1306 -1.291830265540
  1307 -1.291830265540
  1308 -1.291830265540
  1309 -1.291830265540
  1310 -1.291830265540
  1311 -1.291830265540
  1312 -1.291830265540
  1313 -1.291830265540
  1314 -1.291830265540
  1315 -1.291830265540
  1316 -1.291830265540
  1317 -1.291830265540
  1318 -1.291830265540
  1319 -1.291830265540
  1320 -1.291830265540
  1321 -1.291830265540
  1322 -1.291830265540
  1323 -1.291830265540
  1324 -1.291830265540
  1325 -1.291830265540
  1326 -1.291830265540
  1327 -1.291830265540
  1328 -1.291830265540
  1329 -1.291830265540
  1330 -1.291830265540
  1331 -1.291830265540
  1332 -1.291830265540
  1333 -1.291830265540
  1334 -1.291830265540
  1335 -1.291830265540
  1336 -1.291830265540
  1337 -1.291830265540
  1338 -1.291830265540
  1339 -1.291830265540
  1340 -1.291830265540
  1341 -1.291830265540
  1342 -1.291830265540
  1343 -1.291830265540
  1344 -1.291830265540
  1345 -1.291830265540
  1346 -1.291830265540
  1347 -1.291830265540
  1348 -1.291830265540
  1349 -1.291830265540
  1350 -1.291830265540
  1351 -1.291830265540
  1352 -1.291830265540
  1353 -1.291830265540
  1354 -1.291830265540
  1355 -1.291830265540
  1356 -1.291830265540
  1357 -1.291830265540
  1358 -1.291830265540
  1359 -1.291830265540
  1360 -1.291830265540
  1361 -1.291830265540
  1362 -1.291830265540
  1363 -1.291830265540
  1364 -1.291830265540
  1365 -1.291830265540
  1366 -1.291830265540
  1367 -1.291830265540
  1368 -1.291830265540
  1369 -1.291830265540
  1370 -1.291830265540
  1371 -1.291830265540
  1372 -1.291830265540
  1373 -1.291830265540
  1374 -1.291830265540
  1375 -1.291830265540
  1376 -1.291830265540
  1377 -1.291830265540
  1378 -1.291830265540
  1379 -1.291830265540
  1380 -1.291830265540
  1381 -1.291830265540
  1382 -1.291830265540
  1383 -1.291830265540
  1384 -1.291830265540
  1385 -1.291830265540
  1386 -1.291830265540
  1387 -1.291830265540
  1388 -1.291830265540
  1389 -1.291830265540
  1390 -1.291830265540
  1391 -1.291830265540
  1392 -1.291830265540
  1393 -1.291830265540
  1394 -1.291830265540
  1395 -1.291830265540
  1396 -1.291830265540
  1397 -1.291830265540
  1398 -1.291830265540
  1399 -1.291830265540
  1400 -1.291830265540
  1401 -1.291830265540
  1402 -1.291830265540
  1403 -1.291830265540
  1404 -1.291830265540
  1405 -1.291830265540
  1406 -1.291830265540
  1407 -1.291830265540
  1408 -1.291830265540
  1409 -1.291830265540
  1410 -1.291830265540
  1411 -1.291830265540
  1412 -1.291830265540
  1413 -1.291830265540
  1414 -1.291830265540
  1415 -1.291830265540
  1416 -1.291830265540
  1417 -1.291830265540
  1418 -1.291830265540
  1419 -1.291830265540
  1420 -1.291830265540
  1421 -1.291830265540
  1422 -1.291830265540
  1423 -1.291830265540
  1424 -1.291830265540
  1425 -1.291830265540
  1426 -1.291830265540
  1427 -1.291830265540
  1428 -1.291830265540
  1429 -1.291830265540
  1430 -1.291830265540
  1431 -1.291830265540
  1432 -1.291830265540
  1433 -1.291830265540
  1434 -1.291830265540
  1435 -1.291830265540
  1436 -1.291830265540
  1437 -1.291830265540
  1438 -1.291830265540
  1439 -1.291830265540
  1440 -1.291830265540
  1441 -1.291830265540
  1442 -1.291830265540
  1443 -1.291830265540
  1444 -1.291830265540
  1445 -1.291830265540
  1446 -1.291830265540
  1447 -1.291830265540
  1448 -1.291830265540
  1449 -1.291830265540
  1450 -1.291830265540
  1451 -1.291830265540
  1452 -1.291830265540
  1453 -1.291830265540
  1454 -1.291830265540
  1455 -1.291830265540
  1456 -1.291830265540
  1457 -1.291830265540
  1458 -1.291830265540
  1459 -1.291830265540
  1460 -1.291830265540
  1461 -1.291830265540
  1462 -1.291830265540
  1463 -1.291830265540
  1464 -1.291830265540
  1465 -1.291830265540
  1466 -1.291830265540
  1467 -1.291830265540
  1468 -1.291830265540
  1469 -1.291830265540
  1470 -1.291830265540
  1471 -1.291830265540
  1472 -1.291830265540
  1473 -1.291830265540
  1474 -1.291830265540
  1475 -1.291830265540
  1476 -1.291830265540
  1477 -1.291830265540
  1478 -1.291830265540
  1479 -1.291830265540
  1480 -1.291830265540
  1481 -1.291830265540
  1482 -1.291830265540
  1483 -1.291830265540
  1484 -1.291830265540
  1485 -1.291830265540
  1486 -1.291830265540
  1487 -1.291830265540
  1488 -1.291830265540
  1489 -1.291830265540
  1490 -1.291830265540
  1491 -1.291830265540
  1492 -1.291830265540
  1493 -1.291830265540
  1494 -1.291830265540
  1495 -1.291830265540
  1496 -1.291830265540
  1497 -1.291830265540
  1498 -1.291830265540
  1499 -1.291830265540
  1500 -1.291830265540
  1501 -1.291830265540
  1502 -1.291830265540
  1503 -1.291830265540
  1504 -1.291830265540
  1505 -1.291830265540
  1506 -1.291830265540
  1507 -1.291830265540
  1508 -1.291830265540
  1509 -1.291830265540
  1510 -1.291830265540
  1511 -1.291830265540
  1512 -1.291830265540
  1513 -1.291830265540
  1514 -1.291830265540
  1515 -1.291830265540
  1516 -1.291830265540
  1517 -1.291830265540
  1518 -1.291830265540
  1519 -1.291830265540
  1520 -1.291830265540
  1521 -1.291830265540
  1522 -1.291830265540
  1523 -1.291830265540
  1524 -1.291830265540
  1525 -1.291830265540
  1526 -1.291830265540
  1527 -1.291830265540
  1528 -1.291830265540
  1529 -1.291830265540
  1530 -1.291830265540
  1531 -1.291830265540
  1532 -1.291830265540
  1533 -1.291830265540
  1534 -1.291830265540
  1535 -1.291830265540
  1536 -1.291830265540
  1537 -1.291830265540
  1538 -1.291830265540
  1539 -1.291830265540
  1540 -1.291830265540
  1541 -1.291830265540
  1542 -1.291830265540
  1543 -1.291830265540
  1544 -1.291830265540
  1545 -1.291830265540
  1546 -1.291830265540
  1547 -1.291830265540
  1548 -1.291830265540
  1549 -1.291830265540
  1550 -1.291830265540
  1551 -1.291830265540
  1552 -1.291830265540
  1553 -1.291830265540
  1554 -1.291830265540
  1555 -1.291830265540
  1556 -1.291830265540
  1557 -1.291830265540
  1558 -1.291830265540
  1559 -1.291830265540
  1560 -1.291830265540
  1561 -1.291830265540
  1562 -1.291830265540
  1563 -1.291830265540
  1564 -1.291830265540
  1565 -1.291830265540
  1566 -1.291830265540
  1567 -1.291830265540
  1568 -1.291830265540
  1569 -1.291830265540
  1570 -1.291830265540
  1571 -1.291830265540
  1572 -1.291830265540
  1573 -1.291830265540
  1574 -1.291830265540
  1575 -1.291830265540
  1576 -1.291830265540
  1577 -1.291830265540
  1578 -1.291830265540
  1579 -1.291830265540
  1580 -1.291830265540
  1581 -1.291830265540
  1582 -1.291830265540
  1583 -1.291830265540
  1584 -1.291830265540
  1585 -1.291830265540
  1586 -1.291830265540
  1587 -1.291830265540
  1588 -1.291830265540
  1589 -1.291830265540
  1590 -1.291830265540
  1591 -1.291830265540
  1592 -1.291830265540
  1593 -1.291830265540
  1594 -1.291830265540
  1595 -1.291830265540
  1596 -1.291830265540
  1597 -1.291830265540
  1598 -1.291830265540
  1599 -1.291830265540
  1600 -1.291830265540
  1601 -1.291830265540
  1602 -1.291830265540
  1603 -1.291830265540
  1604 -1.291830265540
  1605 -1.291830265540
  1606 -1.291830265540
  1607 -1.291830265540
  1608 -1.291830265540
  1609 -1.291830265540
  1610 -1.291830265540
  1611 -1.291830265540
  1612 -1.291830265540
  1613 -1.291830265540
  1614 -1.291830265540
  1615 -1.291830265540
  1616 -1.291830265540
  1617 -1.291830265540
  1618 -1.291830265540
  1619 -1.291830265540
  1620 -1.291830265540
  1621 -1.291830265540
  1622 -1.291830265540
  1623 -1.291830265540
  1624 -1.291830265540
  1625 -1.291830265540
  1626 -1.291830265540
  1627 -1.291830265540
  1628 -1.291830265540
  1629 -1.291830265540
  1630 -1.291830265540
  1631 -1.291830265540
  1632 -1.291830265540
  1633 -1.291830265540
  1634 -1.291830265540
  1635 -1.291830265540
  1636 -1.291830265540
  1637 -1.291830265540
  1638 -1.291830265540
  1639 -1.291830265540
  1640 -1.291830265540
  1641 -1.291830265540
  1642 -1.291830265540
  1643 -1.291830265540
  1644 -1.291830265540
  1645 -1.291830265540
  1646 -1.291830265540
  1647 -1.291830265540
  1648 -1.291830265540
  1649 -1.291830265540
  1650 -1.291830265540
  1651 -1.291830265540
  1652 -1.291830265540
  1653 -1.291830265540
  1654 -1.291830265540
  1655 -1.291830265540
  1656 -1.291830265540
  1657 -1.291830265540
  1658 -1.291830265540
  1659 -1.291830265540
  1660 -1.291830265540
  1661 -1.291830265540
  1662 -1.291830265540
  1663 -1.291830265540
  1664 -1.291830265540
  1665 -1.291830265540
  1666 -1.291830265540
  1667 -1.291830265540
  1668 -1.291830265540
  1669 -1.291830265540
  1670 -1.291830265540
  1671 -1.291830265540
  1672 -1.291830265540
  1673 -1.291830265540
  1674 -1.291830265540
  1675 -1.291830265540
  1676 -1.291830265540
  1677 -1.291830265540
  1678 -1.291830265540
  1679 -1.291830265540
  1680 -1.291830265540
  1681 -1.291830265540
  1682 -1.291830265540
  1683 -1.291830265540
  1684 -1.291830265540
  1685 -1.291830265540
  1686 -1.291830265540
  1687 -1.291830265540
  1688 -1.291830265540
  1689 -1.291830265540
  1690 -1.291830265540
  1691 -1.291830265540
  1692 -1.291830265540
  1693 -1.291830265540
  1694 -1.291830265540
  1695 -1.291830265540
  1696 -1.291830265540
  1697 -1.291830265540
  1698 -1.291830265540
  1699 -1.291830265540
  1700 -1.291830265540
  1701 -1.291830265540
  1702 -1.291830265540
  1703 -1.291830265540
  1704 -1.291830265540
  1705 -1.291830265540
  1706 -1.291830265540
  1707 -1.291830265540
  1708 -1.291830265540
  1709 -1.291830265540
  1710 -1.291830265540
  1711 -1.291830265540
  1712 -1.291830265540
  1713 -1.291830265540
  1714 -1.291830265540
  1715 -1.291830265540
  1716 -1.291830265540
  1717 -1.291830265540
  1718 -1.291830265540
  1719 -1.291830265540
  1720 -1.291830265540
  1721 -1.291830265540
  1722 -1.291830265540
  1723 -1.291830265540
  1724 -1.291830265540
  1725 -1.291830265540
  1726 -1.291830265540
  1727 -1.291830265540
  1728 -1.291830265540
  1729 -1.291830265540
  1730 -1.291830265540
  1731 -1.291830265540
  1732 -1.291830265540
  1733 -1.291830265540
  1734 -1.291830265540
  1735 -1.291830265540
  1736 -1.291830265540
  1737 -1.291830265540
  1738 -1.291830265540
  1739 -1.291830265540
  1740 -1.291830265540
  1741 -1.291830265540
  1742 -1.291830265540
  1743 -1.291830265540
  1744 -1.291830265540
  1745 -1.291830265540
  1746 -1.291830265540
  1747 -1.291830265540
  1748 -1.291830265540
  1749 -1.291830265540
  1750 -1.291830265540
  1751 -1.291830265540
  1752 -1.291830265540
  1753 -1.291830265540
  1754 -1.291830265540
  1755 -1.291830265540
  1756 -1.291830265540
  1757 -1.291830265540
  1758 -1.291830265540
  1759 -1.291830265540
  1760 -1.291830265540
  1761 -1.291830265540
  1762 -1.291830265540
  1763 -1.291830265540
  1764 -1.291830265540
  1765 -1.291830265540
  1766 -1.291830265540
  1767 -1.291830265540
  1768 -1.291830265540
  1769 -1.291830265540
  1770 -1.291830265540
  1771 -1.291830265540
  1772 -1.291830265540
  1773 -1.291830265540
  1774 -1.291830265540
  1775 -1.291830265540
  1776 -1.291830265540
  1777 -1.291830265540
  1778 -1.291830265540
  1779 -1.291830265540
  1780 -1.291830265540
  1781 -1.291830265540
  1782 -1.291830265540
  1783 -1.291830265540
  1784 -1.291830265540
  1785 -1.291830265540
  1786 -1.291830265540
  1787 -1.291830265540
  1788 -1.291830265540
  1789 -1.291830265540
  1790 -1.291830265540
  1791 -1.291830265540
  1792 -1.291830265540
  1793 -1.291830265540
  1794 -1.291830265540
  1795 -1.291830265540
  1796 -1.291830265540
  1797 -1.291830265540
  1798 -1.291830265540
  1799 -1.291830265540
  1800 -1.291830265540
  1801 -1.291830265540
  1802 -1.291830265540
  1803 -1.291830265540
  1804 -1.291830265540
  1805 -1.291830265540
  1806 -1.291830265540
  1807 -1.291830265540
  1808 -1.291830265540
  1809 -1.291830265540
  1810 -1.291830265540
  1811 -1.291830265540
  1812 -1.291830265540
  1813 -1.291830265540
  1814 -1.291830265540
  1815 -1.291830265540
  1816 -1.291830265540
  1817 -1.291830265540
  1818 -1.291830265540
  1819 -1.291830265540
  1820 -1.291830265540
  1821 -1.291830265540
  1822 -1.291830265540
  1823 -1.291830265540
  1824 -1.291830265540
  1825 -1.291830265540
  1826 -1.291830265540
  1827 -1.291830265540
  1828 -1.291830265540
  1829 -1.291830265540
  1830 -1.291830265540
  1831 -1.291830265540
  1832 -1.291830265540
  1833 -1.291830265540
  1834 -1.291830265540
  1835 -1.291830265540
  1836 -1.291830265540
  1837 -1.291830265540
  1838 -1.291830265540
  1839 -1.291830265540
  1840 -1.291830265540
  1841 -1.291830265540
  1842 -1.291830265540
  1843 -1.291830265540
  1844 -1.291830265540
  1845 -1.291830265540
  1846 -1.291830265540
  1847 -1.291830265540
  1848 -1.291830265540
  1849 -1.291830265540
  1850 -1.291830265540
  1851 -1.291830265540
  1852 -1.291830265540
  1853 -1.291830265540
  1854 -1.291830265540
  1855 -1.291830265540
  1856 -1.291830265540
  1857 -1.291830265540
  1858 -1.291830265540
  1859 -1.291830265540
  1860 -1.291830265540
  1861 -1.291830265540
  1862 -1.291830265540
  1863 -1.291830265540
  1864 -1.291830265540
  1865 -1.291830265540
  1866 -1.291830265540
  1867 -1.291830265540
  1868 -1.291830265540
  1869 -1.291830265540
  1870 -1.291830265540
  1871 -1.291830265540
  1872 -1.291830265540
  1873 -1.291830265540
  1874 -1.291830265540
  1875 -1.291830265540
  1876 -1.291830265540
  1877 -1.291830265540
  1878 -1.291830265540
  1879 -1.291830265540
  1880 -1.291830265540
  1881 -1.291830265540
  1882 -1.291830265540
  1883 -1.291830265540
  1884 -1.291830265540
  1885 -1.291830265540
  1886 -1.291830265540
  1887 -1.291830265540
  1888 -1.291830265540
  1889 -1.291830265540
  1890 -1.291830265540
  1891 -1.291830265540
  1892 -1.291830265540
  1893 -1.291830265540
  1894 -1.291830265540
  1895 -1.291830265540
  1896 -1.291830265540
  1897 -1.291830265540
  1898 -1.291830265540
  1899 -1.291830265540
  1900 -1.291830265540
  1901 -1.291830265540
  1902 -1.291830265540
  1903 -1.291830265540
  1904 -1.291830265540
  1905 -1.291830265540
  1906 -1.291830265540
  1907 -1.291830265540
  1908 -1.291830265540
  1909 -1.291830265540
  1910 -1.291830265540
  1911 -1.291830265540
  1912 -1.291830265540
  1913 -1.291830265540
  1914 -1.291830265540
  1915 -1.291830265540
  1916 -1.291830265540
  1917 -1.291830265540
  1918 -1.291830265540
  1919 -1.291830265540
  1920 -1.291830265540
  1921 -1.291830265540
  1922 -1.291830265540
  1923 -1.291830265540
  1924 -1.291830265540
  1925 -1.291830265540
  1926 -1.291830265540
  1927 -1.291830265540
  1928 -1.291830265540
  1929 -1.291830265540
  1930 -1.291830265540
  1931 -1.291830265540
  1932 -1.291830265540
  1933 -1.291830265540
  1934 -1.291830265540
  1935 -1.291830265540
  1936 -1.291830265540
  1937 -1.291830265540
  1938 -1.291830265540
  1939 -1.291830265540
  1940 -1.291830265540
  1941 -1.291830265540
  1942 -1.291830265540
  1943 -1.291830265540
  1944 -1.291830265540
  1945 -1.291830265540
  1946 -1.291830265540
  1947 -1.291830265540
  1948 -1.291830265540
  1949 -1.291830265540
  1950 -1.291830265540
  1951 -1.291830265540
  1952 -1.291830265540
  1953 -1.291830265540
  1954 -1.291830265540
  1955 -1.291830265540
  1956 -1.291830265540
  1957 -1.291830265540
  1958 -1.291830265540
  1959 -1.291830265540
  1960 -1.291830265540
  1961 -1.291830265540
  1962 -1.291830265540
  1963 -1.291830265540
  1964 -1.291830265540
  1965 -1.291830265540
  1966 -1.291830265540
  1967 -1.291830265540
  1968 -1.291830265540
  1969 -1.291830265540
  1970 -1.291830265540
  1971 -1.291830265540
  1972 -1.291830265540
  1973 -1.291830265540
  1974 -1.291830265540
  1975 -1.291830265540
  1976 -1.291830265540
  1977 -1.291830265540
  1978 -1.291830265540
  1979 -1.291830265540
  1980 -1.291830265540
  1981 -1.291830265540
  1982 -1.291830265540
  1983 -1.291830265540
  1984 -1.291830265540
  1985 -1.291830265540
  1986 -1.291830265540
  1987 -1.291830265540
  1988 -1.291830265540
  1989 -1.291830265540
  1990 -1.291830265540
  1991 -1.291830265540
  1992 -1.291830265540
  1993 -1.291830265540
  1994 -1.291830265540
  1995 -1.291830265540
  1996 -1.291830265540
  1997 -1.291830265540
  1998 -1.291830265540
  1999 -1.291830265540
  2000 -1.291830265540
