     1 -0.926502884811
     2 -0.745014671813
     3 -0.990976323135
     4 -1.112021170488
     5 -1.177401293305
     6 -1.215630024593
     7 -1.239252931424
     8 -1.254482256399
     9 -1.264603032723
    10 -1.271478061767
    11 -1.276223199988
    12 -1.279535103870
    13 -1.281866248346
    14 -1.283516686786
    15 -1.284688915726
    16 -1.285523348254
    17 -1.286117083640
    18 -1.286538246477
    19 -1.286835245233
    20 -1.287042317620
    21 -1.287184262283
    22 -1.287279068314
    23 -1.287339493255
    24 -1.287375418771
    25 -1.287393856646
    26 -1.287399996055
    27 -1.287398510285
    28 -1.287392515499
    29 -1.287384093253
    30 -1.287375073090
    31 -1.287367553800
    32 -1.287361816541
    33 -1.287359974628
    34 -1.287361539257
    35 -1.287367329810
    36 -1.287377908006
    37 -1.287393055204
    38 -1.287413335989
    39 -1.287437750357
    40 -1.287467383760
    41 -1.287500712668
    42 -1.287538297992
    43 -1.287579655536
    44 -1.287624820416
    45 -1.287672260796
    46 -1.287723050169
    47 -1.287775651988
    48 -1.287830613586
    49 -1.287886915493
    50 -1.287944579256
    51 -1.401153909733
    52 -1.438900176125
    53 -1.407955614558
    54 -1.394171885558
    55 -1.372080654122
    56 -1.357696270189
    57 -1.341058987611
    58 -1.328847128734
    59 -1.318479627636
    60 -1.310848794182
    61 -1.305119864777
    62 -1.300839300948
    63 -1.297626621913
    64 -1.295214526066
    65 -1.293403690822
    66 -1.292045676142
    67 -1.291028256847
    68 -1.290267118504
    69 -1.289699398659
    70 -1.289277612554
    71 -1.288966630414
    72 -1.288739567340
    73 -1.288577298631
    74 -1.288463788003
    75 -1.288388187253
    76 -1.288342236885
    77 -1.288318706763
    78 -1.288312442593
    79 -1.288319846636
    80 -1.288337836159
    81 -1.288363844526
    82 -1.288395821998
    83 -1.288432757879
    84 -1.288473116390
    85 -1.288515358612
    86 -1.288560028978
    87 -1.288605583263
    88 -1.288651518076
    89 -1.288697849558
    90 -1.288743548973
    91 -1.288789150595
    92 -1.288834665720
    93 -1.288879061280
    94 -1.288921824607
    95 -1.288964006631
    96 -1.289005092757
    97 -1.289045089127
    98 -1.289083479630
    99 -1.289121312140
   100 -1.289157026276
   101 -1.371176199195
   102 -1.370850371636
   103 -1.353348745566
   104 -1.348598644258
   105 -1.352127820477
   106 -1.344924814389
   107 -1.339604623654
   108 -1.334399971678
   109 -1.330271970451
   110 -1.326922639168
   111 -1.324281659493
   112 -1.322186076328
   113 -1.320531068338
   114 -1.319218135245
   115 -1.318176154707
   116 -1.317346413582
   117 -1.316684678923
   118 -1.316155686117
   119 -1.315732334008
   120 -1.315393131896
   121 -1.315121423937
   122 -1.314903998495
   123 -1.314730430650
   124 -1.314592447236
   125 -1.314483416113
   126 -1.314398092392
   127 -1.314332264437
   128 -1.314282430918
   129 -1.314245868032
   130 -1.314220174506
   131 -1.314203598494
   132 -1.314194549253
   133 -1.314191662774
   134 -1.314193932463
   135 -1.314200318189
   136 -1.314210039789
   137 -1.314222446784
   138 -1.314236888064
   139 -1.314252777139
   140 -1.314269787758
   141 -1.314287397618
   142 -1.314305279559
   143 -1.314323171241
   144 -1.314340679628
   145 -1.314357737394
   146 -1.314374016275
   147 -1.314389513863
   148 -1.314404032148
   149 -1.314417503543
   150 -1.314429925762
   151 -1.450742701533
   152 -1.450703271823
   153 -1.416500716821
   154 -1.383420865312
   155 -1.372478605640
   156 -1.349055674381
   157 -1.339035889177
   158 -1.324380706430
   159 -1.315741209491
   160 -1.306034347355
   161 -1.299395298055
   162 -1.294348742162
   163 -1.291314020696
   164 -1.289555203177
   165 -1.288579129582
   166 -1.288040082297
   167 -1.287746710325
   168 -1.287593077727
   169 -1.287521637550
   170 -1.287499333630
   171 -1.287506868849
   172 -1.287532578827
   173 -1.287570423382
   174 -1.287614816353
   175 -1.287664824222
   176 -1.287717923028
   177 -1.287773658200
   178 -1.287830520712
   179 -1.287888558041
   180 -1.287947811555
   181 -1.288007274716
   182 -1.288066980080
   183 -1.288126435262
   184 -1.288186187980
   185 -1.288245740231
   186 -1.288304591644
   187 -1.288362239705
   188 -1.288419744586
   189 -1.288476600086
   190 -1.288531776879
   191 -1.288586330361
   192 -1.288639228477
   193 -1.288691524160
   194 -1.288742183133
   195 -1.288791213256
   196 -1.288839143078
   197 -1.288885457312
   198 -1.288930683067
   199 -1.288973782227
   200 -1.289015802293
   201 -1.391075105329
   202 -1.431476377831
   203 -1.403578101255
   204 -1.385001042733
   205 -1.376820220986
   206 -1.360505793858
   207 -1.350194511424
   208 -1.340705051311
   209 -1.333348198645
   210 -1.327515346043
   211 -1.322280166341
   212 -1.317554590047
   213 -1.312847271727
   214 -1.308182420674
   215 -1.303568776595
   216 -1.299308034381
   217 -1.295717116831
   218 -1.293003329927
   219 -1.291138285998
   220 -1.289945347499
   221 -1.289223869559
   222 -1.288813177249
   223 -1.288599850141
   224 -1.288508370795
   225 -1.288490734461
   226 -1.288516571404
   227 -1.288567432440
   228 -1.288631067918
   229 -1.288700396267
   230 -1.288771948230
   231 -1.288841701521
   232 -1.288908737229
   233 -1.288973158241
   234 -1.289033485314
   235 -1.289089789403
   236 -1.289142651116
   237 -1.289192119718
   238 -1.289238236376
   239 -1.289281035556
   240 -1.289320546166
   241 -1.289357314040
   242 -1.289391359625
   243 -1.289423221704
   244 -1.289452914838
   245 -1.289481494419
   246 -1.289506884717
   247 -1.289531180732
   248 -1.289553346891
   249 -1.289574432651
   250 -1.289594443438
   251 -1.380467327867
   252 -1.447358349073
   253 -1.417562469072
   254 -1.398445544213
   255 -1.382674875359
   256 -1.359211869176
   257 -1.341296146389
   258 -1.327548518405
   259 -1.317361488890
   260 -1.309697217407
   261 -1.303959276399
   262 -1.299704244989
   263 -1.296559680866
   264 -1.294236261899
   265 -1.292517708226
   266 -1.291245949838
   267 -1.290304820367
   268 -1.289608786909
   269 -1.289095313393
   270 -1.288718355039
   271 -1.288444354656
   272 -1.288247131307
   273 -1.288108205929
   274 -1.288014234413
   275 -1.287953904355
   276 -1.287920038056
   277 -1.287906474306
   278 -1.287908597290
   279 -1.287923341584
   280 -1.287947630985
   281 -1.287979424023
   282 -1.288017715700
   283 -1.288060452614
   284 -1.288106620076
   285 -1.288155721297
   286 -1.288206734887
   287 -1.288259158379
   288 -1.288312487064
   289 -1.288366735829
   290 -1.288420353249
   291 -1.288474394119
   292 -1.288527304233
   293 -1.288580135942
   294 -1.288631854426
   295 -1.288682988588
   296 -1.288732501922
   297 -1.288781443375
   298 -1.288828775112
   299 -1.288875023357
   300 -1.288920192303
   301 -1.398722301438
   302 -1.412036394382
   303 -1.374910955291
   304 -1.347647851348
   305 -1.338379193053
   306 -1.327523156314
   307 -1.322444054983
   308 -1.318685500593
   309 -1.316769186889
   310 -1.314727560811
   311 -1.312832231750
   312 -1.310296108346
   313 -1.307360421656
   314 -1.303831037859
   315 -1.300050420432
   316 -1.296350782059
   317 -1.293203259129
   318 -1.290850558666
   319 -1.289279718543
   320 -1.288315476254
   321 -1.287766033788
   322 -1.287484813352
   323 -1.287372979193
   324 -1.287365886541
   325 -1.287422687192
   326 -1.287515935841
   327 -1.287629012703
   328 -1.287751452856
   329 -1.287876356320
   330 -1.287998837518
   331 -1.288116036863
   332 -1.288228173666
   333 -1.288333860762
   334 -1.288432197958
   335 -1.288524864434
   336 -1.288609865577
   337 -1.288689360496
   338 -1.288763407225
   339 -1.288832051878
   340 -1.288895852630
   341 -1.288954838592
   342 -1.289010597538
   343 -1.289062104836
   344 -1.289109896748
   345 -1.289155028134
   346 -1.289196986905
   347 -1.289236302207
   348 -1.289272980183
   349 -1.289308068889
   350 -1.289340529296
   351 -1.289371929331
   352 -1.289400185548
   353 -1.289427386342
   354 -1.289453533561
   355 -1.289477585662
   356 -1.289501108547
   357 -1.289523060209
   358 -1.289543441554
   359 -1.289563296425
   360 -1.289581060851
   361 -1.289598821546
   362 -1.289615535902
   363 -1.289631204325
   364 -1.289645827163
   365 -1.289660447801
   366 -1.289673501879
   367 -1.289686032706
   368 -1.289698562019
   369 -1.289710046913
   370 -1.289720487539
   371 -1.289730927112
   372 -1.289740322668
   373 -1.289749717392
   374 -1.289758068294
   375 -1.289766418535
   376 -1.289774768188
   377 -1.289782074235
   378 -1.289789379813
   379 -1.289795641892
   380 -1.289801903596
   381 -1.289808164966
   382 -1.289813382955
   383 -1.289819643758
   384 -1.289824339700
   385 -1.289829556967
   386 -1.289833730961
   387 -1.289837904784
   388 -1.289842078452
   389 -1.289846251982
   390 -1.289850425387
   391 -1.289853555601
   392 -1.289856685715
   393 -1.289859815740
   394 -1.289862945685
   395 -1.289866075558
   396 -1.289869205366
   397 -1.289871292036
   398 -1.289873378653
   399 -1.289876508306
   400 -1.289878594835
   401 -1.289880681327
   402 -1.289882767785
   403 -1.289884332672
   404 -1.289886419073
   405 -1.289887462368
   406 -1.289889548723
   407 -1.289890591976
   408 -1.289892678294
   409 -1.289893721514
   410 -1.289894764720
   411 -1.289895807914
   412 -1.289897372637
   413 -1.289898415808
   414 -1.289899458971
   415 -1.289900502125
   416 -1.289901545272
   417 -1.289902588412
   418 -1.289903631546
   419 -1.289903631594
   420 -1.289904674718
   421 -1.289905717837
   422 -1.289905717871
   423 -1.289906760984
   424 -1.289907804093
   425 -1.289907804118
   426 -1.289908847221
   427 -1.289908847241
   428 -1.289909890341
   429 -1.289909890357
   430 -1.289910933453
   431 -1.289910933466
   432 -1.289910933478
   433 -1.289911976569
   434 -1.289911976579
   435 -1.289911976587
   436 -1.289913019676
   437 -1.289913019683
   438 -1.289913019689
   439 -1.289913019695
   440 -1.289914062781
   441 -1.289914062786
   442 -1.289914062790
   443 -1.289914062793
   444 -1.289915105878
   445 -1.289915105881
   446 -1.289915105883
   447 -1.289915105886
   448 -1.289915105888
   449 -1.289915105890
   450 -1.289916148973
   451 -1.289916148974
   452 -1.289916148976
   453 -1.289916148977
   454 -1.289916148978
   455 -1.289916148979
   456 -1.289916148980
   457 -1.289916148981
   458 -1.289917192063
   459 -1.289917192063
   460 -1.289917192064
   461 -1.289917192064
   462 -1.289917192065
   463 -1.289917192065
   464 -1.289917192066
   465 -1.289917192066
   466 -1.289917192066
   467 -1.289917192067
   468 -1.289917192067
   469 -1.289917192067
   470 -1.289917192067
   471 -1.289917192067
   472 -1.289917192068
   473 -1.289917192068
   474 -1.289918235149
   475 -1.289918235149
   476 -1.289918235149
   477 -1.289918235149
   478 -1.289918235150
   479 -1.289918235150
   480 -1.289918235150
   481 -1.289918235150
   482 -1.289918235150
   483 -1.289918235150
   484 -1.289918235150
   485 -1.289918235150
   486 -1.289918235150
   487 -1.289918235150
   488 -1.289918235150
   489 -1.289918235150
   490 -1.289918235150
   491 -1.289918235150
   492 -1.289918235150
   493 -1.289918235150
   494 -1.289918235150
   495 -1.289918235150
   496 -1.289918235150
   497 -1.289918235150
   498 -1.289918235150
   499 -1.289918235150
   500 -1.289918235150
   501 -1.289918235150
   502 -1.289918235150
   503 -1.289918235150
   504 -1.289918235150
   505 -1.289918235150
   506 -1.289918235150
   507 -1.289918235150
   508 -1.289918235150
   509 -1.289918235150
   510 -1.289918235150
   511 -1.289918235150
   512 -1.289918235150
   513 -1.289918235150
   514 -1.289918235150
   515 -1.289918235150
   516 -1.289918235150
   517 -1.289918235150
   518 -1.289918235150
   519 -1.289918235150
   520 -1.289918235150
   521 -1.289918235150
   522 -1.289918235150
   523 -1.289918235150
   524 -1.289918235150
   525 -1.289918235150
   526 -1.289918235150
   527 -1.289918235150
   528 -1.289918235150
   529 -1.289918235150
   530 -1.289918235150
   531 -1.289918235150
   532 -1.289918235150
   533 -1.289918235150
   534 -1.289918235150
   535 -1.289918235150
   536 -1.289918235150
   537 -1.289918235150
   538 -1.289918235150
   539 -1.289918235150
   540 -1.289918235150
   541 -1.289918235150
   542 -1.289918235150
   543 -1.289918235150
   544 -1.289918235150
   545 -1.289918235150
   546 -1.289918235150
   547 -1.289918235150
   548 -1.289918235150
   549 -1.289918235150
   550 -1.289918235150
   551 -1.289918235150
   552 -1.289918235150
   553 -1.289918235150
   554 -1.289918235150
   555 -1.289918235150
   556 -1.289918235150
   557 -1.289918235150
   558 -1.289918235150
   559 -1.289918235150
   560 -1.289918235150
   561 -1.289918235150
   562 -1.289918235150
   563 -1.289918235150
   564 -1.289918235150
   565 -1.289918235150
   566 -1.289918235150
   567 -1.289918235150
   568 -1.289918235150
   569 -1.289918235150
   570 -1.289918235150
   571 -1.289918235150
   572 -1.289918235150
   573 -1.289918235150
   574 -1.289918235150
   575 -1.289918235150
   576 -1.289918235150
   577 -1.289918235150
   578 -1.289918235150
   579 -1.289918235150
   580 -1.289918235150
   581 -1.289918235150
   582 -1.289918235150
   583 -1.289918235150
   584 -1.289918235150
   585 -1.289918235150
   586 -1.289918235150
   587 -1.289918235150
   588 -1.289918235150
   589 -1.289918235150
   590 -1.289918235150
   591 -1.289918235150
   592 -1.289918235150
   593 -1.289918235150
   594 -1.289918235150
   595 -1.289918235150
   596 -1.289918235150
   597 -1.289918235150
   598 -1.289918235150
   599 -1.289918235150
   600 -1.289918235150
   601 -1.289918235150
   602 -1.289918235150
   603 -1.289918235150
   604 -1.289918235150
   605 -1.289918235150
   606 -1.289918235150
   607 -1.289918235150
   608 -1.289918235150
   609 -1.289918235150
   610 -1.289918235150
   611 -1.289918235150
   612 -1.289918235150
   613 -1.289918235150
   614 -1.289918235150
   615 -1.289918235150
   616 -1.289918235150
   617 -1.289918235150
   618 -1.289918235150
   619 -1.289918235150
   620 -1.289918235150
   621 -1.289918235150
   622 -1.289918235150
   623 -1.289918235150
   624 -1.289918235150
   625 -1.289918235150
   626 -1.289918235150
   627 -1.289918235150
   628 -1.289918235150
   629 -1.289918235150
   630 -1.289918235150
   631 -1.289918235150
   632 -1.289918235150
   633 -1.289918235150
   634 -1.289918235150
   635 -1.289918235150
   636 -1.289918235150
   637 -1.289918235150
   638 -1.289918235150
   639 -1.289918235150
   640 -1.289918235150
   641 -1.289918235150
   642 -1.289918235150
   643 -1.289918235150
   644 -1.289918235150
   645 -1.289918235150
   646 -1.289918235150
   647 -1.289918235150
   648 -1.289918235150
   649 -1.289918235150
   650 -1.289918235150
   651 -1.289918235150
   652 -1.289918235150
   653 -1.289918235150
   654 -1.289918235150
   655 -1.289918235150
   656 -1.289918235150
   657 -1.289918235150
   658 -1.289918235150
   659 -1.289918235150
   660 -1.289918235150
   661 -1.289918235150
   662 -1.289918235150
   663 -1.289918235150
   664 -1.289918235150
   665 -1.289918235150
   666 -1.289918235150
   667 -1.289918235150
   668 -1.289918235150
   669 -1.289918235150
   670 -1.289918235150
   671 -1.289918235150
   672 -1.289918235150
   673 -1.289918235150
   674 -1.289918235150
   675 -1.289918235150
   676 -1.289918235150
   677 -1.289918235150
   678 -1.289918235150
   679 -1.289918235150
   680 -1.289918235150
   681 -1.289918235150
   682 -1.289918235150
   683 -1.289918235150
   684 -1.289918235150
   685 -1.289918235150
   686 -1.289918235150
   687 -1.289918235150
   688 -1.289918235150
   689 -1.289918235150
   690 -1.289918235150
   691 -1.289918235150
   692 -1.289918235150
   693 -1.289918235150
   694 -1.289918235150
   695 -1.289918235150
   696 -1.289918235150
   697 -1.289918235150
   698 -1.289918235150
   699 -1.289918235150
   700 -1.289918235150
   701 -1.289918235150
   702 -1.289918235150
   703 -1.289918235150
   704 -1.289918235150
   705 -1.289918235150
   706 -1.289918235150
   707 -1.289918235150
   708 -1.289918235150
   709 -1.289918235150
   710 -1.289918235150
   711 -1.289918235150
   712 -1.289918235150
   713 -1.289918235150
   714 -1.289918235150
   715 -1.289918235150
   716 -1.289918235150
   717 -1.289918235150
   718 -1.289918235150
   719 -1.289918235150
   720 -1.289918235150
   721 -1.289918235150
   722 -1.289918235150
   723 -1.289918235150
   724 -1.289918235150
   725 -1.289918235150
   726 -1.289918235150
   727 -1.289918235150
   728 -1.289918235150
   729 -1.289918235150
   730 -1.289918235150
   731 -1.289918235150
   732 -1.289918235150
   733 -1.289918235150
   734 -1.289918235150
   735 -1.289918235150
   736 -1.289918235150
   737 -1.289918235150
   738 -1.289918235150
   739 -1.289918235150
   740 -1.289918235150
   741 -1.289918235150
   742 -1.289918235150
   743 -1.289918235150
   744 -1.289918235150
   745 -1.289918235150
   746 -1.289918235150
   747 -1.289918235150
   748 -1.289918235150
   749 -1.289918235150
   750 -1.289918235150
   751 -1.289918235150
   752 -1.289918235150
   753 -1.289918235150
   754 -1.289918235150
   755 -1.289918235150
   756 -1.289918235150
   757 -1.289918235150
   758 -1.289918235150
   759 -1.289918235150
   760 -1.289918235150
   761 -1.289918235150
   762 -1.289918235150
   763 -1.289918235150
   764 -1.289918235150
   765 -1.289918235150
   766 -1.289918235150
   767 -1.289918235150
   768 -1.289918235150
   769 -1.289918235150
   770 -1.289918235150
   771 -1.289918235150
   772 -1.289918235150
   773 -1.289918235150
   774 -1.289918235150
   775 -1.289918235150
   776 -1.289918235150
   777 -1.289918235150
   778 -1.289918235150
   779 -1.289918235150
   780 -1.289918235150
   781 -1.289918235150
   782 -1.289918235150
   783 -1.289918235150
   784 -1.289918235150
   785 -1.289918235150
   786 -1.289918235150
   787 -1.289918235150
   788 -1.289918235150
   789 -1.289918235150
   790 -1.289918235150
   791 -1.289918235150
   792 -1.289918235150
   793 -1.289918235150
   794 -1.289918235150
   795 -1.289918235150
   796 -1.289918235150
   797 -1.289918235150
   798 -1.289918235150
   799 -1.289918235150
   800 -1.289918235150
   801 -1.289918235150
   802 -1.289918235150
   803 -1.289918235150
   804 -1.289918235150
   805 -1.289918235150
   806 -1.289918235150
   807 -1.289918235150
   808 -1.289918235150
   809 -1.289918235150
   810 -1.289918235150
   811 -1.289918235150
   812 -1.289918235150
   813 -1.289918235150
   814 -1.289918235150
   815 -1.289918235150
   816 -1.289918235150
   817 -1.289918235150
   818 -1.289918235150
   819 -1.289918235150
   820 -1.289918235150
   821 -1.289918235150
   822 -1.289918235150
   823 -1.289918235150
   824 -1.289918235150
   825 -1.289918235150
   826 -1.289918235150
   827 -1.289918235150
   828 -1.289918235150
   829 -1.289918235150
   830 -1.289918235150
   831 -1.289918235150
   832 -1.289918235150
   833 -1.289918235150
   834 -1.289918235150
   835 -1.289918235150
   836 -1.289918235150
   837 -1.289918235150
   838 -1.289918235150
   839 -1.289918235150
   840 -1.289918235150
   841 -1.289918235150
   842 -1.289918235150
   843 -1.289918235150
   844 -1.289918235150
   845 -1.289918235150
   846 -1.289918235150
   847 -1.289918235150
   848 -1.289918235150
   849 -1.289918235150
   850 -1.289918235150
   851 -1.289918235150
   852 -1.289918235150
   853 -1.289918235150
   854 -1.289918235150
   855 -1.289918235150
   856 -1.289918235150
   857 -1.289918235150
   858 -1.289918235150
   859 -1.289918235150
   860 -1.289918235150
   861 -1.289918235150
   862 -1.289918235150
   863 -1.289918235150
   864 -1.289918235150
   865 -1.289918235150
   866 -1.289918235150
   867 -1.289918235150
   868 -1.289918235150
   869 -1.289918235150
   870 -1.289918235150
   871 -1.289918235150
   872 -1.289918235150
   873 -1.289918235150
   874 -1.289918235150
   875 -1.289918235150
   876 -1.289918235150
   877 -1.289918235150
   878 -1.289918235150
   879 -1.289918235150
   880 -1.289918235150
   881 -1.289918235150
   882 -1.289918235150
   883 -1.289918235150
   884 -1.289918235150
   885 -1.289918235150
   886 -1.289918235150
   887 -1.289918235150
   888 -1.289918235150
   889 -1.289918235150
   890 -1.289918235150
   891 -1.289918235150
   892 -1.289918235150
   893 -1.289918235150
   894 -1.289918235150
   895 -1.289918235150
   896 -1.289918235150
   897 -1.289918235150
   898 -1.289918235150
   899 -1.289918235150
   900 -1.289918235150
   901 -1.289918235150
   902 -1.289918235150
   903 -1.289918235150
   904 -1.289918235150
   905 -1.289918235150
   906 -1.289918235150
   907 -1.289918235150
   908 -1.289918235150
   909 -1.289918235150
   910 -1.289918235150
   911 -1.289918235150
   912 -1.289918235150
   913 -1.289918235150
   914 -1.289918235150
   915 -1.289918235150
   916 -1.289918235150
   917 -1.289918235150
   918 -1.289918235150
   919 -1.289918235150
   920 -1.289918235150
   921 -1.289918235150
   922 -1.289918235150
   923 -1.289918235150
   924 -1.289918235150
   925 -1.289918235150
   926 -1.289918235150
   927 -1.289918235150
   928 -1.289918235150
   929 -1.289918235150
   930 -1.289918235150
   931 -1.289918235150
   932 -1.289918235150
   933 -1.289918235150
   934 -1.289918235150
   935 -1.289918235150
   936 -1.289918235150
   937 -1.289918235150
   938 -1.289918235150
   939 -1.289918235150
   940 -1.289918235150
   941 -1.289918235150
   942 -1.289918235150
   943 -1.289918235150
   944 -1.289918235150
   945 -1.289918235150
   946 -1.289918235150
   947 -1.289918235150
   948 -1.289918235150
   949 -1.289918235150
   950 -1.289918235150
   951 -1.289918235150
   952 -1.289918235150
   953 -1.289918235150
   954 -1.289918235150
   955 -1.289918235150
   956 -1.289918235150
   957 -1.289918235150
   958 -1.289918235150
   959 -1.289918235150
   960 -1.289918235150
   961 -1.289918235150
   962 -1.289918235150
   963 -1.289918235150
   964 -1.289918235150
   965 -1.289918235150
   966 -1.289918235150
   967 -1.289918235150
   968 -1.289918235150
   969 -1.289918235150
   970 -1.289918235150
   971 -1.289918235150
   972 -1.289918235150
   973 -1.289918235150
   974 -1.289918235150
   975 -1.289918235150
   976 -1.289918235150
   977 -1.289918235150
   978 -1.289918235150
   979 -1.289918235150
   980 -1.289918235150
   981 -1.289918235150
   982 -1.289918235150
   983 -1.289918235150
   984 -1.289918235150
   985 -1.289918235150
   986 -1.289918235150
   987 -1.289918235150
   988 -1.289918235150
   989 -1.289918235150
   990 -1.289918235150
   991 -1.289918235150
   992 -1.289918235150
   993 -1.289918235150
   994 -1.289918235150
   995 -1.289918235150
   996 -1.289918235150
   997 -1.289918235150
   998 -1.289918235150
   999 -1.289918235150
  1000 -1.289918235150
  1001 -1.289918235150
  1002 -1.289918235150
  1003 -1.289918235150
  1004 -1.289918235150
  1005 -1.289918235150
  1006 -1.289918235150
  1007 -1.289918235150
  1008 -1.289918235150
  1009 -1.289918235150
  1010 -1.289918235150
  1011 -1.289918235150
  1012 -1.289918235150
  1013 -1.289918235150
  1014 -1.289918235150
  1015 -1.289918235150
  1016 -1.289918235150
  1017 -1.289918235150
  1018 -1.289918235150
  1019 -1.289918235150
  1020 -1.289918235150
  1021 -1.289918235150
  1022 -1.289918235150
  1023 -1.289918235150
  1024 -1.289918235150
  1025 -1.289918235150
  1026 -1.289918235150
  1027 -1.289918235150
  1028 -1.289918235150
  1029 -1.289918235150
  1030 -1.289918235150
  1031 -1.289918235150
  1032 -1.289918235150
  1033 -1.289918235150
  1034 -1.289918235150
  1035 -1.289918235150
  1036 -1.289918235150
  1037 -1.289918235150
  1038 -1.289918235150
  1039 -1.289918235150
  1040 -1.289918235150
  1041 -1.289918235150
  1042 -1.289918235150
  1043 -1.289918235150
  1044 -1.289918235150
  1045 -1.289918235150
  1046 -1.289918235150
  1047 -1.289918235150
  1048 -1.289918235150
  1049 -1.289918235150
  1050 -1.289918235150
  1051 -1.289918235150
  1052 -1.289918235150
  1053 -1.289918235150
  1054 -1.289918235150
  1055 -1.289918235150
  1056 -1.289918235150
  1057 -1.289918235150
  1058 -1.289918235150
  1059 -1.289918235150
  1060 -1.289918235150
  1061 -1.289918235150
  1062 -1.289918235150
  1063 -1.289918235150
  1064 -1.289918235150
  1065 -1.289918235150
  1066 -1.289918235150
  1067 -1.289918235150
  1068 -1.289918235150
  1069 -1.289918235150
  1070 -1.289918235150
  1071 -1.289918235150
  1072 -1.289918235150
  1073 -1.289918235150
  1074 -1.289918235150
  1075 -1.289918235150
  1076 -1.289918235150
  1077 -1.289918235150
  1078 -1.289918235150
  1079 -1.289918235150
  1080 -1.289918235150
  1081 -1.289918235150
  1082 -1.289918235150
  1083 -1.289918235150
  1084 -1.289918235150
  1085 -1.289918235150
  1086 -1.289918235150
  1087 -1.289918235150
  1088 -1.289918235150
  1089 -1.289918235150
  1090 -1.289918235150
  1091 -1.289918235150
  1092 -1.289918235150
  1093 -1.289918235150
  1094 -1.289918235150
  1095 -1.289918235150
  1096 -1.289918235150
  1097 -1.289918235150
  1098 -1.289918235150
  1099 -1.289918235150
  1100 -1.289918235150
  1101 -1.289918235150
  1102 -1.289918235150
  1103 -1.289918235150
  1104 -1.289918235150
  1105 -1.289918235150
  1106 -1.289918235150
  1107 -1.289918235150
  1108 -1.289918235150
  1109 -1.289918235150
  1110 -1.289918235150
  1111 -1.289918235150
  1112 -1.289918235150
  1113 -1.289918235150
  1114 -1.289918235150
  1115 -1.289918235150
  1116 -1.289918235150
  1117 -1.289918235150
  1118 -1.289918235150
  1119 -1.289918235150
  1120 -1.289918235150
  1121 -1.289918235150
  1122 -1.289918235150
  1123 -1.289918235150
  1124 -1.289918235150
  1125 -1.289918235150
  1126 -1.289918235150
  1127 -1.289918235150
  1128 -1.289918235150
  1129 -1.289918235150
  1130 -1.289918235150
  1131 -1.289918235150
  1132 -1.289918235150
  1133 -1.289918235150
  1134 -1.289918235150
  1135 -1.289918235150
  1136 -1.289918235150
  1137 -1.289918235150
  1138 -1.289918235150
  1139 -1.289918235150
  1140 -1.289918235150
  1141 -1.289918235150
  1142 -1.289918235150
  1143 -1.289918235150
  1144 -1.289918235150
  1145 -1.289918235150
  1146 -1.289918235150
  1147 -1.289918235150
  1148 -1.289918235150
  1149 -1.289918235150
  1150 -1.289918235150
  1151 -1.289918235150
  1152 -1.289918235150
  1153 -1.289918235150
  1154 -1.289918235150
  1155 -1.289918235150
  1156 -1.289918235150
  1157 -1.289918235150
  1158 -1.289918235150
  1159 -1.289918235150
  1160 -1.289918235150
  1161 -1.289918235150
  1162 -1.289918235150
  1163 -1.289918235150
  1164 -1.289918235150
  1165 -1.289918235150
  1166 -1.289918235150
  1167 -1.289918235150
  1168 -1.289918235150
  1169 -1.289918235150
  1170 -1.289918235150
  1171 -1.289918235150
  1172 -1.289918235150
  1173 -1.289918235150
  1174 -1.289918235150
  1175 -1.289918235150
  1176 -1.289918235150
  1177 -1.289918235150
  1178 -1.289918235150
  1179 -1.289918235150
  1180 -1.289918235150
  1181 -1.289918235150
  1182 -1.289918235150
  1183 -1.289918235150
  1184 -1.289918235150
  1185 -1.289918235150
  1186 -1.289918235150
  1187 -1.289918235150
  1188 -1.289918235150
  1189 -1.289918235150
  1190 -1.289918235150
  1191 -1.289918235150
  1192 -1.289918235150
  1193 -1.289918235150
  1194 -1.289918235150
  1195 -1.289918235150
  1196 -1.289918235150
  1197 -1.289918235150
  1198 -1.289918235150
  1199 -1.289918235150
  1200 -1.289918235150
  1201 -1.289918235150
  1202 -1.289918235150
  1203 -1.289918235150
  1204 -1.289918235150
  1205 -1.289918235150
  1206 -1.289918235150
  1207 -1.289918235150
  1208 -1.289918235150
  1209 -1.289918235150
  1210 -1.289918235150
  1211 -1.289918235150
  1212 -1.289918235150
  1213 -1.289918235150
  1214 -1.289918235150
  1215 -1.289918235150
  1216 -1.289918235150
  1217 -1.289918235150
  1218 -1.289918235150
  1219 -1.289918235150
  1220 -1.289918235150
  1221 -1.289918235150
  1222 -1.289918235150
  1223 -1.289918235150
  1224 -1.289918235150
  1225 -1.289918235150
  1226 -1.289918235150
  1227 -1.289918235150
  1228 -1.289918235150
  1229 -1.289918235150
  1230 -1.289918235150
  1231 -1.289918235150
  1232 -1.289918235150
  1233 -1.289918235150
  1234 -1.289918235150
  1235 -1.289918235150
  1236 -1.289918235150
  1237 -1.289918235150
  1238 -1.289918235150
  1239 -1.289918235150
  1240 -1.289918235150
  1241 -1.289918235150
  1242 -1.289918235150
  1243 -1.289918235150
  1244 -1.289918235150
  1245 -1.289918235150
  1246 -1.289918235150
  1247 -1.289918235150
  1248 -1.289918235150
  1249 -1.289918235150
  1250 -1.289918235150
  1251 -1.289918235150
  1252 -1.289918235150
  1253 -1.289918235150
  1254 -1.289918235150
  1255 -1.289918235150
  1256 -1.289918235150
  1257 -1.289918235150
  1258 -1.289918235150
  1259 -1.289918235150
  1260 -1.289918235150
  1261 -1.289918235150
  1262 -1.289918235150
  1263 -1.289918235150
  1264 -1.289918235150
  1265 -1.289918235150
  1266 -1.289918235150
  1267 -1.289918235150
  1268 -1.289918235150
  1269 -1.289918235150
  1270 -1.289918235150
  1271 -1.289918235150
  1272 -1.289918235150
  1273 -1.289918235150
  1274 -1.289918235150
  1275 -1.289918235150
  1276 -1.289918235150
  1277 -1.289918235150
  1278 -1.289918235150
  1279 -1.289918235150
  1280 -1.289918235150
  1281 -1.289918235150
  1282 -1.289918235150
  1283 -1.289918235150
  1284 -1.289918235150
  1285 -1.289918235150
  1286 -1.289918235150
  1287 -1.289918235150
  1288 -1.289918235150
  1289 -1.289918235150
  1290 -1.289918235150
  1291 -1.289918235150
  1292 -1.289918235150
  1293 -1.289918235150
  1294 -1.289918235150
  1295 -1.289918235150
  1296 -1.289918235150
  1297 -1.289918235150
  1298 -1.289918235150
  1299 -1.289918235150
  1300 -1.289918235150
  1301 -1.289918235150
  1302 -1.289918235150
  1303 -1.289918235150
  1304 -1.289918235150
  1305 -1.289918235150
  1306 -1.289918235150
  1307 -1.289918235150
  1308 -1.289918235150
  1309 -1.289918235150
  1310 -1.289918235150
  1311 -1.289918235150
  1312 -1.289918235150
  1313 -1.289918235150
  1314 -1.289918235150
  1315 -1.289918235150
  1316 -1.289918235150
  1317 -1.289918235150
  1318 -1.289918235150
  1319 -1.289918235150
  1320 -1.289918235150
  1321 -1.289918235150
  1322 -1.289918235150
  1323 -1.289918235150
  1324 -1.289918235150
  1325 -1.289918235150
  1326 -1.289918235150
  1327 -1.289918235150
  1328 -1.289918235150
  1329 -1.289918235150
  1330 -1.289918235150
  1331 -1.289918235150
  1332 -1.289918235150
  1333 -1.289918235150
  1334 -1.289918235150
  1335 -1.289918235150
  1336 -1.289918235150
  1337 -1.289918235150
  1338 -1.289918235150
  1339 -1.289918235150
  1340 -1.289918235150
  1341 -1.289918235150
  1342 -1.289918235150
  1343 -1.289918235150
  1344 -1.289918235150
  1345 -1.289918235150
  1346 -1.289918235150
  1347 -1.289918235150
  1348 -1.289918235150
  1349 -1.289918235150
  1350 -1.289918235150
  1351 -1.289918235150
  1352 -1.289918235150
  1353 -1.289918235150
  1354 -1.289918235150
  1355 -1.289918235150
  1356 -1.289918235150
  1357 -1.289918235150
  1358 -1.289918235150
  1359 -1.289918235150
  1360 -1.289918235150
  1361 -1.289918235150
  1362 -1.289918235150
  1363 -1.289918235150
  1364 -1.289918235150
  1365 -1.289918235150
  1366 -1.289918235150
  1367 -1.289918235150
  1368 -1.289918235150
  1369 -1.289918235150
  1370 -1.289918235150
  1371 -1.289918235150
  1372 -1.289918235150
  1373 -1.289918235150
  1374 -1.289918235150
  1375 -1.289918235150
  1376 -1.289918235150
  1377 -1.289918235150
  1378 -1.289918235150
  1379 -1.289918235150
  1380 -1.289918235150
  1381 -1.289918235150
  1382 -1.289918235150
  1383 -1.289918235150
  1384 -1.289918235150
  1385 -1.289918235150
  1386 -1.289918235150
  1387 -1.289918235150
  1388 -1.289918235150
  1389 -1.289918235150
  1390 -1.289918235150
  1391 -1.289918235150
  1392 -1.289918235150
  1393 -1.289918235150
  1394 -1.289918235150
  1395 -1.289918235150
  1396 -1.289918235150
  1397 -1.289918235150
  1398 -1.289918235150
  1399 -1.289918235150
  1400 -1.289918235150
  1401 -1.289918235150
  1402 -1.289918235150
  1403 -1.289918235150
  1404 -1.289918235150
  1405 -1.289918235150
  1406 -1.289918235150
  1407 -1.289918235150
  1408 -1.289918235150
  1409 -1.289918235150
  1410 -1.289918235150
  1411 -1.289918235150
  1412 -1.289918235150
  1413 -1.289918235150
  1414 -1.289918235150
  1415 -1.289918235150
  1416 -1.289918235150
  1417 -1.289918235150
  1418 -1.289918235150
  1419 -1.289918235150
  1420 -1.289918235150
  1421 -1.289918235150
  1422 -1.289918235150
  1423 -1.289918235150
  1424 -1.289918235150
  1425 -1.289918235150
  1426 -1.289918235150
  1427 -1.289918235150
  1428 -1.289918235150
  1429 -1.289918235150
  1430 -1.289918235150
  1431 -1.289918235150
  1432 -1.289918235150
  1433 -1.289918235150
  1434 -1.289918235150
  1435 -1.289918235150
  1436 -1.289918235150
  1437 -1.289918235150
  1438 -1.289918235150
  1439 -1.289918235150
  1440 -1.289918235150
  1441 -1.289918235150
  1442 -1.289918235150
  1443 -1.289918235150
  1444 -1.289918235150
  1445 -1.289918235150
  1446 -1.289918235150
  1447 -1.289918235150
  1448 -1.289918235150
  1449 -1.289918235150
  1450 -1.289918235150
  1451 -1.289918235150
  1452 -1.289918235150
  1453 -1.289918235150
  1454 -1.289918235150
  1455 -1.289918235150
  1456 -1.289918235150
  1457 -1.289918235150
  1458 -1.289918235150
  1459 -1.289918235150
  1460 -1.289918235150
  1461 -1.289918235150
  1462 -1.289918235150
  1463 -1.289918235150
  1464 -1.289918235150
  1465 -1.289918235150
  1466 -1.289918235150
  1467 -1.289918235150
  1468 -1.289918235150
  1469 -1.289918235150
  1470 -1.289918235150
  1471 -1.289918235150
  1472 -1.289918235150
  1473 -1.289918235150
  1474 -1.289918235150
  1475 -1.289918235150
  1476 -1.289918235150
  1477 -1.289918235150
  1478 -1.289918235150
  1479 -1.289918235150
  1480 -1.289918235150
  1481 -1.289918235150
  1482 -1.289918235150
  1483 -1.289918235150
  1484 -1.289918235150
  1485 -1.289918235150
  1486 -1.289918235150
  1487 -1.289918235150
  1488 -1.289918235150
  1489 -1.289918235150
  1490 -1.289918235150
  1491 -1.289918235150
  1492 -1.289918235150
  1493 -1.289918235150
  1494 -1.289918235150
  1495 -1.289918235150
  1496 -1.289918235150
  1497 -1.289918235150
  1498 -1.289918235150
  1499 -1.289918235150
  1500 -1.289918235150
  1501 -1.289918235150
  1502 -1.289918235150
  1503 -1.289918235150
  1504 -1.289918235150
  1505 -1.289918235150
  1506 -1.289918235150
  1507 -1.289918235150
  1508 -1.289918235150
  1509 -1.289918235150
  1510 -1.289918235150
  1511 -1.289918235150
  1512 -1.289918235150
  1513 -1.289918235150
  1514 -1.289918235150
  1515 -1.289918235150
  1516 -1.289918235150
  1517 -1.289918235150
  1518 -1.289918235150
  1519 -1.289918235150
  1520 -1.289918235150
  1521 -1.289918235150
  1522 -1.289918235150
  1523 -1.289918235150
  1524 -1.289918235150
  1525 -1.289918235150
  1526 -1.289918235150
  1527 -1.289918235150
  1528 -1.289918235150
  1529 -1.289918235150
  1530 -1.289918235150
  1531 -1.289918235150
  1532 -1.289918235150
  1533 -1.289918235150
  1534 -1.289918235150
  1535 -1.289918235150
  1536 -1.289918235150
  1537 -1.289918235150
  1538 -1.289918235150
  1539 -1.289918235150
  1540 -1.289918235150
  1541 -1.289918235150
  1542 -1.289918235150
  1543 -1.289918235150
  1544 -1.289918235150
  1545 -1.289918235150
  1546 -1.289918235150
  1547 -1.289918235150
  1548 -1.289918235150
  1549 -1.289918235150
  1550 -1.289918235150
  1551 -1.289918235150
  1552 -1.289918235150
  1553 -1.289918235150
  1554 -1.289918235150
  1555 -1.289918235150
  1556 -1.289918235150
  1557 -1.289918235150
  1558 -1.289918235150
  1559 -1.289918235150
  1560 -1.289918235150
  1561 -1.289918235150
  1562 -1.289918235150
  1563 -1.289918235150
  1564 -1.289918235150
  1565 -1.289918235150
  1566 -1.289918235150
  1567 -1.289918235150
  1568 -1.289918235150
  1569 -1.289918235150
  1570 -1.289918235150
  1571 -1.289918235150
  1572 -1.289918235150
  1573 -1.289918235150
  1574 -1.289918235150
  1575 -1.289918235150
  1576 -1.289918235150
  1577 -1.289918235150
  1578 -1.289918235150
  1579 -1.289918235150
  1580 -1.289918235150
  1581 -1.289918235150
  1582 -1.289918235150
  1583 -1.289918235150
  1584 -1.289918235150
  1585 -1.289918235150
  1586 -1.289918235150
  1587 -1.289918235150
  1588 -1.289918235150
  1589 -1.289918235150
  1590 -1.289918235150
  1591 -1.289918235150
  1592 -1.289918235150
  1593 -1.289918235150
  1594 -1.289918235150
  1595 -1.289918235150
  1596 -1.289918235150
  1597 -1.289918235150
  1598 -1.289918235150
  1599 -1.289918235150
  1600 -1.289918235150
  1601 -1.289918235150
  1602 -1.289918235150
  1603 -1.289918235150
  1604 -1.289918235150
  1605 -1.289918235150
  1606 -1.289918235150
  1607 -1.289918235150
  1608 -1.289918235150
  1609 -1.289918235150
  1610 -1.289918235150
  1611 -1.289918235150
  1612 -1.289918235150
  1613 -1.289918235150
  1614 -1.289918235150
  1615 -1.289918235150
  1616 -1.289918235150
  1617 -1.289918235150
  1618 -1.289918235150
  1619 -1.289918235150
  1620 -1.289918235150
  1621 -1.289918235150
  1622 -1.289918235150
  1623 -1.289918235150
  1624 -1.289918235150
  1625 -1.289918235150
  1626 -1.289918235150
  1627 -1.289918235150
  1628 -1.289918235150
  1629 -1.289918235150
  1630 -1.289918235150
  1631 -1.289918235150
  1632 -1.289918235150
  1633 -1.289918235150
  1634 -1.289918235150
  1635 -1.289918235150
  1636 -1.289918235150
  1637 -1.289918235150
  1638 -1.289918235150
  1639 -1.289918235150
  1640 -1.289918235150
  1641 -1.289918235150
  1642 -1.289918235150
  1643 -1.289918235150
  1644 -1.289918235150
  1645 -1.289918235150
  1646 -1.289918235150
  1647 -1.289918235150
  1648 -1.289918235150
  1649 -1.289918235150
  1650 -1.289918235150
  1651 -1.289918235150
  1652 -1.289918235150
  1653 -1.289918235150
  1654 -1.289918235150
  1655 -1.289918235150
  1656 -1.289918235150
  1657 -1.289918235150
  1658 -1.289918235150
  1659 -1.289918235150
  1660 -1.289918235150
  1661 -1.289918235150
  1662 -1.289918235150
  1663 -1.289918235150
  1664 -1.289918235150
  1665 -1.289918235150
  1666 -1.289918235150
  1667 -1.289918235150
  1668 -1.289918235150
  1669 -1.289918235150
  1670 -1.289918235150
  1671 -1.289918235150
  1672 -1.289918235150
  1673 -1.289918235150
  1674 -1.289918235150
  1675 -1.289918235150
  1676 -1.289918235150
  1677 -1.289918235150
  1678 -1.289918235150
  1679 -1.289918235150
  1680 -1.289918235150
  1681 -1.289918235150
  1682 -1.289918235150
  1683 -1.289918235150
  1684 -1.289918235150
  1685 -1.289918235150
  1686 -1.289918235150
  1687 -1.289918235150
  1688 -1.289918235150
  1689 -1.289918235150
  1690 -1.289918235150
  1691 -1.289918235150
  1692 -1.289918235150
  1693 -1.289918235150
  1694 -1.289918235150
  1695 -1.289918235150
  1696 -1.289918235150
  1697 -1.289918235150
  1698 -1.289918235150
  1699 -1.289918235150
  1700 -1.289918235150
  1701 -1.289918235150
  1702 -1.289918235150
  1703 -1.289918235150
  1704 -1.289918235150
  1705 -1.289918235150
  1706 -1.289918235150
  1707 -1.289918235150
  1708 -1.289918235150
  1709 -1.289918235150
  1710 -1.289918235150
  1711 -1.289918235150
  1712 -1.289918235150
  1713 -1.289918235150
  1714 -1.289918235150
  1715 -1.289918235150
  1716 -1.289918235150
  1717 -1.289918235150
  1718 -1.289918235150
  1719 -1.289918235150
  1720 -1.289918235150
  1721 -1.289918235150
  1722 -1.289918235150
  1723 -1.289918235150
  1724 -1.289918235150
  1725 -1.289918235150
  1726 -1.289918235150
  1727 -1.289918235150
  1728 -1.289918235150
  1729 -1.289918235150
  1730 -1.289918235150
  1731 -1.289918235150
  1732 -1.289918235150
  1733 -1.289918235150
  1734 -1.289918235150
  1735 -1.289918235150
  1736 -1.289918235150
  1737 -1.289918235150
  1738 -1.289918235150
  1739 -1.289918235150
  1740 -1.289918235150
  1741 -1.289918235150
  1742 -1.289918235150
  1743 -1.289918235150
  1744 -1.289918235150
  1745 -1.289918235150
  1746 -1.289918235150
  1747 -1.289918235150
  1748 -1.289918235150
  1749 -1.289918235150
  1750 -1.289918235150
  1751 -1.289918235150
  1752 -1.289918235150
  1753 -1.289918235150
  1754 -1.289918235150
  1755 -1.289918235150
  1756 -1.289918235150
  1757 -1.289918235150
  1758 -1.289918235150
  1759 -1.289918235150
  1760 -1.289918235150
  1761 -1.289918235150
  1762 -1.289918235150
  1763 -1.289918235150
  1764 -1.289918235150
  1765 -1.289918235150
  1766 -1.289918235150
  1767 -1.289918235150
  1768 -1.289918235150
  1769 -1.289918235150
  1770 -1.289918235150
  1771 -1.289918235150
  1772 -1.289918235150
  1773 -1.289918235150
  1774 -1.289918235150
  1775 -1.289918235150
  1776 -1.289918235150
  1777 -1.289918235150
  1778 -1.289918235150
  1779 -1.289918235150
  1780 -1.289918235150
  1781 -1.289918235150
  1782 -1.289918235150
  1783 -1.289918235150
  1784 -1.289918235150
  1785 -1.289918235150
  1786 -1.289918235150
  1787 -1.289918235150
  1788 -1.289918235150
  1789 -1.289918235150
  1790 -1.289918235150
  1791 -1.289918235150
  1792 -1.289918235150
  1793 -1.289918235150
  1794 -1.289918235150
  1795 -1.289918235150
  1796 -1.289918235150
  1797 -1.289918235150
  1798 -1.289918235150
  1799 -1.289918235150
  1800 -1.289918235150
  1801 -1.289918235150
  1802 -1.289918235150
  1803 -1.289918235150
  1804 -1.289918235150
  1805 -1.289918235150
  1806 -1.289918235150
  1807 -1.289918235150
  1808 -1.289918235150
  1809 -1.289918235150
  1810 -1.289918235150
  1811 -1.289918235150
  1812 -1.289918235150
  1813 -1.289918235150
  1814 -1.289918235150
  1815 -1.289918235150
  1816 -1.289918235150
  1817 -1.289918235150
  1818 -1.289918235150
  1819 -1.289918235150
  1820 -1.289918235150
  1821 -1.289918235150
  1822 -1.289918235150
  1823 -1.289918235150
  1824 -1.289918235150
  1825 -1.289918235150
  1826 -1.289918235150
  1827 -1.289918235150
  1828 -1.289918235150
  1829 -1.289918235150
  1830 -1.289918235150
  1831 -1.289918235150
  1832 -1.289918235150
  1833 -1.289918235150
  1834 -1.289918235150
  1835 -1.289918235150
  1836 -1.289918235150
  1837 -1.289918235150
  1838 -1.289918235150
  1839 -1.289918235150
  1840 -1.289918235150
  1841 -1.289918235150
  1842 -1.289918235150
  1843 -1.289918235150
  1844 -1.289918235150
  1845 -1.289918235150
  1846 -1.289918235150
  1847 -1.289918235150
  1848 -1.289918235150
  1849 -1.289918235150
  1850 -1.289918235150
  1851 -1.289918235150
  1852 -1.289918235150
  1853 -1.289918235150
  1854 -1.289918235150
  1855 -1.289918235150
  1856 -1.289918235150
  1857 -1.289918235150
  1858 -1.289918235150
  1859 -1.289918235150
  1860 -1.289918235150
  1861 -1.289918235150
  1862 -1.289918235150
  1863 -1.289918235150
  1864 -1.289918235150
  1865 -1.289918235150
  1866 -1.289918235150
  1867 -1.289918235150
  1868 -1.289918235150
  1869 -1.289918235150
  1870 -1.289918235150
  1871 -1.289918235150
  1872 -1.289918235150
  1873 -1.289918235150
  1874 -1.289918235150
  1875 -1.289918235150
  1876 -1.289918235150
  1877 -1.289918235150
  1878 -1.289918235150
  1879 -1.289918235150
  1880 -1.289918235150
  1881 -1.289918235150
  1882 -1.289918235150
  1883 -1.289918235150
  1884 -1.289918235150
  1885 -1.289918235150
  1886 -1.289918235150
  1887 -1.289918235150
  1888 -1.289918235150
  1889 -1.289918235150
  1890 -1.289918235150
  1891 -1.289918235150
  1892 -1.289918235150
  1893 -1.289918235150
  1894 -1.289918235150
  1895 -1.289918235150
  1896 -1.289918235150
  1897 -1.289918235150
  1898 -1.289918235150
  1899 -1.289918235150
  1900 -1.289918235150
  1901 -1.289918235150
  1902 -1.289918235150
  1903 -1.289918235150
  1904 -1.289918235150
  1905 -1.289918235150
  1906 -1.289918235150
  1907 -1.289918235150
  1908 -1.289918235150
  1909 -1.289918235150
  1910 -1.289918235150
  1911 -1.289918235150
  1912 -1.289918235150
  1913 -1.289918235150
  1914 -1.289918235150
  1915 -1.289918235150
  1916 -1.289918235150
  1917 -1.289918235150
  1918 -1.289918235150
  1919 -1.289918235150
  1920 -1.289918235150
  1921 -1.289918235150
  1922 -1.289918235150
  1923 -1.289918235150
  1924 -1.289918235150
  1925 -1.289918235150
  1926 -1.289918235150
  1927 -1.289918235150
  1928 -1.289918235150
  1929 -1.289918235150
  1930 -1.289918235150
  1931 -1.289918235150
  1932 -1.289918235150
  1933 -1.289918235150
  1934 -1.289918235150
  1935 -1.289918235150
  1936 -1.289918235150
  1937 -1.289918235150
  1938 -1.289918235150
  1939 -1.289918235150
  1940 -1.289918235150
  1941 -1.289918235150
  1942 -1.289918235150
  1943 -1.289918235150
  1944 -1.289918235150
  1945 -1.289918235150
  1946 -1.289918235150
  1947 -1.289918235150
  1948 -1.289918235150
  1949 -1.289918235150
  1950 -1.289918235150
  1951 -1.289918235150
  1952 -1.289918235150
  1953 -1.289918235150
  1954 -1.289918235150
  1955 -1.289918235150
  1956 -1.289918235150
  1957 -1.289918235150
  1958 -1.289918235150
  1959 -1.289918235150
  1960 -1.289918235150
  1961 -1.289918235150
  1962 -1.289918235150
  1963 -1.289918235150
  1964 -1.289918235150
  1965 -1.289918235150
  1966 -1.289918235150
  1967 -1.289918235150
  1968 -1.289918235150
  1969 -1.289918235150
  1970 -1.289918235150
  1971 -1.289918235150
  1972 -1.289918235150
  1973 -1.289918235150
  1974 -1.289918235150
  1975 -1.289918235150
  1976 -1.289918235150
  1977 -1.289918235150
  1978 -1.289918235150
  1979 -1.289918235150
  1980 -1.289918235150
  1981 -1.289918235150
  1982 -1.289918235150
  1983 -1.289918235150
  1984 -1.289918235150
  1985 -1.289918235150
  1986 -1.289918235150
  1987 -1.289918235150
  1988 -1.289918235150
  1989 -1.289918235150
  1990 -1.289918235150
  1991 -1.289918235150
  1992 -1.289918235150
  1993 -1.289918235150
  1994 -1.289918235150
  1995 -1.289918235150
  1996 -1.289918235150
  1997 -1.289918235150
  1998 -1.289918235150
  1999 -1.289918235150
  2000 -1.289918235150
