     1 -0.941367500785
     2 -0.755214192013
     3 -0.997247490438
     4 -1.115471145573
     5 -1.178883195950
     6 -1.215704688998
     7 -1.238354533203
     8 -1.252912581686
     9 -1.262568505172
    10 -1.269117759658
    11 -1.273629698684
    12 -1.276773293130
    13 -1.278980400070
    14 -1.280539202102
    15 -1.281643916314
    16 -1.282430299408
    17 -1.282990783957
    18 -1.283390912912
    19 -1.283677820517
    20 -1.283883432627
    21 -1.284031284660
    22 -1.284139150229
    23 -1.284218009944
    24 -1.284277795284
    25 -1.284324263484
    26 -1.284362129200
    27 -1.284395065865
    28 -1.284425184800
    29 -1.284454600001
    30 -1.284484384906
    31 -1.284515093579
    32 -1.284548324845
    33 -1.284584114051
    34 -1.284621975601
    35 -1.284662988594
    36 -1.284706667113
    37 -1.284752524445
    38 -1.284801115815
    39 -1.284851951971
    40 -1.284905063606
    41 -1.284958915065
    42 -1.285015098116
    43 -1.285072073454
    44 -1.285129864548
    45 -1.285188493069
    46 -1.285246935862
    47 -1.285305732720
    48 -1.285364378777
    49 -1.285422367678
    50 -1.285479713217
    51 -1.378735623042
    52 -1.361839924395
    53 -1.368845895894
    54 -1.355458958403
    55 -1.346636655424
    56 -1.331742456488
    57 -1.320200476182
    58 -1.310472922383
    59 -1.303192222454
    60 -1.297896139338
    61 -1.294162106800
    62 -1.291562640419
    63 -1.289765044933
    64 -1.288526399499
    65 -1.287678262127
    66 -1.287102480281
    67 -1.286715274167
    68 -1.286460376761
    69 -1.286296772533
    70 -1.286197283409
    71 -1.286141357348
    72 -1.286116166459
    73 -1.286111425777
    74 -1.286119936454
    75 -1.286137078158
    76 -1.286160818195
    77 -1.286187545251
    78 -1.286215724264
    79 -1.286245377680
    80 -1.286274958147
    81 -1.286303436036
    82 -1.286331865025
    83 -1.286359210470
    84 -1.286385479153
    85 -1.286411198114
    86 -1.286435328767
    87 -1.286458396349
    88 -1.286480403923
    89 -1.286501354035
    90 -1.286521248818
    91 -1.286540611603
    92 -1.286558400818
    93 -1.286575139280
    94 -1.286591871153
    95 -1.286607032737
    96 -1.286621667899
    97 -1.286635255768
    98 -1.286648318461
    99 -1.286660856468
   100 -1.286672348673
   101 -1.381100938863
   102 -1.395831517400
   103 -1.363622087586
   104 -1.348280651530
   105 -1.328441222613
   106 -1.316089144253
   107 -1.305367714538
   108 -1.298092671486
   109 -1.293209905029
   110 -1.290108897307
   111 -1.288168553873
   112 -1.286977037587
   113 -1.286263738253
   114 -1.285857555383
   115 -1.285645538546
   116 -1.285556055570
   117 -1.285541879859
   118 -1.285573360552
   119 -1.285630350258
   120 -1.285699755919
   121 -1.285773546072
   122 -1.285848806767
   123 -1.285920474104
   124 -1.285988656991
   125 -1.286052392164
   126 -1.286110696041
   127 -1.286163613634
   128 -1.286212744065
   129 -1.286257070999
   130 -1.286298179993
   131 -1.286335566037
   132 -1.286369763828
   133 -1.286401305441
   134 -1.286430199369
   135 -1.286457495572
   136 -1.286481635032
   137 -1.286504708491
   138 -1.286526719712
   139 -1.286546628715
   140 -1.286564959606
   141 -1.286582757594
   142 -1.286598459830
   143 -1.286614153952
   144 -1.286628798117
   145 -1.286642393363
   146 -1.286654940560
   147 -1.286667483526
   148 -1.286678458258
   149 -1.286688908363
   150 -1.286699355825
   151 -1.388710692634
   152 -1.327017487759
   153 -1.369627118584
   154 -1.379805363076
   155 -1.372445028087
   156 -1.362494483333
   157 -1.350765436289
   158 -1.339752604212
   159 -1.329278270226
   160 -1.319852997999
   161 -1.311598382295
   162 -1.304782127566
   163 -1.299450531746
   164 -1.295493658048
   165 -1.292664907351
   166 -1.290687850924
   167 -1.289320909495
   168 -1.288379585868
   169 -1.287731992339
   170 -1.287286490624
   171 -1.286980853541
   172 -1.286771917980
   173 -1.286630431375
   174 -1.286536925025
   175 -1.286477053832
   176 -1.286441620960
   177 -1.286422423525
   178 -1.286414873439
   179 -1.286415920801
   180 -1.286423017776
   181 -1.286434123659
   182 -1.286448230105
   183 -1.286463277676
   184 -1.286479287065
   185 -1.286496274400
   186 -1.286513730793
   187 -1.286530623146
   188 -1.286547480925
   189 -1.286563267376
   190 -1.286579030654
   191 -1.286594774855
   192 -1.286609460211
   193 -1.286623089422
   194 -1.286636707771
   195 -1.286649273985
   196 -1.286661311091
   197 -1.286672820316
   198 -1.286683281135
   199 -1.286693737474
   200 -1.286704190035
   201 -1.355620384444
   202 -1.386513039400
   203 -1.331224764285
   204 -1.336698554483
   205 -1.331401270406
   206 -1.325577078791
   207 -1.319927051023
   208 -1.312524913739
   209 -1.304911259517
   210 -1.297960747868
   211 -1.293199103976
   212 -1.290449705615
   213 -1.288942849397
   214 -1.288092610734
   215 -1.287596549026
   216 -1.287304998614
   217 -1.287136487453
   218 -1.287043947418
   219 -1.287000506982
   220 -1.286985131263
   221 -1.286987987007
   222 -1.286999061727
   223 -1.287014481025
   224 -1.287031331106
   225 -1.287046640626
   226 -1.287060526646
   227 -1.287072033739
   228 -1.287080185011
   229 -1.287086073892
   230 -1.287088695842
   231 -1.287090166690
   232 -1.287089466305
   233 -1.287086612519
   234 -1.287083705406
   235 -1.287078669698
   236 -1.287072557037
   237 -1.287066417253
   238 -1.287060255685
   239 -1.287053033486
   240 -1.287045797109
   241 -1.287037506161
   242 -1.287030248957
   243 -1.287022984143
   244 -1.287015713109
   245 -1.287008436977
   246 -1.287001156654
   247 -1.286994915959
   248 -1.286987629328
   249 -1.286981383412
   250 -1.286975135531
   251 -1.394500345823
   252 -1.391791611075
   253 -1.383870603111
   254 -1.353039609270
   255 -1.339311858765
   256 -1.319836278994
   257 -1.307007101250
   258 -1.297529758839
   259 -1.291702041559
   260 -1.288159726584
   261 -1.286074355011
   262 -1.284875256876
   263 -1.284221675941
   264 -1.283907332218
   265 -1.283802056317
   266 -1.283824761031
   267 -1.283923073052
   268 -1.284062993907
   269 -1.284224051772
   270 -1.284391697377
   271 -1.284558477679
   272 -1.284718377190
   273 -1.284869994425
   274 -1.285011355334
   275 -1.285142538791
   276 -1.285263080068
   277 -1.285374585633
   278 -1.285476565457
   279 -1.285570086816
   280 -1.285656211722
   281 -1.285734955232
   282 -1.285808415657
   283 -1.285875559859
   284 -1.285938482214
   285 -1.285996146505
   286 -1.286049601590
   287 -1.286099895444
   288 -1.286145989165
   289 -1.286189972493
   290 -1.286230283888
   291 -1.286267969094
   292 -1.286303551954
   293 -1.286337034472
   294 -1.286368418391
   295 -1.286397705231
   296 -1.286424896320
   297 -1.286451035898
   298 -1.286475081903
   299 -1.286498078305
   300 -1.286518982804
   301 -1.387180898271
   302 -1.381358555550
   303 -1.383698201336
   304 -1.358506732071
   305 -1.345446262234
   306 -1.333010942892
   307 -1.321851439612
   308 -1.312949943098
   309 -1.306282655050
   310 -1.301388435192
   311 -1.297812244173
   312 -1.295192437419
   313 -1.293261795362
   314 -1.291831664904
   315 -1.290764919826
   316 -1.289962547920
   317 -1.289354920194
   318 -1.288891725498
   319 -1.288533831524
   320 -1.288256531521
   321 -1.288038138443
   322 -1.287865240720
   323 -1.287727511184
   324 -1.287615635949
   325 -1.287523410115
   326 -1.287447743935
   327 -1.287384494578
   328 -1.287331598154
   329 -1.287285942397
   330 -1.287247540353
   331 -1.287213272863
   332 -1.287184190858
   333 -1.287157692764
   334 -1.287134826475
   335 -1.287114031162
   336 -1.287095309820
   337 -1.287078664828
   338 -1.287063054994
   339 -1.287049524907
   340 -1.287037032691
   341 -1.287025579315
   342 -1.287014122472
   343 -1.287004748955
   344 -1.286995373105
   345 -1.286987038416
   346 -1.286979745221
   347 -1.286972450710
   348 -1.286965155106
   349 -1.286958901672
   350 -1.286953690558
   351 -1.286948478806
   352 -1.286943266518
   353 -1.286938053777
   354 -1.286933883736
   355 -1.286929713372
   356 -1.286925542734
   357 -1.286922414943
   358 -1.286918243872
   359 -1.286915115712
   360 -1.286911987406
   361 -1.286909902057
   362 -1.286906773518
   363 -1.286904687969
   364 -1.286902602340
   365 -1.286900516642
   366 -1.286898430885
   367 -1.286896345075
   368 -1.286894259221
   369 -1.286892173328
   370 -1.286891130483
   371 -1.286889044527
   372 -1.286888001626
   373 -1.286886958704
   374 -1.286885915761
   375 -1.286884872802
   376 -1.286883308287
   377 -1.286882265300
   378 -1.286881222301
   379 -1.286880179292
   380 -1.286879136275
   381 -1.286879136331
   382 -1.286878093299
   383 -1.286877050261
   384 -1.286877050300
   385 -1.286876007252
   386 -1.286874964201
   387 -1.286874964227
   388 -1.286873921169
   389 -1.286873921189
   390 -1.286872878126
   391 -1.286872878141
   392 -1.286872878155
   393 -1.286871835086
   394 -1.286871835097
   395 -1.286871835107
   396 -1.286870792034
   397 -1.286870792042
   398 -1.286870792048
   399 -1.286870270513
   400 -1.286870270519
   401 -1.286869748982
   402 -1.286869748986
   403 -1.286869748990
   404 -1.286868705912
   405 -1.286868705915
   406 -1.286868705917
   407 -1.286868705919
   408 -1.286868705921
   409 -1.286868705923
   410 -1.286868184384
   411 -1.286868184385
   412 -1.286868184386
   413 -1.286868184387
   414 -1.286868184388
   415 -1.286867141308
   416 -1.286867141308
   417 -1.286867141309
   418 -1.286867141310
   419 -1.286867141310
   420 -1.286867141311
   421 -1.286867141311
   422 -1.286867141311
   423 -1.286867141312
   424 -1.286867141312
   425 -1.286867141312
   426 -1.286867141312
   427 -1.286867141313
   428 -1.286867141313
   429 -1.286867141313
   430 -1.286867141313
   431 -1.286866619772
   432 -1.286866619773
   433 -1.286866619773
   434 -1.286866619773
   435 -1.286866619773
   436 -1.286866619773
   437 -1.286866619773
   438 -1.286866619773
   439 -1.286866619773
   440 -1.286866619773
   441 -1.286866619773
   442 -1.286866619773
   443 -1.286866619773
   444 -1.286866619773
   445 -1.286866619773
   446 -1.286866619773
   447 -1.286866619773
   448 -1.286866619773
   449 -1.286866619773
   450 -1.286866619773
   451 -1.286866619773
   452 -1.286866619773
   453 -1.286866619773
   454 -1.286866619773
   455 -1.286866619773
   456 -1.286866619773
   457 -1.286866619773
   458 -1.286866619773
   459 -1.286866619773
   460 -1.286866098233
   461 -1.286866098233
   462 -1.286866098233
   463 -1.286866098233
   464 -1.286866098233
   465 -1.286866098233
   466 -1.286866098233
   467 -1.286866098233
   468 -1.286866098233
   469 -1.286866098233
   470 -1.286866098233
   471 -1.286866098233
   472 -1.286866098233
   473 -1.286866098233
   474 -1.286866098233
   475 -1.286866098233
   476 -1.286866098233
   477 -1.286866098233
   478 -1.286866098233
   479 -1.286866098233
   480 -1.286866098233
   481 -1.286866098233
   482 -1.286866098233
   483 -1.286866098233
   484 -1.286866098233
   485 -1.286866098233
   486 -1.286866098233
   487 -1.286866098233
   488 -1.286866098233
   489 -1.286866098233
   490 -1.286866098233
   491 -1.286866098233
   492 -1.286866098233
   493 -1.286866098233
   494 -1.286866098233
   495 -1.286866098233
   496 -1.286866098233
   497 -1.286866098233
   498 -1.286866098233
   499 -1.286866098233
   500 -1.286866098233
   501 -1.286866098233
   502 -1.286866098233
   503 -1.286866098233
   504 -1.286866098233
   505 -1.286866098233
   506 -1.286866098233
   507 -1.286866098233
   508 -1.286866098233
   509 -1.286866098233
   510 -1.286866098233
   511 -1.286866098233
   512 -1.286866098233
   513 -1.286866098233
   514 -1.286866098233
   515 -1.286866098233
   516 -1.286866098233
   517 -1.286866098233
   518 -1.286866098233
   519 -1.286866098233
   520 -1.286866098233
   521 -1.286866098233
   522 -1.286866098233
   523 -1.286866098233
   524 -1.286866098233
   525 -1.286866098233
   526 -1.286866098233
   527 -1.286866098233
   528 -1.286866098233
   529 -1.286866098233
   530 -1.286866098233
   531 -1.286866098233
   532 -1.286866098233
   533 -1.286866098233
   534 -1.286866098233
   535 -1.286866098233
   536 -1.286866098233
   537 -1.286866098233
   538 -1.286866098233
   539 -1.286866098233
   540 -1.286866098233
   541 -1.286866098233
   542 -1.286866098233
   543 -1.286866098233
   544 -1.286866098233
   545 -1.286866098233
   546 -1.286866098233
   547 -1.286866098233
   548 -1.286866098233
   549 -1.286866098233
   550 -1.286866098233
   551 -1.286866098233
   552 -1.286866098233
   553 -1.286866098233
   554 -1.286866098233
   555 -1.286866098233
   556 -1.286866098233
   557 -1.286866098233
   558 -1.286866098233
   559 -1.286866098233
   560 -1.286866098233
   561 -1.286866098233
   562 -1.286866098233
   563 -1.286866098233
   564 -1.286866098233
   565 -1.286866098233
   566 -1.286866098233
   567 -1.286866098233
   568 -1.286866098233
   569 -1.286866098233
   570 -1.286866098233
   571 -1.286866098233
   572 -1.286866098233
   573 -1.286866098233
   574 -1.286866098233
   575 -1.286866098233
   576 -1.286866098233
   577 -1.286866098233
   578 -1.286866098233
   579 -1.286866098233
   580 -1.286866098233
   581 -1.286866098233
   582 -1.286866098233
   583 -1.286866098233
   584 -1.286866098233
   585 -1.286866098233
   586 -1.286866098233
   587 -1.286866098233
   588 -1.286866098233
   589 -1.286866098233
   590 -1.286866098233
   591 -1.286866098233
   592 -1.286866098233
   593 -1.286866098233
   594 -1.286866098233
   595 -1.286866098233
   596 -1.286866098233
   597 -1.286866098233
   598 -1.286866098233
   599 -1.286866098233
   600 -1.286866098233
   601 -1.286866098233
   602 -1.286866098233
   603 -1.286866098233
   604 -1.286866098233
   605 -1.286866098233
   606 -1.286866098233
   607 -1.286866098233
   608 -1.286866098233
   609 -1.286866098233
   610 -1.286866098233
   611 -1.286866098233
   612 -1.286866098233
   613 -1.286866098233
   614 -1.286866098233
   615 -1.286866098233
   616 -1.286866098233
   617 -1.286866098233
   618 -1.286866098233
   619 -1.286866098233
   620 -1.286866098233
   621 -1.286866098233
   622 -1.286866098233
   623 -1.286866098233
   624 -1.286866098233
   625 -1.286866098233
   626 -1.286866098233
   627 -1.286866098233
   628 -1.286866098233
   629 -1.286866098233
   630 -1.286866098233
   631 -1.286866098233
   632 -1.286866098233
   633 -1.286866098233
   634 -1.286866098233
   635 -1.286866098233
   636 -1.286866098233
   637 -1.286866098233
   638 -1.286866098233
   639 -1.286866098233
   640 -1.286866098233
   641 -1.286866098233
   642 -1.286866098233
   643 -1.286866098233
   644 -1.286866098233
   645 -1.286866098233
   646 -1.286866098233
   647 -1.286866098233
   648 -1.286866098233
   649 -1.286866098233
   650 -1.286866098233
   651 -1.286866098233
   652 -1.286866098233
   653 -1.286866098233
   654 -1.286866098233
   655 -1.286866098233
   656 -1.286866098233
   657 -1.286866098233
   658 -1.286866098233
   659 -1.286866098233
   660 -1.286866098233
   661 -1.286866098233
   662 -1.286866098233
   663 -1.286866098233
   664 -1.286866098233
   665 -1.286866098233
   666 -1.286866098233
   667 -1.286866098233
   668 -1.286866098233
   669 -1.286866098233
   670 -1.286866098233
   671 -1.286866098233
   672 -1.286866098233
   673 -1.286866098233
   674 -1.286866098233
   675 -1.286866098233
   676 -1.286866098233
   677 -1.286866098233
   678 -1.286866098233
   679 -1.286866098233
   680 -1.286866098233
   681 -1.286866098233
   682 -1.286866098233
   683 -1.286866098233
   684 -1.286866098233
   685 -1.286866098233
   686 -1.286866098233
   687 -1.286866098233
   688 -1.286866098233
   689 -1.286866098233
   690 -1.286866098233
   691 -1.286866098233
   692 -1.286866098233
   693 -1.286866098233
   694 -1.286866098233
   695 -1.286866098233
   696 -1.286866098233
   697 -1.286866098233
   698 -1.286866098233
   699 -1.286866098233
   700 -1.286866098233
   701 -1.286866098233
   702 -1.286866098233
   703 -1.286866098233
   704 -1.286866098233
   705 -1.286866098233
   706 -1.286866098233
   707 -1.286866098233
   708 -1.286866098233
   709 -1.286866098233
   710 -1.286866098233
   711 -1.286866098233
   712 -1.286866098233
   713 -1.286866098233
   714 -1.286866098233
   715 -1.286866098233
   716 -1.286866098233
   717 -1.286866098233
   718 -1.286866098233
   719 -1.286866098233
   720 -1.286866098233
   721 -1.286866098233
   722 -1.286866098233
   723 -1.286866098233
   724 -1.286866098233
   725 -1.286866098233
   726 -1.286866098233
   727 -1.286866098233
   728 -1.286866098233
   729 -1.286866098233
   730 -1.286866098233
   731 -1.286866098233
   732 -1.286866098233
   733 -1.286866098233
   734 -1.286866098233
   735 -1.286866098233
   736 -1.286866098233
   737 -1.286866098233
   738 -1.286866098233
   739 -1.286866098233
   740 -1.286866098233
   741 -1.286866098233
   742 -1.286866098233
   743 -1.286866098233
   744 -1.286866098233
   745 -1.286866098233
   746 -1.286866098233
   747 -1.286866098233
   748 -1.286866098233
   749 -1.286866098233
   750 -1.286866098233
   751 -1.286866098233
   752 -1.286866098233
   753 -1.286866098233
   754 -1.286866098233
   755 -1.286866098233
   756 -1.286866098233
   757 -1.286866098233
   758 -1.286866098233
   759 -1.286866098233
   760 -1.286866098233
   761 -1.286866098233
   762 -1.286866098233
   763 -1.286866098233
   764 -1.286866098233
   765 -1.286866098233
   766 -1.286866098233
   767 -1.286866098233
   768 -1.286866098233
   769 -1.286866098233
   770 -1.286866098233
   771 -1.286866098233
   772 -1.286866098233
   773 -1.286866098233
   774 -1.286866098233
   775 -1.286866098233
   776 -1.286866098233
   777 -1.286866098233
   778 -1.286866098233
   779 -1.286866098233
   780 -1.286866098233
   781 -1.286866098233
   782 -1.286866098233
   783 -1.286866098233
   784 -1.286866098233
   785 -1.286866098233
   786 -1.286866098233
   787 -1.286866098233
   788 -1.286866098233
   789 -1.286866098233
   790 -1.286866098233
   791 -1.286866098233
   792 -1.286866098233
   793 -1.286866098233
   794 -1.286866098233
   795 -1.286866098233
   796 -1.286866098233
   797 -1.286866098233
   798 -1.286866098233
   799 -1.286866098233
   800 -1.286866098233
   801 -1.286866098233
   802 -1.286866098233
   803 -1.286866098233
   804 -1.286866098233
   805 -1.286866098233
   806 -1.286866098233
   807 -1.286866098233
   808 -1.286866098233
   809 -1.286866098233
   810 -1.286866098233
   811 -1.286866098233
   812 -1.286866098233
   813 -1.286866098233
   814 -1.286866098233
   815 -1.286866098233
   816 -1.286866098233
   817 -1.286866098233
   818 -1.286866098233
   819 -1.286866098233
   820 -1.286866098233
   821 -1.286866098233
   822 -1.286866098233
   823 -1.286866098233
   824 -1.286866098233
   825 -1.286866098233
   826 -1.286866098233
   827 -1.286866098233
   828 -1.286866098233
   829 -1.286866098233
   830 -1.286866098233
   831 -1.286866098233
   832 -1.286866098233
   833 -1.286866098233
   834 -1.286866098233
   835 -1.286866098233
   836 -1.286866098233
   837 -1.286866098233
   838 -1.286866098233
   839 -1.286866098233
   840 -1.286866098233
   841 -1.286866098233
   842 -1.286866098233
   843 -1.286866098233
   844 -1.286866098233
   845 -1.286866098233
   846 -1.286866098233
   847 -1.286866098233
   848 -1.286866098233
   849 -1.286866098233
   850 -1.286866098233
   851 -1.286866098233
   852 -1.286866098233
   853 -1.286866098233
   854 -1.286866098233
   855 -1.286866098233
   856 -1.286866098233
   857 -1.286866098233
   858 -1.286866098233
   859 -1.286866098233
   860 -1.286866098233
   861 -1.286866098233
   862 -1.286866098233
   863 -1.286866098233
   864 -1.286866098233
   865 -1.286866098233
   866 -1.286866098233
   867 -1.286866098233
   868 -1.286866098233
   869 -1.286866098233
   870 -1.286866098233
   871 -1.286866098233
   872 -1.286866098233
   873 -1.286866098233
   874 -1.286866098233
   875 -1.286866098233
   876 -1.286866098233
   877 -1.286866098233
   878 -1.286866098233
   879 -1.286866098233
   880 -1.286866098233
   881 -1.286866098233
   882 -1.286866098233
   883 -1.286866098233
   884 -1.286866098233
   885 -1.286866098233
   886 -1.286866098233
   887 -1.286866098233
   888 -1.286866098233
   889 -1.286866098233
   890 -1.286866098233
   891 -1.286866098233
   892 -1.286866098233
   893 -1.286866098233
   894 -1.286866098233
   895 -1.286866098233
   896 -1.286866098233
   897 -1.286866098233
   898 -1.286866098233
   899 -1.286866098233
   900 -1.286866098233
   901 -1.286866098233
   902 -1.286866098233
   903 -1.286866098233
   904 -1.286866098233
   905 -1.286866098233
   906 -1.286866098233
   907 -1.286866098233
   908 -1.286866098233
   909 -1.286866098233
   910 -1.286866098233
   911 -1.286866098233
   912 -1.286866098233
   913 -1.286866098233
   914 -1.286866098233
   915 -1.286866098233
   916 -1.286866098233
   917 -1.286866098233
   918 -1.286866098233
   919 -1.286866098233
   920 -1.286866098233
   921 -1.286866098233
   922 -1.286866098233
   923 -1.286866098233
   924 -1.286866098233
   925 -1.286866098233
   926 -1.286866098233
   927 -1.286866098233
   928 -1.286866098233
   929 -1.286866098233
   930 -1.286866098233
   931 -1.286866098233
   932 -1.286866098233
   933 -1.286866098233
   934 -1.286866098233
   935 -1.286866098233
   936 -1.286866098233
   937 -1.286866098233
   938 -1.286866098233
   939 -1.286866098233
   940 -1.286866098233
   941 -1.286866098233
   942 -1.286866098233
   943 -1.286866098233
   944 -1.286866098233
   945 -1.286866098233
   946 -1.286866098233
   947 -1.286866098233
   948 -1.286866098233
   949 -1.286866098233
   950 -1.286866098233
   951 -1.286866098233
   952 -1.286866098233
   953 -1.286866098233
   954 -1.286866098233
   955 -1.286866098233
   956 -1.286866098233
   957 -1.286866098233
   958 -1.286866098233
   959 -1.286866098233
   960 -1.286866098233
   961 -1.286866098233
   962 -1.286866098233
   963 -1.286866098233
   964 -1.286866098233
   965 -1.286866098233
   966 -1.286866098233
   967 -1.286866098233
   968 -1.286866098233
   969 -1.286866098233
   970 -1.286866098233
   971 -1.286866098233
   972 -1.286866098233
   973 -1.286866098233
   974 -1.286866098233
   975 -1.286866098233
   976 -1.286866098233
   977 -1.286866098233
   978 -1.286866098233
   979 -1.286866098233
   980 -1.286866098233
   981 -1.286866098233
   982 -1.286866098233
   983 -1.286866098233
   984 -1.286866098233
   985 -1.286866098233
   986 -1.286866098233
   987 -1.286866098233
   988 -1.286866098233
   989 -1.286866098233
   990 -1.286866098233
   991 -1.286866098233
   992 -1.286866098233
   993 -1.286866098233
   994 -1.286866098233
   995 -1.286866098233
   996 -1.286866098233
   997 -1.286866098233
   998 -1.286866098233
   999 -1.286866098233
  1000 -1.286866098233
  1001 -1.286866098233
  1002 -1.286866098233
  1003 -1.286866098233
  1004 -1.286866098233
  1005 -1.286866098233
  1006 -1.286866098233
  1007 -1.286866098233
  1008 -1.286866098233
  1009 -1.286866098233
  1010 -1.286866098233
  1011 -1.286866098233
  1012 -1.286866098233
  1013 -1.286866098233
  1014 -1.286866098233
  1015 -1.286866098233
  1016 -1.286866098233
  1017 -1.286866098233
  1018 -1.286866098233
  1019 -1.286866098233
  1020 -1.286866098233
  1021 -1.286866098233
  1022 -1.286866098233
  1023 -1.286866098233
  1024 -1.286866098233
  1025 -1.286866098233
  1026 -1.286866098233
  1027 -1.286866098233
  1028 -1.286866098233
  1029 -1.286866098233
  1030 -1.286866098233
  1031 -1.286866098233
  1032 -1.286866098233
  1033 -1.286866098233
  1034 -1.286866098233
  1035 -1.286866098233
  1036 -1.286866098233
  1037 -1.286866098233
  1038 -1.286866098233
  1039 -1.286866098233
  1040 -1.286866098233
  1041 -1.286866098233
  1042 -1.286866098233
  1043 -1.286866098233
  1044 -1.286866098233
  1045 -1.286866098233
  1046 -1.286866098233
  1047 -1.286866098233
  1048 -1.286866098233
  1049 -1.286866098233
  1050 -1.286866098233
  1051 -1.286866098233
  1052 -1.286866098233
  1053 -1.286866098233
  1054 -1.286866098233
  1055 -1.286866098233
  1056 -1.286866098233
  1057 -1.286866098233
  1058 -1.286866098233
  1059 -1.286866098233
  1060 -1.286866098233
  1061 -1.286866098233
  1062 -1.286866098233
  1063 -1.286866098233
  1064 -1.286866098233
  1065 -1.286866098233
  1066 -1.286866098233
  1067 -1.286866098233
  1068 -1.286866098233
  1069 -1.286866098233
  1070 -1.286866098233
  1071 -1.286866098233
  1072 -1.286866098233
  1073 -1.286866098233
  1074 -1.286866098233
  1075 -1.286866098233
  1076 -1.286866098233
  1077 -1.286866098233
  1078 -1.286866098233
  1079 -1.286866098233
  1080 -1.286866098233
  1081 -1.286866098233
  1082 -1.286866098233
  1083 -1.286866098233
  1084 -1.286866098233
  1085 -1.286866098233
  1086 -1.286866098233
  1087 -1.286866098233
  1088 -1.286866098233
  1089 -1.286866098233
  1090 -1.286866098233
  1091 -1.286866098233
  1092 -1.286866098233
  1093 -1.286866098233
  1094 -1.286866098233
  1095 -1.286866098233
  1096 -1.286866098233
  1097 -1.286866098233
  1098 -1.286866098233
  1099 -1.286866098233
  1100 -1.286866098233
  1101 -1.286866098233
  1102 -1.286866098233
  1103 -1.286866098233
  1104 -1.286866098233
  1105 -1.286866098233
  1106 -1.286866098233
  1107 -1.286866098233
  1108 -1.286866098233
  1109 -1.286866098233
  1110 -1.286866098233
  1111 -1.286866098233
  1112 -1.286866098233
  1113 -1.286866098233
  1114 -1.286866098233
  1115 -1.286866098233
  1116 -1.286866098233
  1117 -1.286866098233
  1118 -1.286866098233
  1119 -1.286866098233
  1120 -1.286866098233
  1121 -1.286866098233
  1122 -1.286866098233
  1123 -1.286866098233
  1124 -1.286866098233
  1125 -1.286866098233
  1126 -1.286866098233
  1127 -1.286866098233
  1128 -1.286866098233
  1129 -1.286866098233
  1130 -1.286866098233
  1131 -1.286866098233
  1132 -1.286866098233
  1133 -1.286866098233
  1134 -1.286866098233
  1135 -1.286866098233
  1136 -1.286866098233
  1137 -1.286866098233
  1138 -1.286866098233
  1139 -1.286866098233
  1140 -1.286866098233
  1141 -1.286866098233
  1142 -1.286866098233
  1143 -1.286866098233
  1144 -1.286866098233
  1145 -1.286866098233
  1146 -1.286866098233
  1147 -1.286866098233
  1148 -1.286866098233
  1149 -1.286866098233
  1150 -1.286866098233
  1151 -1.286866098233
  1152 -1.286866098233
  1153 -1.286866098233
  1154 -1.286866098233
  1155 -1.286866098233
  1156 -1.286866098233
  1157 -1.286866098233
  1158 -1.286866098233
  1159 -1.286866098233
  1160 -1.286866098233
  1161 -1.286866098233
  1162 -1.286866098233
  1163 -1.286866098233
  1164 -1.286866098233
  1165 -1.286866098233
  1166 -1.286866098233
  1167 -1.286866098233
  1168 -1.286866098233
  1169 -1.286866098233
  1170 -1.286866098233
  1171 -1.286866098233
  1172 -1.286866098233
  1173 -1.286866098233
  1174 -1.286866098233
  1175 -1.286866098233
  1176 -1.286866098233
  1177 -1.286866098233
  1178 -1.286866098233
  1179 -1.286866098233
  1180 -1.286866098233
  1181 -1.286866098233
  1182 -1.286866098233
  1183 -1.286866098233
  1184 -1.286866098233
  1185 -1.286866098233
  1186 -1.286866098233
  1187 -1.286866098233
  1188 -1.286866098233
  1189 -1.286866098233
  1190 -1.286866098233
  1191 -1.286866098233
  1192 -1.286866098233
  1193 -1.286866098233
  1194 -1.286866098233
  1195 -1.286866098233
  1196 -1.286866098233
  1197 -1.286866098233
  1198 -1.286866098233
  1199 -1.286866098233
  1200 -1.286866098233
  1201 -1.286866098233
  1202 -1.286866098233
  1203 -1.286866098233
  1204 -1.286866098233
  1205 -1.286866098233
  1206 -1.286866098233
  1207 -1.286866098233
  1208 -1.286866098233
  1209 -1.286866098233
  1210 -1.286866098233
  1211 -1.286866098233
  1212 -1.286866098233
  1213 -1.286866098233
  1214 -1.286866098233
  1215 -1.286866098233
  1216 -1.286866098233
  1217 -1.286866098233
  1218 -1.286866098233
  1219 -1.286866098233
  1220 -1.286866098233
  1221 -1.286866098233
  1222 -1.286866098233
  1223 -1.286866098233
  1224 -1.286866098233
  1225 -1.286866098233
  1226 -1.286866098233
  1227 -1.286866098233
  1228 -1.286866098233
  1229 -1.286866098233
  1230 -1.286866098233
  1231 -1.286866098233
  1232 -1.286866098233
  1233 -1.286866098233
  1234 -1.286866098233
  1235 -1.286866098233
  1236 -1.286866098233
  1237 -1.286866098233
  1238 -1.286866098233
  1239 -1.286866098233
  1240 -1.286866098233
  1241 -1.286866098233
  1242 -1.286866098233
  1243 -1.286866098233
  1244 -1.286866098233
  1245 -1.286866098233
  1246 -1.286866098233
  1247 -1.286866098233
  1248 -1.286866098233
  1249 -1.286866098233
  1250 -1.286866098233
  1251 -1.286866098233
  1252 -1.286866098233
  1253 -1.286866098233
  1254 -1.286866098233
  1255 -1.286866098233
  1256 -1.286866098233
  1257 -1.286866098233
  1258 -1.286866098233
  1259 -1.286866098233
  1260 -1.286866098233
  1261 -1.286866098233
  1262 -1.286866098233
  1263 -1.286866098233
  1264 -1.286866098233
  1265 -1.286866098233
  1266 -1.286866098233
  1267 -1.286866098233
  1268 -1.286866098233
  1269 -1.286866098233
  1270 -1.286866098233
  1271 -1.286866098233
  1272 -1.286866098233
  1273 -1.286866098233
  1274 -1.286866098233
  1275 -1.286866098233
  1276 -1.286866098233
  1277 -1.286866098233
  1278 -1.286866098233
  1279 -1.286866098233
  1280 -1.286866098233
  1281 -1.286866098233
  1282 -1.286866098233
  1283 -1.286866098233
  1284 -1.286866098233
  1285 -1.286866098233
  1286 -1.286866098233
  1287 -1.286866098233
  1288 -1.286866098233
  1289 -1.286866098233
  1290 -1.286866098233
  1291 -1.286866098233
  1292 -1.286866098233
  1293 -1.286866098233
  1294 -1.286866098233
  1295 -1.286866098233
  1296 -1.286866098233
  1297 -1.286866098233
  1298 -1.286866098233
  1299 -1.286866098233
  1300 -1.286866098233
  1301 -1.286866098233
  1302 -1.286866098233
  1303 -1.286866098233
  1304 -1.286866098233
  1305 -1.286866098233
  1306 -1.286866098233
  1307 -1.286866098233
  1308 -1.286866098233
  1309 -1.286866098233
  1310 -1.286866098233
  1311 -1.286866098233
  1312 -1.286866098233
  1313 -1.286866098233
  1314 -1.286866098233
  1315 -1.286866098233
  1316 -1.286866098233
  1317 -1.286866098233
  1318 -1.286866098233
  1319 -1.286866098233
  1320 -1.286866098233
  1321 -1.286866098233
  1322 -1.286866098233
  1323 -1.286866098233
  1324 -1.286866098233
  1325 -1.286866098233
  1326 -1.286866098233
  1327 -1.286866098233
  1328 -1.286866098233
  1329 -1.286866098233
  1330 -1.286866098233
  1331 -1.286866098233
  1332 -1.286866098233
  1333 -1.286866098233
  1334 -1.286866098233
  1335 -1.286866098233
  1336 -1.286866098233
  1337 -1.286866098233
  1338 -1.286866098233
  1339 -1.286866098233
  1340 -1.286866098233
  1341 -1.286866098233
  1342 -1.286866098233
  1343 -1.286866098233
  1344 -1.286866098233
  1345 -1.286866098233
  1346 -1.286866098233
  1347 -1.286866098233
  1348 -1.286866098233
  1349 -1.286866098233
  1350 -1.286866098233
  1351 -1.286866098233
  1352 -1.286866098233
  1353 -1.286866098233
  1354 -1.286866098233
  1355 -1.286866098233
  1356 -1.286866098233
  1357 -1.286866098233
  1358 -1.286866098233
  1359 -1.286866098233
  1360 -1.286866098233
  1361 -1.286866098233
  1362 -1.286866098233
  1363 -1.286866098233
  1364 -1.286866098233
  1365 -1.286866098233
  1366 -1.286866098233
  1367 -1.286866098233
  1368 -1.286866098233
  1369 -1.286866098233
  1370 -1.286866098233
  1371 -1.286866098233
  1372 -1.286866098233
  1373 -1.286866098233
  1374 -1.286866098233
  1375 -1.286866098233
  1376 -1.286866098233
  1377 -1.286866098233
  1378 -1.286866098233
  1379 -1.286866098233
  1380 -1.286866098233
  1381 -1.286866098233
  1382 -1.286866098233
  1383 -1.286866098233
  1384 -1.286866098233
  1385 -1.286866098233
  1386 -1.286866098233
  1387 -1.286866098233
  1388 -1.286866098233
  1389 -1.286866098233
  1390 -1.286866098233
  1391 -1.286866098233
  1392 -1.286866098233
  1393 -1.286866098233
  1394 -1.286866098233
  1395 -1.286866098233
  1396 -1.286866098233
  1397 -1.286866098233
  1398 -1.286866098233
  1399 -1.286866098233
  1400 -1.286866098233
  1401 -1.286866098233
  1402 -1.286866098233
  1403 -1.286866098233
  1404 -1.286866098233
  1405 -1.286866098233
  1406 -1.286866098233
  1407 -1.286866098233
  1408 -1.286866098233
  1409 -1.286866098233
  1410 -1.286866098233
  1411 -1.286866098233
  1412 -1.286866098233
  1413 -1.286866098233
  1414 -1.286866098233
  1415 -1.286866098233
  1416 -1.286866098233
  1417 -1.286866098233
  1418 -1.286866098233
  1419 -1.286866098233
  1420 -1.286866098233
  1421 -1.286866098233
  1422 -1.286866098233
  1423 -1.286866098233
  1424 -1.286866098233
  1425 -1.286866098233
  1426 -1.286866098233
  1427 -1.286866098233
  1428 -1.286866098233
  1429 -1.286866098233
  1430 -1.286866098233
  1431 -1.286866098233
  1432 -1.286866098233
  1433 -1.286866098233
  1434 -1.286866098233
  1435 -1.286866098233
  1436 -1.286866098233
  1437 -1.286866098233
  1438 -1.286866098233
  1439 -1.286866098233
  1440 -1.286866098233
  1441 -1.286866098233
  1442 -1.286866098233
  1443 -1.286866098233
  1444 -1.286866098233
  1445 -1.286866098233
  1446 -1.286866098233
  1447 -1.286866098233
  1448 -1.286866098233
  1449 -1.286866098233
  1450 -1.286866098233
  1451 -1.286866098233
  1452 -1.286866098233
  1453 -1.286866098233
  1454 -1.286866098233
  1455 -1.286866098233
  1456 -1.286866098233
  1457 -1.286866098233
  1458 -1.286866098233
  1459 -1.286866098233
  1460 -1.286866098233
  1461 -1.286866098233
  1462 -1.286866098233
  1463 -1.286866098233
  1464 -1.286866098233
  1465 -1.286866098233
  1466 -1.286866098233
  1467 -1.286866098233
  1468 -1.286866098233
  1469 -1.286866098233
  1470 -1.286866098233
  1471 -1.286866098233
  1472 -1.286866098233
  1473 -1.286866098233
  1474 -1.286866098233
  1475 -1.286866098233
  1476 -1.286866098233
  1477 -1.286866098233
  1478 -1.286866098233
  1479 -1.286866098233
  1480 -1.286866098233
  1481 -1.286866098233
  1482 -1.286866098233
  1483 -1.286866098233
  1484 -1.286866098233
  1485 -1.286866098233
  1486 -1.286866098233
  1487 -1.286866098233
  1488 -1.286866098233
  1489 -1.286866098233
  1490 -1.286866098233
  1491 -1.286866098233
  1492 -1.286866098233
  1493 -1.286866098233
  1494 -1.286866098233
  1495 -1.286866098233
  1496 -1.286866098233
  1497 -1.286866098233
  1498 -1.286866098233
  1499 -1.286866098233
  1500 -1.286866098233
  1501 -1.286866098233
  1502 -1.286866098233
  1503 -1.286866098233
  1504 -1.286866098233
  1505 -1.286866098233
  1506 -1.286866098233
  1507 -1.286866098233
  1508 -1.286866098233
  1509 -1.286866098233
  1510 -1.286866098233
  1511 -1.286866098233
  1512 -1.286866098233
  1513 -1.286866098233
  1514 -1.286866098233
  1515 -1.286866098233
  1516 -1.286866098233
  1517 -1.286866098233
  1518 -1.286866098233
  1519 -1.286866098233
  1520 -1.286866098233
  1521 -1.286866098233
  1522 -1.286866098233
  1523 -1.286866098233
  1524 -1.286866098233
  1525 -1.286866098233
  1526 -1.286866098233
  1527 -1.286866098233
  1528 -1.286866098233
  1529 -1.286866098233
  1530 -1.286866098233
  1531 -1.286866098233
  1532 -1.286866098233
  1533 -1.286866098233
  1534 -1.286866098233
  1535 -1.286866098233
  1536 -1.286866098233
  1537 -1.286866098233
  1538 -1.286866098233
  1539 -1.286866098233
  1540 -1.286866098233
  1541 -1.286866098233
  1542 -1.286866098233
  1543 -1.286866098233
  1544 -1.286866098233
  1545 -1.286866098233
  1546 -1.286866098233
  1547 -1.286866098233
  1548 -1.286866098233
  1549 -1.286866098233
  1550 -1.286866098233
  1551 -1.286866098233
  1552 -1.286866098233
  1553 -1.286866098233
  1554 -1.286866098233
  1555 -1.286866098233
  1556 -1.286866098233
  1557 -1.286866098233
  1558 -1.286866098233
  1559 -1.286866098233
  1560 -1.286866098233
  1561 -1.286866098233
  1562 -1.286866098233
  1563 -1.286866098233
  1564 -1.286866098233
  1565 -1.286866098233
  1566 -1.286866098233
  1567 -1.286866098233
  1568 -1.286866098233
  1569 -1.286866098233
  1570 -1.286866098233
  1571 -1.286866098233
  1572 -1.286866098233
  1573 -1.286866098233
  1574 -1.286866098233
  1575 -1.286866098233
  1576 -1.286866098233
  1577 -1.286866098233
  1578 -1.286866098233
  1579 -1.286866098233
  1580 -1.286866098233
  1581 -1.286866098233
  1582 -1.286866098233
  1583 -1.286866098233
  1584 -1.286866098233
  1585 -1.286866098233
  1586 -1.286866098233
  1587 -1.286866098233
  1588 -1.286866098233
  1589 -1.286866098233
  1590 -1.286866098233
  1591 -1.286866098233
  1592 -1.286866098233
  1593 -1.286866098233
  1594 -1.286866098233
  1595 -1.286866098233
  1596 -1.286866098233
  1597 -1.286866098233
  1598 -1.286866098233
  1599 -1.286866098233
  1600 -1.286866098233
  1601 -1.286866098233
  1602 -1.286866098233
  1603 -1.286866098233
  1604 -1.286866098233
  1605 -1.286866098233
  1606 -1.286866098233
  1607 -1.286866098233
  1608 -1.286866098233
  1609 -1.286866098233
  1610 -1.286866098233
  1611 -1.286866098233
  1612 -1.286866098233
  1613 -1.286866098233
  1614 -1.286866098233
  1615 -1.286866098233
  1616 -1.286866098233
  1617 -1.286866098233
  1618 -1.286866098233
  1619 -1.286866098233
  1620 -1.286866098233
  1621 -1.286866098233
  1622 -1.286866098233
  1623 -1.286866098233
  1624 -1.286866098233
  1625 -1.286866098233
  1626 -1.286866098233
  1627 -1.286866098233
  1628 -1.286866098233
  1629 -1.286866098233
  1630 -1.286866098233
  1631 -1.286866098233
  1632 -1.286866098233
  1633 -1.286866098233
  1634 -1.286866098233
  1635 -1.286866098233
  1636 -1.286866098233
  1637 -1.286866098233
  1638 -1.286866098233
  1639 -1.286866098233
  1640 -1.286866098233
  1641 -1.286866098233
  1642 -1.286866098233
  1643 -1.286866098233
  1644 -1.286866098233
  1645 -1.286866098233
  1646 -1.286866098233
  1647 -1.286866098233
  1648 -1.286866098233
  1649 -1.286866098233
  1650 -1.286866098233
  1651 -1.286866098233
  1652 -1.286866098233
  1653 -1.286866098233
  1654 -1.286866098233
  1655 -1.286866098233
  1656 -1.286866098233
  1657 -1.286866098233
  1658 -1.286866098233
  1659 -1.286866098233
  1660 -1.286866098233
  1661 -1.286866098233
  1662 -1.286866098233
  1663 -1.286866098233
  1664 -1.286866098233
  1665 -1.286866098233
  1666 -1.286866098233
  1667 -1.286866098233
  1668 -1.286866098233
  1669 -1.286866098233
  1670 -1.286866098233
  1671 -1.286866098233
  1672 -1.286866098233
  1673 -1.286866098233
  1674 -1.286866098233
  1675 -1.286866098233
  1676 -1.286866098233
  1677 -1.286866098233
  1678 -1.286866098233
  1679 -1.286866098233
  1680 -1.286866098233
  1681 -1.286866098233
  1682 -1.286866098233
  1683 -1.286866098233
  1684 -1.286866098233
  1685 -1.286866098233
  1686 -1.286866098233
  1687 -1.286866098233
  1688 -1.286866098233
  1689 -1.286866098233
  1690 -1.286866098233
  1691 -1.286866098233
  1692 -1.286866098233
  1693 -1.286866098233
  1694 -1.286866098233
  1695 -1.286866098233
  1696 -1.286866098233
  1697 -1.286866098233
  1698 -1.286866098233
  1699 -1.286866098233
  1700 -1.286866098233
  1701 -1.286866098233
  1702 -1.286866098233
  1703 -1.286866098233
  1704 -1.286866098233
  1705 -1.286866098233
  1706 -1.286866098233
  1707 -1.286866098233
  1708 -1.286866098233
  1709 -1.286866098233
  1710 -1.286866098233
  1711 -1.286866098233
  1712 -1.286866098233
  1713 -1.286866098233
  1714 -1.286866098233
  1715 -1.286866098233
  1716 -1.286866098233
  1717 -1.286866098233
  1718 -1.286866098233
  1719 -1.286866098233
  1720 -1.286866098233
  1721 -1.286866098233
  1722 -1.286866098233
  1723 -1.286866098233
  1724 -1.286866098233
  1725 -1.286866098233
  1726 -1.286866098233
  1727 -1.286866098233
  1728 -1.286866098233
  1729 -1.286866098233
  1730 -1.286866098233
  1731 -1.286866098233
  1732 -1.286866098233
  1733 -1.286866098233
  1734 -1.286866098233
  1735 -1.286866098233
  1736 -1.286866098233
  1737 -1.286866098233
  1738 -1.286866098233
  1739 -1.286866098233
  1740 -1.286866098233
  1741 -1.286866098233
  1742 -1.286866098233
  1743 -1.286866098233
  1744 -1.286866098233
  1745 -1.286866098233
  1746 -1.286866098233
  1747 -1.286866098233
  1748 -1.286866098233
  1749 -1.286866098233
  1750 -1.286866098233
  1751 -1.286866098233
  1752 -1.286866098233
  1753 -1.286866098233
  1754 -1.286866098233
  1755 -1.286866098233
  1756 -1.286866098233
  1757 -1.286866098233
  1758 -1.286866098233
  1759 -1.286866098233
  1760 -1.286866098233
  1761 -1.286866098233
  1762 -1.286866098233
  1763 -1.286866098233
  1764 -1.286866098233
  1765 -1.286866098233
  1766 -1.286866098233
  1767 -1.286866098233
  1768 -1.286866098233
  1769 -1.286866098233
  1770 -1.286866098233
  1771 -1.286866098233
  1772 -1.286866098233
  1773 -1.286866098233
  1774 -1.286866098233
  1775 -1.286866098233
  1776 -1.286866098233
  1777 -1.286866098233
  1778 -1.286866098233
  1779 -1.286866098233
  1780 -1.286866098233
  1781 -1.286866098233
  1782 -1.286866098233
  1783 -1.286866098233
  1784 -1.286866098233
  1785 -1.286866098233
  1786 -1.286866098233
  1787 -1.286866098233
  1788 -1.286866098233
  1789 -1.286866098233
  1790 -1.286866098233
  1791 -1.286866098233
  1792 -1.286866098233
  1793 -1.286866098233
  1794 -1.286866098233
  1795 -1.286866098233
  1796 -1.286866098233
  1797 -1.286866098233
  1798 -1.286866098233
  1799 -1.286866098233
  1800 -1.286866098233
  1801 -1.286866098233
  1802 -1.286866098233
  1803 -1.286866098233
  1804 -1.286866098233
  1805 -1.286866098233
  1806 -1.286866098233
  1807 -1.286866098233
  1808 -1.286866098233
  1809 -1.286866098233
  1810 -1.286866098233
  1811 -1.286866098233
  1812 -1.286866098233
  1813 -1.286866098233
  1814 -1.286866098233
  1815 -1.286866098233
  1816 -1.286866098233
  1817 -1.286866098233
  1818 -1.286866098233
  1819 -1.286866098233
  1820 -1.286866098233
  1821 -1.286866098233
  1822 -1.286866098233
  1823 -1.286866098233
  1824 -1.286866098233
  1825 -1.286866098233
  1826 -1.286866098233
  1827 -1.286866098233
  1828 -1.286866098233
  1829 -1.286866098233
  1830 -1.286866098233
  1831 -1.286866098233
  1832 -1.286866098233
  1833 -1.286866098233
  1834 -1.286866098233
  1835 -1.286866098233
  1836 -1.286866098233
  1837 -1.286866098233
  1838 -1.286866098233
  1839 -1.286866098233
  1840 -1.286866098233
  1841 -1.286866098233
  1842 -1.286866098233
  1843 -1.286866098233
  1844 -1.286866098233
  1845 -1.286866098233
  1846 -1.286866098233
  1847 -1.286866098233
  1848 -1.286866098233
  1849 -1.286866098233
  1850 -1.286866098233
  1851 -1.286866098233
  1852 -1.286866098233
  1853 -1.286866098233
  1854 -1.286866098233
  1855 -1.286866098233
  1856 -1.286866098233
  1857 -1.286866098233
  1858 -1.286866098233
  1859 -1.286866098233
  1860 -1.286866098233
  1861 -1.286866098233
  1862 -1.286866098233
  1863 -1.286866098233
  1864 -1.286866098233
  1865 -1.286866098233
  1866 -1.286866098233
  1867 -1.286866098233
  1868 -1.286866098233
  1869 -1.286866098233
  1870 -1.286866098233
  1871 -1.286866098233
  1872 -1.286866098233
  1873 -1.286866098233
  1874 -1.286866098233
  1875 -1.286866098233
  1876 -1.286866098233
  1877 -1.286866098233
  1878 -1.286866098233
  1879 -1.286866098233
  1880 -1.286866098233
  1881 -1.286866098233
  1882 -1.286866098233
  1883 -1.286866098233
  1884 -1.286866098233
  1885 -1.286866098233
  1886 -1.286866098233
  1887 -1.286866098233
  1888 -1.286866098233
  1889 -1.286866098233
  1890 -1.286866098233
  1891 -1.286866098233
  1892 -1.286866098233
  1893 -1.286866098233
  1894 -1.286866098233
  1895 -1.286866098233
  1896 -1.286866098233
  1897 -1.286866098233
  1898 -1.286866098233
  1899 -1.286866098233
  1900 -1.286866098233
  1901 -1.286866098233
  1902 -1.286866098233
  1903 -1.286866098233
  1904 -1.286866098233
  1905 -1.286866098233
  1906 -1.286866098233
  1907 -1.286866098233
  1908 -1.286866098233
  1909 -1.286866098233
  1910 -1.286866098233
  1911 -1.286866098233
  1912 -1.286866098233
  1913 -1.286866098233
  1914 -1.286866098233
  1915 -1.286866098233
  1916 -1.286866098233
  1917 -1.286866098233
  1918 -1.286866098233
  1919 -1.286866098233
  1920 -1.286866098233
  1921 -1.286866098233
  1922 -1.286866098233
  1923 -1.286866098233
  1924 -1.286866098233
  1925 -1.286866098233
  1926 -1.286866098233
  1927 -1.286866098233
  1928 -1.286866098233
  1929 -1.286866098233
  1930 -1.286866098233
  1931 -1.286866098233
  1932 -1.286866098233
  1933 -1.286866098233
  1934 -1.286866098233
  1935 -1.286866098233
  1936 -1.286866098233
  1937 -1.286866098233
  1938 -1.286866098233
  1939 -1.286866098233
  1940 -1.286866098233
  1941 -1.286866098233
  1942 -1.286866098233
  1943 -1.286866098233
  1944 -1.286866098233
  1945 -1.286866098233
  1946 -1.286866098233
  1947 -1.286866098233
  1948 -1.286866098233
  1949 -1.286866098233
  1950 -1.286866098233
  1951 -1.286866098233
  1952 -1.286866098233
  1953 -1.286866098233
  1954 -1.286866098233
  1955 -1.286866098233
  1956 -1.286866098233
  1957 -1.286866098233
  1958 -1.286866098233
  1959 -1.286866098233
  1960 -1.286866098233
  1961 -1.286866098233
  1962 -1.286866098233
  1963 -1.286866098233
  1964 -1.286866098233
  1965 -1.286866098233
  1966 -1.286866098233
  1967 -1.286866098233
  1968 -1.286866098233
  1969 -1.286866098233
  1970 -1.286866098233
  1971 -1.286866098233
  1972 -1.286866098233
  1973 -1.286866098233
  1974 -1.286866098233
  1975 -1.286866098233
  1976 -1.286866098233
  1977 -1.286866098233
  1978 -1.286866098233
  1979 -1.286866098233
  1980 -1.286866098233
  1981 -1.286866098233
  1982 -1.286866098233
  1983 -1.286866098233
  1984 -1.286866098233
  1985 -1.286866098233
  1986 -1.286866098233
  1987 -1.286866098233
  1988 -1.286866098233
  1989 -1.286866098233
  1990 -1.286866098233
  1991 -1.286866098233
  1992 -1.286866098233
  1993 -1.286866098233
  1994 -1.286866098233
  1995 -1.286866098233
  1996 -1.286866098233
  1997 -1.286866098233
  1998 -1.286866098233
  1999 -1.286866098233
  2000 -1.286866098233
