     1 -1.010126229895
     2 -1.420293823813
     3 -1.697378372808
     4 -1.837276178755
     5 -1.915636693960
     6 -1.963437585899
     7 -1.994738045902
     8 -2.016357416331
     9 -2.031839853593
    10 -2.043172034809
    11 -2.051598079114
    12 -2.057933275815
    13 -2.062726198772
    14 -2.066381317584
    15 -2.069186967897
    16 -2.071337756595
    17 -2.073002154510
    18 -2.074293754881
    19 -2.075296570336
    20 -2.076073529379
    21 -2.076683254545
    22 -2.077159253567
    23 -2.077526640168
    24 -2.077818842415
    25 -2.078048408094
    26 -2.078227873419
    27 -2.078369767404
    28 -2.078478269929
    29 -2.078565902716
    30 -2.078632668754
    31 -2.078691086902
    32 -2.078732813701
    33 -2.078766194552
    34 -2.078791229931
    35 -2.078812092463
    36 -2.078828782339
    37 -2.078841299680
    38 -2.078853816888
    39 -2.078862161686
    40 -2.078870506430
    41 -2.078870506490
    42 -2.078878851178
    43 -2.078878851203
    44 -2.078883023543
    45 -2.078883023553
    46 -2.078887195884
    47 -2.078887195888
    48 -2.078887195891
    49 -2.078887195892
    50 -2.078891368219
    51 -2.180740546930
    52 -2.067571570764
    53 -2.128209397845
    54 -2.126053501468
    55 -2.121448559525
    56 -2.113858900026
    57 -2.106840324047
    58 -2.100891612005
    59 -2.096106983714
    60 -2.092330041030
    61 -2.089373014394
    62 -2.087063734995
    63 -2.085260534576
    64 -2.083859704100
    65 -2.082767991877
    66 -2.081916030675
    67 -2.081254662805
    68 -2.080738527997
    69 -2.080334565069
    70 -2.080022101974
    71 -2.079776218686
    72 -2.079584467108
    73 -2.079434372114
    74 -2.079317614606
    75 -2.079225865603
    76 -2.079154962426
    77 -2.079096566385
    78 -2.079054853502
    79 -2.079021481424
    80 -2.078996451584
    81 -2.078971420228
    82 -2.078954732567
    83 -2.078942216630
    84 -2.078933872638
    85 -2.078925528405
    86 -2.078917184019
    87 -2.078913011862
    88 -2.078908839644
    89 -2.078904667387
    90 -2.078904667430
    91 -2.078900495133
    92 -2.078900495151
    93 -2.078896322837
    94 -2.078896322844
    95 -2.078896322848
    96 -2.078896322851
    97 -2.078896322853
    98 -2.078896322854
    99 -2.078896322855
   100 -2.078896322856
   101 -2.142856486649
   102 -2.171486143023
   103 -2.184268240894
   104 -2.169433088168
   105 -2.153731724329
   106 -2.140398210776
   107 -2.128600751885
   108 -2.118579582687
   109 -2.110325830610
   110 -2.103650427172
   111 -2.098319814418
   112 -2.094095611196
   113 -2.090767093505
   114 -2.088151099540
   115 -2.086111062929
   116 -2.084512500287
   117 -2.083265562810
   118 -2.082300500341
   119 -2.081542928112
   120 -2.080959904392
   121 -2.080501627775
   122 -2.080147399590
   123 -2.079872285684
   124 -2.079655485680
   125 -2.079488692604
   126 -2.079359412693
   127 -2.079259315629
   128 -2.079175893301
   129 -2.079117495862
   130 -2.079067437418
   131 -2.079029892419
   132 -2.079000689863
   133 -2.078975658248
   134 -2.078958970418
   135 -2.078942282042
   136 -2.078933937975
   137 -2.078925593693
   138 -2.078917249275
   139 -2.078913077097
   140 -2.078908904864
   141 -2.078904732598
   142 -2.078904732635
   143 -2.078900560333
   144 -2.078900560348
   145 -2.078900560358
   146 -2.078896388039
   147 -2.078896388042
   148 -2.078896388045
   149 -2.078896388046
   150 -2.078896388047
   151 -2.167935289378
   152 -2.071774248280
   153 -2.144833892398
   154 -2.154299472311
   155 -2.142862328310
   156 -2.129065495347
   157 -2.117662453598
   158 -2.108720361221
   159 -2.101817965860
   160 -2.096486387104
   161 -2.092366678760
   162 -2.089189596778
   163 -2.086748816561
   164 -2.084875230259
   165 -2.083447224176
   166 -2.082354218007
   167 -2.081522322495
   168 -2.080889664671
   169 -2.080406596031
   170 -2.080044158258
   171 -2.079769119836
   172 -2.079556534396
   173 -2.079398109642
   174 -2.079273015339
   175 -2.079181270395
   176 -2.079114541579
   177 -2.079060318839
   178 -2.079018606391
   179 -2.078989406806
   180 -2.078964377009
   181 -2.078947690293
   182 -2.078935174930
   183 -2.078926831287
   184 -2.078918487267
   185 -2.078910143012
   186 -2.078910143260
   187 -2.078901798766
   188 -2.078901798864
   189 -2.078901798927
   190 -2.078897626641
   191 -2.078897626665
   192 -2.078897626681
   193 -2.078897626691
   194 -2.078893454372
   195 -2.078893454376
   196 -2.078893454379
   197 -2.078893454380
   198 -2.078893454381
   199 -2.078893454382
   200 -2.078893454382
   201 -2.158436281498
   202 -2.088914571398
   203 -2.171966695923
   204 -2.174313087046
   205 -2.163834951102
   206 -2.149670593069
   207 -2.135898644497
   208 -2.124073039335
   209 -2.114423483627
   210 -2.106718217103
   211 -2.100629162281
   212 -2.095846415880
   213 -2.092108162743
   214 -2.089184440544
   215 -2.086908811469
   216 -2.085137998254
   217 -2.083756828159
   218 -2.082682852075
   219 -2.081849917645
   220 -2.081199980543
   221 -2.080691542492
   222 -2.080299707426
   223 -2.079991181458
   224 -2.079753499837
   225 -2.079570005516
   226 -2.079419856836
   227 -2.079307238529
   228 -2.079215469001
   229 -2.079148725386
   230 -2.079094493705
   231 -2.079052775835
   232 -2.079019400626
   233 -2.078990196490
   234 -2.078969336216
   235 -2.078952647770
   236 -2.078940131336
   237 -2.078931787028
   238 -2.078923442594
   239 -2.078915098081
   240 -2.078910925843
   241 -2.078906753573
   242 -2.078906753608
   243 -2.078902581305
   244 -2.078902581320
   245 -2.078898409003
   246 -2.078898409009
   247 -2.078898409013
   248 -2.078898409015
   249 -2.078894236691
   250 -2.078894236692
   251 -2.188776307390
   252 -2.121103172798
   253 -2.157281118954
   254 -2.163805588259
   255 -2.153439677969
   256 -2.140798841560
   257 -2.129095957452
   258 -2.119131454444
   259 -2.110936125626
   260 -2.104305207502
   261 -2.098984730956
   262 -2.094745444462
   263 -2.091380219773
   264 -2.088719627081
   265 -2.086616933127
   266 -2.084961576779
   267 -2.083663035481
   268 -2.082638635834
   269 -2.081838783020
   270 -2.081205354758
   271 -2.080709323451
   272 -2.080321593012
   273 -2.080017197589
   274 -2.079775317722
   275 -2.079591807255
   276 -2.079441648472
   277 -2.079324851492
   278 -2.079233077963
   279 -2.079162159491
   280 -2.079103753879
   281 -2.079062034989
   282 -2.079024486804
   283 -2.078999454579
   284 -2.078974421714
   285 -2.078957733098
   286 -2.078945216554
   287 -2.078932699850
   288 -2.078924355372
   289 -2.078916010830
   290 -2.078911838573
   291 -2.078907666291
   292 -2.078907666318
   293 -2.078903494011
   294 -2.078903494022
   295 -2.078899321703
   296 -2.078899321708
   297 -2.078899321710
   298 -2.078895149387
   299 -2.078895149388
   300 -2.078895149389
   301 -2.178224821293
   302 -2.164462619152
   303 -2.153283176990
   304 -2.145102092888
   305 -2.132245493217
   306 -2.121302191657
   307 -2.112521737548
   308 -2.105450069367
   309 -2.099803102252
   310 -2.095319853782
   311 -2.091774260857
   312 -2.088979030361
   313 -2.086778658100
   314 -2.085056275533
   315 -2.083709984415
   316 -2.082653592151
   317 -2.081833710997
   318 -2.081192441477
   319 -2.080688370893
   320 -2.080296654103
   321 -2.079992372349
   322 -2.079754734520
   323 -2.079567094605
   324 -2.079421134610
   325 -2.079308526329
   326 -2.079216762957
   327 -2.079150023128
   328 -2.079091621453
   329 -2.079049905022
   330 -2.079016530702
   331 -2.078991499442
   332 -2.078970639509
   333 -2.078953951275
   334 -2.078941434971
   335 -2.078933090744
   336 -2.078924746362
   337 -2.078916401880
   338 -2.078912229662
   339 -2.078908057404
   340 -2.078903885122
   341 -2.078903885149
   342 -2.078899712841
   343 -2.078899712852
   344 -2.078899712859
   345 -2.078895540538
   346 -2.078895540541
   347 -2.078895540542
   348 -2.078895540544
   349 -2.078895540544
   350 -2.078895540545
   351 -2.078895540545
   352 -2.078895540545
   353 -2.078895540545
   354 -2.078895540545
   355 -2.078895540545
   356 -2.078895540546
   357 -2.078895540546
   358 -2.078895540546
   359 -2.078895540546
   360 -2.078895540546
   361 -2.078895540546
   362 -2.078895540546
   363 -2.078895540546
   364 -2.078895540546
   365 -2.078895540546
   366 -2.078895540546
   367 -2.078895540546
   368 -2.078895540546
   369 -2.078895540546
   370 -2.078895540546
   371 -2.078895540546
   372 -2.078895540546
   373 -2.078895540546
   374 -2.078895540546
   375 -2.078895540546
   376 -2.078895540546
   377 -2.078895540546
   378 -2.078895540546
   379 -2.078895540546
   380 -2.078895540546
   381 -2.078895540546
   382 -2.078895540546
   383 -2.078895540546
   384 -2.078895540546
   385 -2.078895540546
   386 -2.078895540546
   387 -2.078895540546
   388 -2.078895540546
   389 -2.078895540546
   390 -2.078895540546
   391 -2.078895540546
   392 -2.078895540546
   393 -2.078895540546
   394 -2.078895540546
   395 -2.078895540546
   396 -2.078895540546
   397 -2.078895540546
   398 -2.078895540546
   399 -2.078895540546
   400 -2.078895540546
   401 -2.078895540546
   402 -2.078895540546
   403 -2.078895540546
   404 -2.078895540546
   405 -2.078895540546
   406 -2.078895540546
   407 -2.078895540546
   408 -2.078895540546
   409 -2.078895540546
   410 -2.078895540546
   411 -2.078895540546
   412 -2.078895540546
   413 -2.078895540546
   414 -2.078895540546
   415 -2.078895540546
   416 -2.078895540546
   417 -2.078895540546
   418 -2.078895540546
   419 -2.078895540546
   420 -2.078895540546
   421 -2.078895540546
   422 -2.078895540546
   423 -2.078895540546
   424 -2.078895540546
   425 -2.078895540546
   426 -2.078895540546
   427 -2.078895540546
   428 -2.078895540546
   429 -2.078895540546
   430 -2.078895540546
   431 -2.078895540546
   432 -2.078895540546
   433 -2.078895540546
   434 -2.078895540546
   435 -2.078895540546
   436 -2.078895540546
   437 -2.078895540546
   438 -2.078895540546
   439 -2.078895540546
   440 -2.078895540546
   441 -2.078895540546
   442 -2.078895540546
   443 -2.078895540546
   444 -2.078895540546
   445 -2.078895540546
   446 -2.078895540546
   447 -2.078895540546
   448 -2.078895540546
   449 -2.078895540546
   450 -2.078895540546
   451 -2.078895540546
   452 -2.078895540546
   453 -2.078895540546
   454 -2.078895540546
   455 -2.078895540546
   456 -2.078895540546
   457 -2.078895540546
   458 -2.078895540546
   459 -2.078895540546
   460 -2.078895540546
   461 -2.078895540546
   462 -2.078895540546
   463 -2.078895540546
   464 -2.078895540546
   465 -2.078895540546
   466 -2.078895540546
   467 -2.078895540546
   468 -2.078895540546
   469 -2.078895540546
   470 -2.078895540546
   471 -2.078895540546
   472 -2.078895540546
   473 -2.078895540546
   474 -2.078895540546
   475 -2.078895540546
   476 -2.078895540546
   477 -2.078895540546
   478 -2.078895540546
   479 -2.078895540546
   480 -2.078895540546
   481 -2.078895540546
   482 -2.078895540546
   483 -2.078895540546
   484 -2.078895540546
   485 -2.078895540546
   486 -2.078895540546
   487 -2.078895540546
   488 -2.078895540546
   489 -2.078895540546
   490 -2.078895540546
   491 -2.078895540546
   492 -2.078895540546
   493 -2.078895540546
   494 -2.078895540546
   495 -2.078895540546
   496 -2.078895540546
   497 -2.078895540546
   498 -2.078895540546
   499 -2.078895540546
   500 -2.078895540546
   501 -2.078895540546
   502 -2.078895540546
   503 -2.078895540546
   504 -2.078895540546
   505 -2.078895540546
   506 -2.078895540546
   507 -2.078895540546
   508 -2.078895540546
   509 -2.078895540546
   510 -2.078895540546
   511 -2.078895540546
   512 -2.078895540546
   513 -2.078895540546
   514 -2.078895540546
   515 -2.078895540546
   516 -2.078895540546
   517 -2.078895540546
   518 -2.078895540546
   519 -2.078895540546
   520 -2.078895540546
   521 -2.078895540546
   522 -2.078895540546
   523 -2.078895540546
   524 -2.078895540546
   525 -2.078895540546
   526 -2.078895540546
   527 -2.078895540546
   528 -2.078895540546
   529 -2.078895540546
   530 -2.078895540546
   531 -2.078895540546
   532 -2.078895540546
   533 -2.078895540546
   534 -2.078895540546
   535 -2.078895540546
   536 -2.078895540546
   537 -2.078895540546
   538 -2.078895540546
   539 -2.078895540546
   540 -2.078895540546
   541 -2.078895540546
   542 -2.078895540546
   543 -2.078895540546
   544 -2.078895540546
   545 -2.078895540546
   546 -2.078895540546
   547 -2.078895540546
   548 -2.078895540546
   549 -2.078895540546
   550 -2.078895540546
   551 -2.078895540546
   552 -2.078895540546
   553 -2.078895540546
   554 -2.078895540546
   555 -2.078895540546
   556 -2.078895540546
   557 -2.078895540546
   558 -2.078895540546
   559 -2.078895540546
   560 -2.078895540546
   561 -2.078895540546
   562 -2.078895540546
   563 -2.078895540546
   564 -2.078895540546
   565 -2.078895540546
   566 -2.078895540546
   567 -2.078895540546
   568 -2.078895540546
   569 -2.078895540546
   570 -2.078895540546
   571 -2.078895540546
   572 -2.078895540546
   573 -2.078895540546
   574 -2.078895540546
   575 -2.078895540546
   576 -2.078895540546
   577 -2.078895540546
   578 -2.078895540546
   579 -2.078895540546
   580 -2.078895540546
   581 -2.078895540546
   582 -2.078895540546
   583 -2.078895540546
   584 -2.078895540546
   585 -2.078895540546
   586 -2.078895540546
   587 -2.078895540546
   588 -2.078895540546
   589 -2.078895540546
   590 -2.078895540546
   591 -2.078895540546
   592 -2.078895540546
   593 -2.078895540546
   594 -2.078895540546
   595 -2.078895540546
   596 -2.078895540546
   597 -2.078895540546
   598 -2.078895540546
   599 -2.078895540546
   600 -2.078895540546
   601 -2.078895540546
   602 -2.078895540546
   603 -2.078895540546
   604 -2.078895540546
   605 -2.078895540546
   606 -2.078895540546
   607 -2.078895540546
   608 -2.078895540546
   609 -2.078895540546
   610 -2.078895540546
   611 -2.078895540546
   612 -2.078895540546
   613 -2.078895540546
   614 -2.078895540546
   615 -2.078895540546
   616 -2.078895540546
   617 -2.078895540546
   618 -2.078895540546
   619 -2.078895540546
   620 -2.078895540546
   621 -2.078895540546
   622 -2.078895540546
   623 -2.078895540546
   624 -2.078895540546
   625 -2.078895540546
   626 -2.078895540546
   627 -2.078895540546
   628 -2.078895540546
   629 -2.078895540546
   630 -2.078895540546
   631 -2.078895540546
   632 -2.078895540546
   633 -2.078895540546
   634 -2.078895540546
   635 -2.078895540546
   636 -2.078895540546
   637 -2.078895540546
   638 -2.078895540546
   639 -2.078895540546
   640 -2.078895540546
   641 -2.078895540546
   642 -2.078895540546
   643 -2.078895540546
   644 -2.078895540546
   645 -2.078895540546
   646 -2.078895540546
   647 -2.078895540546
   648 -2.078895540546
   649 -2.078895540546
   650 -2.078895540546
   651 -2.078895540546
   652 -2.078895540546
   653 -2.078895540546
   654 -2.078895540546
   655 -2.078895540546
   656 -2.078895540546
   657 -2.078895540546
   658 -2.078895540546
   659 -2.078895540546
   660 -2.078895540546
   661 -2.078895540546
   662 -2.078895540546
   663 -2.078895540546
   664 -2.078895540546
   665 -2.078895540546
   666 -2.078895540546
   667 -2.078895540546
   668 -2.078895540546
   669 -2.078895540546
   670 -2.078895540546
   671 -2.078895540546
   672 -2.078895540546
   673 -2.078895540546
   674 -2.078895540546
   675 -2.078895540546
   676 -2.078895540546
   677 -2.078895540546
   678 -2.078895540546
   679 -2.078895540546
   680 -2.078895540546
   681 -2.078895540546
   682 -2.078895540546
   683 -2.078895540546
   684 -2.078895540546
   685 -2.078895540546
   686 -2.078895540546
   687 -2.078895540546
   688 -2.078895540546
   689 -2.078895540546
   690 -2.078895540546
   691 -2.078895540546
   692 -2.078895540546
   693 -2.078895540546
   694 -2.078895540546
   695 -2.078895540546
   696 -2.078895540546
   697 -2.078895540546
   698 -2.078895540546
   699 -2.078895540546
   700 -2.078895540546
   701 -2.078895540546
   702 -2.078895540546
   703 -2.078895540546
   704 -2.078895540546
   705 -2.078895540546
   706 -2.078895540546
   707 -2.078895540546
   708 -2.078895540546
   709 -2.078895540546
   710 -2.078895540546
   711 -2.078895540546
   712 -2.078895540546
   713 -2.078895540546
   714 -2.078895540546
   715 -2.078895540546
   716 -2.078895540546
   717 -2.078895540546
   718 -2.078895540546
   719 -2.078895540546
   720 -2.078895540546
   721 -2.078895540546
   722 -2.078895540546
   723 -2.078895540546
   724 -2.078895540546
   725 -2.078895540546
   726 -2.078895540546
   727 -2.078895540546
   728 -2.078895540546
   729 -2.078895540546
   730 -2.078895540546
   731 -2.078895540546
   732 -2.078895540546
   733 -2.078895540546
   734 -2.078895540546
   735 -2.078895540546
   736 -2.078895540546
   737 -2.078895540546
   738 -2.078895540546
   739 -2.078895540546
   740 -2.078895540546
   741 -2.078895540546
   742 -2.078895540546
   743 -2.078895540546
   744 -2.078895540546
   745 -2.078895540546
   746 -2.078895540546
   747 -2.078895540546
   748 -2.078895540546
   749 -2.078895540546
   750 -2.078895540546
   751 -2.078895540546
   752 -2.078895540546
   753 -2.078895540546
   754 -2.078895540546
   755 -2.078895540546
   756 -2.078895540546
   757 -2.078895540546
   758 -2.078895540546
   759 -2.078895540546
   760 -2.078895540546
   761 -2.078895540546
   762 -2.078895540546
   763 -2.078895540546
   764 -2.078895540546
   765 -2.078895540546
   766 -2.078895540546
   767 -2.078895540546
   768 -2.078895540546
   769 -2.078895540546
   770 -2.078895540546
   771 -2.078895540546
   772 -2.078895540546
   773 -2.078895540546
   774 -2.078895540546
   775 -2.078895540546
   776 -2.078895540546
   777 -2.078895540546
   778 -2.078895540546
   779 -2.078895540546
   780 -2.078895540546
   781 -2.078895540546
   782 -2.078895540546
   783 -2.078895540546
   784 -2.078895540546
   785 -2.078895540546
   786 -2.078895540546
   787 -2.078895540546
   788 -2.078895540546
   789 -2.078895540546
   790 -2.078895540546
   791 -2.078895540546
   792 -2.078895540546
   793 -2.078895540546
   794 -2.078895540546
   795 -2.078895540546
   796 -2.078895540546
   797 -2.078895540546
   798 -2.078895540546
   799 -2.078895540546
   800 -2.078895540546
   801 -2.078895540546
   802 -2.078895540546
   803 -2.078895540546
   804 -2.078895540546
   805 -2.078895540546
   806 -2.078895540546
   807 -2.078895540546
   808 -2.078895540546
   809 -2.078895540546
   810 -2.078895540546
   811 -2.078895540546
   812 -2.078895540546
   813 -2.078895540546
   814 -2.078895540546
   815 -2.078895540546
   816 -2.078895540546
   817 -2.078895540546
   818 -2.078895540546
   819 -2.078895540546
   820 -2.078895540546
   821 -2.078895540546
   822 -2.078895540546
   823 -2.078895540546
   824 -2.078895540546
   825 -2.078895540546
   826 -2.078895540546
   827 -2.078895540546
   828 -2.078895540546
   829 -2.078895540546
   830 -2.078895540546
   831 -2.078895540546
   832 -2.078895540546
   833 -2.078895540546
   834 -2.078895540546
   835 -2.078895540546
   836 -2.078895540546
   837 -2.078895540546
   838 -2.078895540546
   839 -2.078895540546
   840 -2.078895540546
   841 -2.078895540546
   842 -2.078895540546
   843 -2.078895540546
   844 -2.078895540546
   845 -2.078895540546
   846 -2.078895540546
   847 -2.078895540546
   848 -2.078895540546
   849 -2.078895540546
   850 -2.078895540546
   851 -2.078895540546
   852 -2.078895540546
   853 -2.078895540546
   854 -2.078895540546
   855 -2.078895540546
   856 -2.078895540546
   857 -2.078895540546
   858 -2.078895540546
   859 -2.078895540546
   860 -2.078895540546
   861 -2.078895540546
   862 -2.078895540546
   863 -2.078895540546
   864 -2.078895540546
   865 -2.078895540546
   866 -2.078895540546
   867 -2.078895540546
   868 -2.078895540546
   869 -2.078895540546
   870 -2.078895540546
   871 -2.078895540546
   872 -2.078895540546
   873 -2.078895540546
   874 -2.078895540546
   875 -2.078895540546
   876 -2.078895540546
   877 -2.078895540546
   878 -2.078895540546
   879 -2.078895540546
   880 -2.078895540546
   881 -2.078895540546
   882 -2.078895540546
   883 -2.078895540546
   884 -2.078895540546
   885 -2.078895540546
   886 -2.078895540546
   887 -2.078895540546
   888 -2.078895540546
   889 -2.078895540546
   890 -2.078895540546
   891 -2.078895540546
   892 -2.078895540546
   893 -2.078895540546
   894 -2.078895540546
   895 -2.078895540546
   896 -2.078895540546
   897 -2.078895540546
   898 -2.078895540546
   899 -2.078895540546
   900 -2.078895540546
   901 -2.078895540546
   902 -2.078895540546
   903 -2.078895540546
   904 -2.078895540546
   905 -2.078895540546
   906 -2.078895540546
   907 -2.078895540546
   908 -2.078895540546
   909 -2.078895540546
   910 -2.078895540546
   911 -2.078895540546
   912 -2.078895540546
   913 -2.078895540546
   914 -2.078895540546
   915 -2.078895540546
   916 -2.078895540546
   917 -2.078895540546
   918 -2.078895540546
   919 -2.078895540546
   920 -2.078895540546
   921 -2.078895540546
   922 -2.078895540546
   923 -2.078895540546
   924 -2.078895540546
   925 -2.078895540546
   926 -2.078895540546
   927 -2.078895540546
   928 -2.078895540546
   929 -2.078895540546
   930 -2.078895540546
   931 -2.078895540546
   932 -2.078895540546
   933 -2.078895540546
   934 -2.078895540546
   935 -2.078895540546
   936 -2.078895540546
   937 -2.078895540546
   938 -2.078895540546
   939 -2.078895540546
   940 -2.078895540546
   941 -2.078895540546
   942 -2.078895540546
   943 -2.078895540546
   944 -2.078895540546
   945 -2.078895540546
   946 -2.078895540546
   947 -2.078895540546
   948 -2.078895540546
   949 -2.078895540546
   950 -2.078895540546
   951 -2.078895540546
   952 -2.078895540546
   953 -2.078895540546
   954 -2.078895540546
   955 -2.078895540546
   956 -2.078895540546
   957 -2.078895540546
   958 -2.078895540546
   959 -2.078895540546
   960 -2.078895540546
   961 -2.078895540546
   962 -2.078895540546
   963 -2.078895540546
   964 -2.078895540546
   965 -2.078895540546
   966 -2.078895540546
   967 -2.078895540546
   968 -2.078895540546
   969 -2.078895540546
   970 -2.078895540546
   971 -2.078895540546
   972 -2.078895540546
   973 -2.078895540546
   974 -2.078895540546
   975 -2.078895540546
   976 -2.078895540546
   977 -2.078895540546
   978 -2.078895540546
   979 -2.078895540546
   980 -2.078895540546
   981 -2.078895540546
   982 -2.078895540546
   983 -2.078895540546
   984 -2.078895540546
   985 -2.078895540546
   986 -2.078895540546
   987 -2.078895540546
   988 -2.078895540546
   989 -2.078895540546
   990 -2.078895540546
   991 -2.078895540546
   992 -2.078895540546
   993 -2.078895540546
   994 -2.078895540546
   995 -2.078895540546
   996 -2.078895540546
   997 -2.078895540546
   998 -2.078895540546
   999 -2.078895540546
  1000 -2.078895540546
  1001 -2.078895540546
  1002 -2.078895540546
  1003 -2.078895540546
  1004 -2.078895540546
  1005 -2.078895540546
  1006 -2.078895540546
  1007 -2.078895540546
  1008 -2.078895540546
  1009 -2.078895540546
  1010 -2.078895540546
  1011 -2.078895540546
  1012 -2.078895540546
  1013 -2.078895540546
  1014 -2.078895540546
  1015 -2.078895540546
  1016 -2.078895540546
  1017 -2.078895540546
  1018 -2.078895540546
  1019 -2.078895540546
  1020 -2.078895540546
  1021 -2.078895540546
  1022 -2.078895540546
  1023 -2.078895540546
  1024 -2.078895540546
  1025 -2.078895540546
  1026 -2.078895540546
  1027 -2.078895540546
  1028 -2.078895540546
  1029 -2.078895540546
  1030 -2.078895540546
  1031 -2.078895540546
  1032 -2.078895540546
  1033 -2.078895540546
  1034 -2.078895540546
  1035 -2.078895540546
  1036 -2.078895540546
  1037 -2.078895540546
  1038 -2.078895540546
  1039 -2.078895540546
  1040 -2.078895540546
  1041 -2.078895540546
  1042 -2.078895540546
  1043 -2.078895540546
  1044 -2.078895540546
  1045 -2.078895540546
  1046 -2.078895540546
  1047 -2.078895540546
  1048 -2.078895540546
  1049 -2.078895540546
  1050 -2.078895540546
  1051 -2.078895540546
  1052 -2.078895540546
  1053 -2.078895540546
  1054 -2.078895540546
  1055 -2.078895540546
  1056 -2.078895540546
  1057 -2.078895540546
  1058 -2.078895540546
  1059 -2.078895540546
  1060 -2.078895540546
  1061 -2.078895540546
  1062 -2.078895540546
  1063 -2.078895540546
  1064 -2.078895540546
  1065 -2.078895540546
  1066 -2.078895540546
  1067 -2.078895540546
  1068 -2.078895540546
  1069 -2.078895540546
  1070 -2.078895540546
  1071 -2.078895540546
  1072 -2.078895540546
  1073 -2.078895540546
  1074 -2.078895540546
  1075 -2.078895540546
  1076 -2.078895540546
  1077 -2.078895540546
  1078 -2.078895540546
  1079 -2.078895540546
  1080 -2.078895540546
  1081 -2.078895540546
  1082 -2.078895540546
  1083 -2.078895540546
  1084 -2.078895540546
  1085 -2.078895540546
  1086 -2.078895540546
  1087 -2.078895540546
  1088 -2.078895540546
  1089 -2.078895540546
  1090 -2.078895540546
  1091 -2.078895540546
  1092 -2.078895540546
  1093 -2.078895540546
  1094 -2.078895540546
  1095 -2.078895540546
  1096 -2.078895540546
  1097 -2.078895540546
  1098 -2.078895540546
  1099 -2.078895540546
  1100 -2.078895540546
  1101 -2.078895540546
  1102 -2.078895540546
  1103 -2.078895540546
  1104 -2.078895540546
  1105 -2.078895540546
  1106 -2.078895540546
  1107 -2.078895540546
  1108 -2.078895540546
  1109 -2.078895540546
  1110 -2.078895540546
  1111 -2.078895540546
  1112 -2.078895540546
  1113 -2.078895540546
  1114 -2.078895540546
  1115 -2.078895540546
  1116 -2.078895540546
  1117 -2.078895540546
  1118 -2.078895540546
  1119 -2.078895540546
  1120 -2.078895540546
  1121 -2.078895540546
  1122 -2.078895540546
  1123 -2.078895540546
  1124 -2.078895540546
  1125 -2.078895540546
  1126 -2.078895540546
  1127 -2.078895540546
  1128 -2.078895540546
  1129 -2.078895540546
  1130 -2.078895540546
  1131 -2.078895540546
  1132 -2.078895540546
  1133 -2.078895540546
  1134 -2.078895540546
  1135 -2.078895540546
  1136 -2.078895540546
  1137 -2.078895540546
  1138 -2.078895540546
  1139 -2.078895540546
  1140 -2.078895540546
  1141 -2.078895540546
  1142 -2.078895540546
  1143 -2.078895540546
  1144 -2.078895540546
  1145 -2.078895540546
  1146 -2.078895540546
  1147 -2.078895540546
  1148 -2.078895540546
  1149 -2.078895540546
  1150 -2.078895540546
  1151 -2.078895540546
  1152 -2.078895540546
  1153 -2.078895540546
  1154 -2.078895540546
  1155 -2.078895540546
  1156 -2.078895540546
  1157 -2.078895540546
  1158 -2.078895540546
  1159 -2.078895540546
  1160 -2.078895540546
  1161 -2.078895540546
  1162 -2.078895540546
  1163 -2.078895540546
  1164 -2.078895540546
  1165 -2.078895540546
  1166 -2.078895540546
  1167 -2.078895540546
  1168 -2.078895540546
  1169 -2.078895540546
  1170 -2.078895540546
  1171 -2.078895540546
  1172 -2.078895540546
  1173 -2.078895540546
  1174 -2.078895540546
  1175 -2.078895540546
  1176 -2.078895540546
  1177 -2.078895540546
  1178 -2.078895540546
  1179 -2.078895540546
  1180 -2.078895540546
  1181 -2.078895540546
  1182 -2.078895540546
  1183 -2.078895540546
  1184 -2.078895540546
  1185 -2.078895540546
  1186 -2.078895540546
  1187 -2.078895540546
  1188 -2.078895540546
  1189 -2.078895540546
  1190 -2.078895540546
  1191 -2.078895540546
  1192 -2.078895540546
  1193 -2.078895540546
  1194 -2.078895540546
  1195 -2.078895540546
  1196 -2.078895540546
  1197 -2.078895540546
  1198 -2.078895540546
  1199 -2.078895540546
  1200 -2.078895540546
  1201 -2.078895540546
  1202 -2.078895540546
  1203 -2.078895540546
  1204 -2.078895540546
  1205 -2.078895540546
  1206 -2.078895540546
  1207 -2.078895540546
  1208 -2.078895540546
  1209 -2.078895540546
  1210 -2.078895540546
  1211 -2.078895540546
  1212 -2.078895540546
  1213 -2.078895540546
  1214 -2.078895540546
  1215 -2.078895540546
  1216 -2.078895540546
  1217 -2.078895540546
  1218 -2.078895540546
  1219 -2.078895540546
  1220 -2.078895540546
  1221 -2.078895540546
  1222 -2.078895540546
  1223 -2.078895540546
  1224 -2.078895540546
  1225 -2.078895540546
  1226 -2.078895540546
  1227 -2.078895540546
  1228 -2.078895540546
  1229 -2.078895540546
  1230 -2.078895540546
  1231 -2.078895540546
  1232 -2.078895540546
  1233 -2.078895540546
  1234 -2.078895540546
  1235 -2.078895540546
  1236 -2.078895540546
  1237 -2.078895540546
  1238 -2.078895540546
  1239 -2.078895540546
  1240 -2.078895540546
  1241 -2.078895540546
  1242 -2.078895540546
  1243 -2.078895540546
  1244 -2.078895540546
  1245 -2.078895540546
  1246 -2.078895540546
  1247 -2.078895540546
  1248 -2.078895540546
  1249 -2.078895540546
  1250 -2.078895540546
  1251 -2.078895540546
  1252 -2.078895540546
  1253 -2.078895540546
  1254 -2.078895540546
  1255 -2.078895540546
  1256 -2.078895540546
  1257 -2.078895540546
  1258 -2.078895540546
  1259 -2.078895540546
  1260 -2.078895540546
  1261 -2.078895540546
  1262 -2.078895540546
  1263 -2.078895540546
  1264 -2.078895540546
  1265 -2.078895540546
  1266 -2.078895540546
  1267 -2.078895540546
  1268 -2.078895540546
  1269 -2.078895540546
  1270 -2.078895540546
  1271 -2.078895540546
  1272 -2.078895540546
  1273 -2.078895540546
  1274 -2.078895540546
  1275 -2.078895540546
  1276 -2.078895540546
  1277 -2.078895540546
  1278 -2.078895540546
  1279 -2.078895540546
  1280 -2.078895540546
  1281 -2.078895540546
  1282 -2.078895540546
  1283 -2.078895540546
  1284 -2.078895540546
  1285 -2.078895540546
  1286 -2.078895540546
  1287 -2.078895540546
  1288 -2.078895540546
  1289 -2.078895540546
  1290 -2.078895540546
  1291 -2.078895540546
  1292 -2.078895540546
  1293 -2.078895540546
  1294 -2.078895540546
  1295 -2.078895540546
  1296 -2.078895540546
  1297 -2.078895540546
  1298 -2.078895540546
  1299 -2.078895540546
  1300 -2.078895540546
  1301 -2.078895540546
  1302 -2.078895540546
  1303 -2.078895540546
  1304 -2.078895540546
  1305 -2.078895540546
  1306 -2.078895540546
  1307 -2.078895540546
  1308 -2.078895540546
  1309 -2.078895540546
  1310 -2.078895540546
  1311 -2.078895540546
  1312 -2.078895540546
  1313 -2.078895540546
  1314 -2.078895540546
  1315 -2.078895540546
  1316 -2.078895540546
  1317 -2.078895540546
  1318 -2.078895540546
  1319 -2.078895540546
  1320 -2.078895540546
  1321 -2.078895540546
  1322 -2.078895540546
  1323 -2.078895540546
  1324 -2.078895540546
  1325 -2.078895540546
  1326 -2.078895540546
  1327 -2.078895540546
  1328 -2.078895540546
  1329 -2.078895540546
  1330 -2.078895540546
  1331 -2.078895540546
  1332 -2.078895540546
  1333 -2.078895540546
  1334 -2.078895540546
  1335 -2.078895540546
  1336 -2.078895540546
  1337 -2.078895540546
  1338 -2.078895540546
  1339 -2.078895540546
  1340 -2.078895540546
  1341 -2.078895540546
  1342 -2.078895540546
  1343 -2.078895540546
  1344 -2.078895540546
  1345 -2.078895540546
  1346 -2.078895540546
  1347 -2.078895540546
  1348 -2.078895540546
  1349 -2.078895540546
  1350 -2.078895540546
  1351 -2.078895540546
  1352 -2.078895540546
  1353 -2.078895540546
  1354 -2.078895540546
  1355 -2.078895540546
  1356 -2.078895540546
  1357 -2.078895540546
  1358 -2.078895540546
  1359 -2.078895540546
  1360 -2.078895540546
  1361 -2.078895540546
  1362 -2.078895540546
  1363 -2.078895540546
  1364 -2.078895540546
  1365 -2.078895540546
  1366 -2.078895540546
  1367 -2.078895540546
  1368 -2.078895540546
  1369 -2.078895540546
  1370 -2.078895540546
  1371 -2.078895540546
  1372 -2.078895540546
  1373 -2.078895540546
  1374 -2.078895540546
  1375 -2.078895540546
  1376 -2.078895540546
  1377 -2.078895540546
  1378 -2.078895540546
  1379 -2.078895540546
  1380 -2.078895540546
  1381 -2.078895540546
  1382 -2.078895540546
  1383 -2.078895540546
  1384 -2.078895540546
  1385 -2.078895540546
  1386 -2.078895540546
  1387 -2.078895540546
  1388 -2.078895540546
  1389 -2.078895540546
  1390 -2.078895540546
  1391 -2.078895540546
  1392 -2.078895540546
  1393 -2.078895540546
  1394 -2.078895540546
  1395 -2.078895540546
  1396 -2.078895540546
  1397 -2.078895540546
  1398 -2.078895540546
  1399 -2.078895540546
  1400 -2.078895540546
  1401 -2.078895540546
  1402 -2.078895540546
  1403 -2.078895540546
  1404 -2.078895540546
  1405 -2.078895540546
  1406 -2.078895540546
  1407 -2.078895540546
  1408 -2.078895540546
  1409 -2.078895540546
  1410 -2.078895540546
  1411 -2.078895540546
  1412 -2.078895540546
  1413 -2.078895540546
  1414 -2.078895540546
  1415 -2.078895540546
  1416 -2.078895540546
  1417 -2.078895540546
  1418 -2.078895540546
  1419 -2.078895540546
  1420 -2.078895540546
  1421 -2.078895540546
  1422 -2.078895540546
  1423 -2.078895540546
  1424 -2.078895540546
  1425 -2.078895540546
  1426 -2.078895540546
  1427 -2.078895540546
  1428 -2.078895540546
  1429 -2.078895540546
  1430 -2.078895540546
  1431 -2.078895540546
  1432 -2.078895540546
  1433 -2.078895540546
  1434 -2.078895540546
  1435 -2.078895540546
  1436 -2.078895540546
  1437 -2.078895540546
  1438 -2.078895540546
  1439 -2.078895540546
  1440 -2.078895540546
  1441 -2.078895540546
  1442 -2.078895540546
  1443 -2.078895540546
  1444 -2.078895540546
  1445 -2.078895540546
  1446 -2.078895540546
  1447 -2.078895540546
  1448 -2.078895540546
  1449 -2.078895540546
  1450 -2.078895540546
  1451 -2.078895540546
  1452 -2.078895540546
  1453 -2.078895540546
  1454 -2.078895540546
  1455 -2.078895540546
  1456 -2.078895540546
  1457 -2.078895540546
  1458 -2.078895540546
  1459 -2.078895540546
  1460 -2.078895540546
  1461 -2.078895540546
  1462 -2.078895540546
  1463 -2.078895540546
  1464 -2.078895540546
  1465 -2.078895540546
  1466 -2.078895540546
  1467 -2.078895540546
  1468 -2.078895540546
  1469 -2.078895540546
  1470 -2.078895540546
  1471 -2.078895540546
  1472 -2.078895540546
  1473 -2.078895540546
  1474 -2.078895540546
  1475 -2.078895540546
  1476 -2.078895540546
  1477 -2.078895540546
  1478 -2.078895540546
  1479 -2.078895540546
  1480 -2.078895540546
  1481 -2.078895540546
  1482 -2.078895540546
  1483 -2.078895540546
  1484 -2.078895540546
  1485 -2.078895540546
  1486 -2.078895540546
  1487 -2.078895540546
  1488 -2.078895540546
  1489 -2.078895540546
  1490 -2.078895540546
  1491 -2.078895540546
  1492 -2.078895540546
  1493 -2.078895540546
  1494 -2.078895540546
  1495 -2.078895540546
  1496 -2.078895540546
  1497 -2.078895540546
  1498 -2.078895540546
  1499 -2.078895540546
  1500 -2.078895540546
  1501 -2.078895540546
  1502 -2.078895540546
  1503 -2.078895540546
  1504 -2.078895540546
  1505 -2.078895540546
  1506 -2.078895540546
  1507 -2.078895540546
  1508 -2.078895540546
  1509 -2.078895540546
  1510 -2.078895540546
  1511 -2.078895540546
  1512 -2.078895540546
  1513 -2.078895540546
  1514 -2.078895540546
  1515 -2.078895540546
  1516 -2.078895540546
  1517 -2.078895540546
  1518 -2.078895540546
  1519 -2.078895540546
  1520 -2.078895540546
  1521 -2.078895540546
  1522 -2.078895540546
  1523 -2.078895540546
  1524 -2.078895540546
  1525 -2.078895540546
  1526 -2.078895540546
  1527 -2.078895540546
  1528 -2.078895540546
  1529 -2.078895540546
  1530 -2.078895540546
  1531 -2.078895540546
  1532 -2.078895540546
  1533 -2.078895540546
  1534 -2.078895540546
  1535 -2.078895540546
  1536 -2.078895540546
  1537 -2.078895540546
  1538 -2.078895540546
  1539 -2.078895540546
  1540 -2.078895540546
  1541 -2.078895540546
  1542 -2.078895540546
  1543 -2.078895540546
  1544 -2.078895540546
  1545 -2.078895540546
  1546 -2.078895540546
  1547 -2.078895540546
  1548 -2.078895540546
  1549 -2.078895540546
  1550 -2.078895540546
  1551 -2.078895540546
  1552 -2.078895540546
  1553 -2.078895540546
  1554 -2.078895540546
  1555 -2.078895540546
  1556 -2.078895540546
  1557 -2.078895540546
  1558 -2.078895540546
  1559 -2.078895540546
  1560 -2.078895540546
  1561 -2.078895540546
  1562 -2.078895540546
  1563 -2.078895540546
  1564 -2.078895540546
  1565 -2.078895540546
  1566 -2.078895540546
  1567 -2.078895540546
  1568 -2.078895540546
  1569 -2.078895540546
  1570 -2.078895540546
  1571 -2.078895540546
  1572 -2.078895540546
  1573 -2.078895540546
  1574 -2.078895540546
  1575 -2.078895540546
  1576 -2.078895540546
  1577 -2.078895540546
  1578 -2.078895540546
  1579 -2.078895540546
  1580 -2.078895540546
  1581 -2.078895540546
  1582 -2.078895540546
  1583 -2.078895540546
  1584 -2.078895540546
  1585 -2.078895540546
  1586 -2.078895540546
  1587 -2.078895540546
  1588 -2.078895540546
  1589 -2.078895540546
  1590 -2.078895540546
  1591 -2.078895540546
  1592 -2.078895540546
  1593 -2.078895540546
  1594 -2.078895540546
  1595 -2.078895540546
  1596 -2.078895540546
  1597 -2.078895540546
  1598 -2.078895540546
  1599 -2.078895540546
  1600 -2.078895540546
  1601 -2.078895540546
  1602 -2.078895540546
  1603 -2.078895540546
  1604 -2.078895540546
  1605 -2.078895540546
  1606 -2.078895540546
  1607 -2.078895540546
  1608 -2.078895540546
  1609 -2.078895540546
  1610 -2.078895540546
  1611 -2.078895540546
  1612 -2.078895540546
  1613 -2.078895540546
  1614 -2.078895540546
  1615 -2.078895540546
  1616 -2.078895540546
  1617 -2.078895540546
  1618 -2.078895540546
  1619 -2.078895540546
  1620 -2.078895540546
  1621 -2.078895540546
  1622 -2.078895540546
  1623 -2.078895540546
  1624 -2.078895540546
  1625 -2.078895540546
  1626 -2.078895540546
  1627 -2.078895540546
  1628 -2.078895540546
  1629 -2.078895540546
  1630 -2.078895540546
  1631 -2.078895540546
  1632 -2.078895540546
  1633 -2.078895540546
  1634 -2.078895540546
  1635 -2.078895540546
  1636 -2.078895540546
  1637 -2.078895540546
  1638 -2.078895540546
  1639 -2.078895540546
  1640 -2.078895540546
  1641 -2.078895540546
  1642 -2.078895540546
  1643 -2.078895540546
  1644 -2.078895540546
  1645 -2.078895540546
  1646 -2.078895540546
  1647 -2.078895540546
  1648 -2.078895540546
  1649 -2.078895540546
  1650 -2.078895540546
  1651 -2.078895540546
  1652 -2.078895540546
  1653 -2.078895540546
  1654 -2.078895540546
  1655 -2.078895540546
  1656 -2.078895540546
  1657 -2.078895540546
  1658 -2.078895540546
  1659 -2.078895540546
  1660 -2.078895540546
  1661 -2.078895540546
  1662 -2.078895540546
  1663 -2.078895540546
  1664 -2.078895540546
  1665 -2.078895540546
  1666 -2.078895540546
  1667 -2.078895540546
  1668 -2.078895540546
  1669 -2.078895540546
  1670 -2.078895540546
  1671 -2.078895540546
  1672 -2.078895540546
  1673 -2.078895540546
  1674 -2.078895540546
  1675 -2.078895540546
  1676 -2.078895540546
  1677 -2.078895540546
  1678 -2.078895540546
  1679 -2.078895540546
  1680 -2.078895540546
  1681 -2.078895540546
  1682 -2.078895540546
  1683 -2.078895540546
  1684 -2.078895540546
  1685 -2.078895540546
  1686 -2.078895540546
  1687 -2.078895540546
  1688 -2.078895540546
  1689 -2.078895540546
  1690 -2.078895540546
  1691 -2.078895540546
  1692 -2.078895540546
  1693 -2.078895540546
  1694 -2.078895540546
  1695 -2.078895540546
  1696 -2.078895540546
  1697 -2.078895540546
  1698 -2.078895540546
  1699 -2.078895540546
  1700 -2.078895540546
  1701 -2.078895540546
  1702 -2.078895540546
  1703 -2.078895540546
  1704 -2.078895540546
  1705 -2.078895540546
  1706 -2.078895540546
  1707 -2.078895540546
  1708 -2.078895540546
  1709 -2.078895540546
  1710 -2.078895540546
  1711 -2.078895540546
  1712 -2.078895540546
  1713 -2.078895540546
  1714 -2.078895540546
  1715 -2.078895540546
  1716 -2.078895540546
  1717 -2.078895540546
  1718 -2.078895540546
  1719 -2.078895540546
  1720 -2.078895540546
  1721 -2.078895540546
  1722 -2.078895540546
  1723 -2.078895540546
  1724 -2.078895540546
  1725 -2.078895540546
  1726 -2.078895540546
  1727 -2.078895540546
  1728 -2.078895540546
  1729 -2.078895540546
  1730 -2.078895540546
  1731 -2.078895540546
  1732 -2.078895540546
  1733 -2.078895540546
  1734 -2.078895540546
  1735 -2.078895540546
  1736 -2.078895540546
  1737 -2.078895540546
  1738 -2.078895540546
  1739 -2.078895540546
  1740 -2.078895540546
  1741 -2.078895540546
  1742 -2.078895540546
  1743 -2.078895540546
  1744 -2.078895540546
  1745 -2.078895540546
  1746 -2.078895540546
  1747 -2.078895540546
  1748 -2.078895540546
  1749 -2.078895540546
  1750 -2.078895540546
  1751 -2.078895540546
  1752 -2.078895540546
  1753 -2.078895540546
  1754 -2.078895540546
  1755 -2.078895540546
  1756 -2.078895540546
  1757 -2.078895540546
  1758 -2.078895540546
  1759 -2.078895540546
  1760 -2.078895540546
  1761 -2.078895540546
  1762 -2.078895540546
  1763 -2.078895540546
  1764 -2.078895540546
  1765 -2.078895540546
  1766 -2.078895540546
  1767 -2.078895540546
  1768 -2.078895540546
  1769 -2.078895540546
  1770 -2.078895540546
  1771 -2.078895540546
  1772 -2.078895540546
  1773 -2.078895540546
  1774 -2.078895540546
  1775 -2.078895540546
  1776 -2.078895540546
  1777 -2.078895540546
  1778 -2.078895540546
  1779 -2.078895540546
  1780 -2.078895540546
  1781 -2.078895540546
  1782 -2.078895540546
  1783 -2.078895540546
  1784 -2.078895540546
  1785 -2.078895540546
  1786 -2.078895540546
  1787 -2.078895540546
  1788 -2.078895540546
  1789 -2.078895540546
  1790 -2.078895540546
  1791 -2.078895540546
  1792 -2.078895540546
  1793 -2.078895540546
  1794 -2.078895540546
  1795 -2.078895540546
  1796 -2.078895540546
  1797 -2.078895540546
  1798 -2.078895540546
  1799 -2.078895540546
  1800 -2.078895540546
  1801 -2.078895540546
  1802 -2.078895540546
  1803 -2.078895540546
  1804 -2.078895540546
  1805 -2.078895540546
  1806 -2.078895540546
  1807 -2.078895540546
  1808 -2.078895540546
  1809 -2.078895540546
  1810 -2.078895540546
  1811 -2.078895540546
  1812 -2.078895540546
  1813 -2.078895540546
  1814 -2.078895540546
  1815 -2.078895540546
  1816 -2.078895540546
  1817 -2.078895540546
  1818 -2.078895540546
  1819 -2.078895540546
  1820 -2.078895540546
  1821 -2.078895540546
  1822 -2.078895540546
  1823 -2.078895540546
  1824 -2.078895540546
  1825 -2.078895540546
  1826 -2.078895540546
  1827 -2.078895540546
  1828 -2.078895540546
  1829 -2.078895540546
  1830 -2.078895540546
  1831 -2.078895540546
  1832 -2.078895540546
  1833 -2.078895540546
  1834 -2.078895540546
  1835 -2.078895540546
  1836 -2.078895540546
  1837 -2.078895540546
  1838 -2.078895540546
  1839 -2.078895540546
  1840 -2.078895540546
  1841 -2.078895540546
  1842 -2.078895540546
  1843 -2.078895540546
  1844 -2.078895540546
  1845 -2.078895540546
  1846 -2.078895540546
  1847 -2.078895540546
  1848 -2.078895540546
  1849 -2.078895540546
  1850 -2.078895540546
  1851 -2.078895540546
  1852 -2.078895540546
  1853 -2.078895540546
  1854 -2.078895540546
  1855 -2.078895540546
  1856 -2.078895540546
  1857 -2.078895540546
  1858 -2.078895540546
  1859 -2.078895540546
  1860 -2.078895540546
  1861 -2.078895540546
  1862 -2.078895540546
  1863 -2.078895540546
  1864 -2.078895540546
  1865 -2.078895540546
  1866 -2.078895540546
  1867 -2.078895540546
  1868 -2.078895540546
  1869 -2.078895540546
  1870 -2.078895540546
  1871 -2.078895540546
  1872 -2.078895540546
  1873 -2.078895540546
  1874 -2.078895540546
  1875 -2.078895540546
  1876 -2.078895540546
  1877 -2.078895540546
  1878 -2.078895540546
  1879 -2.078895540546
  1880 -2.078895540546
  1881 -2.078895540546
  1882 -2.078895540546
  1883 -2.078895540546
  1884 -2.078895540546
  1885 -2.078895540546
  1886 -2.078895540546
  1887 -2.078895540546
  1888 -2.078895540546
  1889 -2.078895540546
  1890 -2.078895540546
  1891 -2.078895540546
  1892 -2.078895540546
  1893 -2.078895540546
  1894 -2.078895540546
  1895 -2.078895540546
  1896 -2.078895540546
  1897 -2.078895540546
  1898 -2.078895540546
  1899 -2.078895540546
  1900 -2.078895540546
  1901 -2.078895540546
  1902 -2.078895540546
  1903 -2.078895540546
  1904 -2.078895540546
  1905 -2.078895540546
  1906 -2.078895540546
  1907 -2.078895540546
  1908 -2.078895540546
  1909 -2.078895540546
  1910 -2.078895540546
  1911 -2.078895540546
  1912 -2.078895540546
  1913 -2.078895540546
  1914 -2.078895540546
  1915 -2.078895540546
  1916 -2.078895540546
  1917 -2.078895540546
  1918 -2.078895540546
  1919 -2.078895540546
  1920 -2.078895540546
  1921 -2.078895540546
  1922 -2.078895540546
  1923 -2.078895540546
  1924 -2.078895540546
  1925 -2.078895540546
  1926 -2.078895540546
  1927 -2.078895540546
  1928 -2.078895540546
  1929 -2.078895540546
  1930 -2.078895540546
  1931 -2.078895540546
  1932 -2.078895540546
  1933 -2.078895540546
  1934 -2.078895540546
  1935 -2.078895540546
  1936 -2.078895540546
  1937 -2.078895540546
  1938 -2.078895540546
  1939 -2.078895540546
  1940 -2.078895540546
  1941 -2.078895540546
  1942 -2.078895540546
  1943 -2.078895540546
  1944 -2.078895540546
  1945 -2.078895540546
  1946 -2.078895540546
  1947 -2.078895540546
  1948 -2.078895540546
  1949 -2.078895540546
  1950 -2.078895540546
  1951 -2.078895540546
  1952 -2.078895540546
  1953 -2.078895540546
  1954 -2.078895540546
  1955 -2.078895540546
  1956 -2.078895540546
  1957 -2.078895540546
  1958 -2.078895540546
  1959 -2.078895540546
  1960 -2.078895540546
  1961 -2.078895540546
  1962 -2.078895540546
  1963 -2.078895540546
  1964 -2.078895540546
  1965 -2.078895540546
  1966 -2.078895540546
  1967 -2.078895540546
  1968 -2.078895540546
  1969 -2.078895540546
  1970 -2.078895540546
  1971 -2.078895540546
  1972 -2.078895540546
  1973 -2.078895540546
  1974 -2.078895540546
  1975 -2.078895540546
  1976 -2.078895540546
  1977 -2.078895540546
  1978 -2.078895540546
  1979 -2.078895540546
  1980 -2.078895540546
  1981 -2.078895540546
  1982 -2.078895540546
  1983 -2.078895540546
  1984 -2.078895540546
  1985 -2.078895540546
  1986 -2.078895540546
  1987 -2.078895540546
  1988 -2.078895540546
  1989 -2.078895540546
  1990 -2.078895540546
  1991 -2.078895540546
  1992 -2.078895540546
  1993 -2.078895540546
  1994 -2.078895540546
  1995 -2.078895540546
  1996 -2.078895540546
  1997 -2.078895540546
  1998 -2.078895540546
  1999 -2.078895540546
  2000 -2.078895540546
