     1 -0.884250670753
     2 -0.715122747898
     3 -0.970322460950
     4 -1.098250085263
     5 -1.168207209389
     6 -1.209707828961
     7 -1.235577388171
     8 -1.252363207725
     9 -1.263574399516
    10 -1.271232888030
    11 -1.276558916109
    12 -1.280317937576
    13 -1.283005495409
    14 -1.284948351895
    15 -1.286366370397
    16 -1.287408615744
    17 -1.288177773219
    18 -1.288744698762
    19 -1.289158821996
    20 -1.289454978403
    21 -1.289657870451
    22 -1.289785735201
    23 -1.289851790630
    24 -1.289866071545
    25 -1.289837265495
    26 -1.289771941451
    27 -1.289676125936
    28 -1.289555053890
    29 -1.289413962291
    30 -1.289257187825
    31 -1.289089088621
    32 -1.288913529916
    33 -1.288734280386
    34 -1.288554363157
    35 -1.288376447759
    36 -1.288202979318
    37 -1.288036045275
    38 -1.287876849662
    39 -1.287726881649
    40 -1.287586736737
    41 -1.287457154624
    42 -1.287338232023
    43 -1.287230331117
    44 -1.287133032916
    45 -1.287046177553
    46 -1.286969601409
    47 -1.286902874876
    48 -1.286845301416
    49 -1.286796699378
    50 -1.286756358731
    51 -1.424503130751
    52 -1.540368084373
    53 -1.448347928228
    54 -1.417560243394
    55 -1.386906966907
    56 -1.365680836549
    57 -1.347399736730
    58 -1.333014309461
    59 -1.321809727272
    60 -1.313267480628
    61 -1.306833147719
    62 -1.302024955573
    63 -1.298446467372
    64 -1.295786456693
    65 -1.293806713191
    66 -1.292328049088
    67 -1.291217500308
    68 -1.290377918166
    69 -1.289737928964
    70 -1.289246471190
    71 -1.288865680902
    72 -1.288568669606
    73 -1.288335433743
    74 -1.288151082584
    75 -1.288005351272
    76 -1.287889754817
    77 -1.287798124372
    78 -1.287726356167
    79 -1.287670853344
    80 -1.287629051833
    81 -1.287597858671
    82 -1.287576783249
    83 -1.287563244816
    84 -1.287556745754
    85 -1.287556786060
    86 -1.287561299183
    87 -1.287570824656
    88 -1.287584335994
    89 -1.287601327013
    90 -1.287620768859
    91 -1.287643717798
    92 -1.287668099880
    93 -1.287694969482
    94 -1.287723815492
    95 -1.287754125983
    96 -1.287785388260
    97 -1.287817610438
    98 -1.287851321492
    99 -1.287886006680
   100 -1.287921150669
   101 -1.385960077612
   102 -1.479264491992
   103 -1.440171268638
   104 -1.412647500868
   105 -1.387889636899
   106 -1.366489333124
   107 -1.348817474187
   108 -1.333473775913
   109 -1.321791044041
   110 -1.313313319724
   111 -1.307512526617
   112 -1.303430530179
   113 -1.300451894633
   114 -1.298207311159
   115 -1.296478318055
   116 -1.295125071755
   117 -1.294053432943
   118 -1.293195157013
   119 -1.292501926153
   120 -1.291937689359
   121 -1.291474584757
   122 -1.291092996397
   123 -1.290776895432
   124 -1.290513862512
   125 -1.290294059269
   126 -1.290110237961
   127 -1.289956704790
   128 -1.289828281020
   129 -1.289721348768
   130 -1.289631766475
   131 -1.289558520612
   132 -1.289497989131
   133 -1.289449156978
   134 -1.289409443657
   135 -1.289378875372
   136 -1.289355390934
   137 -1.289339013878
   138 -1.289327679980
   139 -1.289320366385
   140 -1.289318134635
   141 -1.289318915264
   142 -1.289322723239
   143 -1.289329571879
   144 -1.289338429876
   145 -1.289349307572
   146 -1.289361170927
   147 -1.289375070887
   148 -1.289389971190
   149 -1.289405877730
   150 -1.289422795585
   151 -1.414383961547
   152 -1.502794669705
   153 -1.422658986183
   154 -1.388063806457
   155 -1.364367992234
   156 -1.343288377752
   157 -1.328498574933
   158 -1.316797713945
   159 -1.308531582731
   160 -1.302645978091
   161 -1.298553329956
   162 -1.295715242644
   163 -1.293763828871
   164 -1.292426394885
   165 -1.291514844723
   166 -1.290895288337
   167 -1.290475724222
   168 -1.290192206816
   169 -1.290001489855
   170 -1.289874002524
   171 -1.289788797935
   172 -1.289733128029
   173 -1.289697806561
   174 -1.289675156650
   175 -1.289662681728
   176 -1.289656819219
   177 -1.289655555694
   178 -1.289657388403
   179 -1.289662892802
   180 -1.289668987467
   181 -1.289677279958
   182 -1.289686766069
   183 -1.289696959637
   184 -1.289707892949
   185 -1.289718552423
   186 -1.289731051180
   187 -1.289743327674
   188 -1.289755925892
   189 -1.289768866274
   190 -1.289781645850
   191 -1.289795324546
   192 -1.289808874524
   193 -1.289822309553
   194 -1.289835642045
   195 -1.289848883167
   196 -1.289862042944
   197 -1.289876173447
   198 -1.289889196560
   199 -1.289903205636
   200 -1.289916120929
   201 -1.418474063401
   202 -1.484646228104
   203 -1.430433475932
   204 -1.390148682126
   205 -1.356939126187
   206 -1.333747242685
   207 -1.318751471031
   208 -1.308074601921
   209 -1.300714625009
   210 -1.295517362259
   211 -1.291856388538
   212 -1.289300913020
   213 -1.287580017662
   214 -1.286491051348
   215 -1.285869277005
   216 -1.285577940061
   217 -1.285509915536
   218 -1.285585245728
   219 -1.285747779609
   220 -1.285958601541
   221 -1.286192528853
   222 -1.286433000530
   223 -1.286669020401
   224 -1.286894685819
   225 -1.287107136386
   226 -1.287303970587
   227 -1.287485870508
   228 -1.287652441591
   229 -1.287804828879
   230 -1.287943637022
   231 -1.288070499344
   232 -1.288185473411
   233 -1.288291215728
   234 -1.288387768145
   235 -1.288475688427
   236 -1.288557094339
   237 -1.288630970579
   238 -1.288699949385
   239 -1.288763530995
   240 -1.288822256341
   241 -1.288877707347
   242 -1.288928856410
   243 -1.288976760458
   244 -1.289021953432
   245 -1.289064446439
   246 -1.289104770964
   247 -1.289142935911
   248 -1.289179470785
   249 -1.289214382705
   250 -1.289247156495
   251 -1.408023382348
   252 -1.466391938061
   253 -1.419182500553
   254 -1.395019581291
   255 -1.370289286939
   256 -1.350622777669
   257 -1.334939911461
   258 -1.322621625764
   259 -1.313733423343
   260 -1.307220782697
   261 -1.302613147309
   262 -1.299334692637
   263 -1.297020517309
   264 -1.295378739703
   265 -1.294207523595
   266 -1.293364385654
   267 -1.292750416010
   268 -1.292296184111
   269 -1.291954728618
   270 -1.291694427598
   271 -1.291490758305
   272 -1.291329491958
   273 -1.291199434362
   274 -1.291092453825
   275 -1.291003499980
   276 -1.290928530529
   277 -1.290864520225
   278 -1.290809467205
   279 -1.290762397502
   280 -1.290721282156
   281 -1.290686168858
   282 -1.290655011431
   283 -1.290628886609
   284 -1.290605736628
   285 -1.290585585483
   286 -1.290567410390
   287 -1.290553314673
   288 -1.290540183599
   289 -1.290529072513
   290 -1.290519991769
   291 -1.290511907024
   292 -1.290505868729
   293 -1.290500840014
   294 -1.290496826110
   295 -1.290492788343
   296 -1.290490816584
   297 -1.290488827794
   298 -1.290487867682
   299 -1.290486895382
   300 -1.290486955839
   301 -1.397617321822
   302 -1.515816615011
   303 -1.442002029784
   304 -1.414583832772
   305 -1.389515882966
   306 -1.369992920215
   307 -1.354855470703
   308 -1.342383991225
   309 -1.331566362514
   310 -1.322408517579
   311 -1.314578832293
   312 -1.308140907559
   313 -1.303012490232
   314 -1.299069603241
   315 -1.296107093221
   316 -1.293904122399
   317 -1.292265476852
   318 -1.291038963924
   319 -1.290112889518
   320 -1.289407721978
   321 -1.288865605064
   322 -1.288446075844
   323 -1.288119653100
   324 -1.287864261566
   325 -1.287664240066
   326 -1.287507246652
   327 -1.287384542361
   328 -1.287289181085
   329 -1.287215758977
   330 -1.287160421252
   331 -1.287119562909
   332 -1.287091135682
   333 -1.287072824761
   334 -1.287063093327
   335 -1.287060401244
   336 -1.287064248841
   337 -1.287073091248
   338 -1.287086946438
   339 -1.287104266249
   340 -1.287125587341
   341 -1.287149359022
   342 -1.287175854904
   343 -1.287204565292
   344 -1.287235240335
   345 -1.287267890095
   346 -1.287302002295
   347 -1.287337063910
   348 -1.287373604299
   349 -1.287410587554
   350 -1.287449063325
   351 -1.287487473005
   352 -1.287526865168
   353 -1.287567244835
   354 -1.287607573506
   355 -1.287647855361
   356 -1.287689137286
   357 -1.287729858135
   358 -1.287771064147
   359 -1.287812236663
   360 -1.287853899846
   361 -1.287895013007
   362 -1.287936099862
   363 -1.287977162398
   364 -1.288018202422
   365 -1.288058700049
   366 -1.288099178324
   367 -1.288139638626
   368 -1.288179560673
   369 -1.288219467158
   370 -1.288258316058
   371 -1.288297672959
   372 -1.288336495670
   373 -1.288374785006
   374 -1.288412541719
   375 -1.288450288040
   376 -1.288488024604
   377 -1.288524708922
   378 -1.288561384617
   379 -1.288597009112
   380 -1.288632625954
   381 -1.288668235575
   382 -1.288702795297
   383 -1.288737348574
   384 -1.288770852674
   385 -1.288804351003
   386 -1.288837322323
   387 -1.288869766917
   388 -1.288902206593
   389 -1.288933598517
   390 -1.288964986004
   391 -1.288995847732
   392 -1.289026183908
   393 -1.289055994726
   394 -1.289085280368
   395 -1.289114562548
   396 -1.289142798347
   397 -1.289171031001
   398 -1.289199260653
   399 -1.289226444362
   400 -1.289253103798
   401 -1.289279239086
   402 -1.289305371882
   403 -1.289331502298
   404 -1.289356587360
   405 -1.289380627168
   406 -1.289405707978
   407 -1.289429743721
   408 -1.289452734483
   409 -1.289475723429
   410 -1.289498710636
   411 -1.289521174638
   412 -1.289543115509
   413 -1.289565054855
   414 -1.289585949663
   415 -1.289606843074
   416 -1.289627735149
   417 -1.289647582863
   418 -1.289667429351
   419 -1.289686231586
   420 -1.289706075776
   421 -1.289724354270
   422 -1.289743153272
   423 -1.289760908206
   424 -1.289778662193
   425 -1.289796415274
   426 -1.289813124406
   427 -1.289829832706
   428 -1.289846540209
   429 -1.289862203868
   430 -1.289877866794
   431 -1.289893529020
   432 -1.289909190574
   433 -1.289923808404
   434 -1.289938425617
   435 -1.289953042239
   436 -1.289967658295
   437 -1.289981230728
   438 -1.289994802640
   439 -1.290008374055
   440 -1.290020901911
   441 -1.290033950850
   442 -1.290046477811
   443 -1.290059004352
   444 -1.290070487410
   445 -1.290083013163
   446 -1.290094495465
   447 -1.290105977414
   448 -1.290117459023
   449 -1.290127897227
   450 -1.290138335119
   451 -1.290148772713
   452 -1.290159210021
   453 -1.290169647055
   454 -1.290180083827
   455 -1.290189477266
   456 -1.290198870465
   457 -1.290208263433
   458 -1.290217656179
   459 -1.290226005633
   460 -1.290235397965
   461 -1.290243747022
   462 -1.290252095892
   463 -1.290260444584
   464 -1.290268793105
   465 -1.290276098381
   466 -1.290284446581
   467 -1.290291751551
   468 -1.290299056376
   469 -1.290306361063
   470 -1.290313665618
   471 -1.290320970047
   472 -1.290327231273
   473 -1.290334535465
   474 -1.290340796464
   475 -1.290347057357
   476 -1.290353318147
   477 -1.290359578840
   478 -1.290365839440
   479 -1.290372099950
   480 -1.290377317293
   481 -1.290383577634
   482 -1.290388794816
   483 -1.290394011923
   484 -1.290399228957
   485 -1.290404445922
   486 -1.290409662821
   487 -1.290414879656
   488 -1.290420096431
   489 -1.290424270066
   490 -1.290429486727
   491 -1.290433660253
   492 -1.290438876809
   493 -1.290443050235
   494 -1.290447223614
   495 -1.290451396949
   496 -1.290455570240
   497 -1.290459743490
   498 -1.290463916701
   499 -1.290468089874
   500 -1.290471219930
   501 -1.290475393033
   502 -1.290478523021
   503 -1.290482696058
   504 -1.290485825984
   505 -1.290488955881
   506 -1.290493128831
   507 -1.290496258674
   508 -1.290499388490
   509 -1.290502518283
   510 -1.290505648052
   511 -1.290508777798
   512 -1.290510864442
   513 -1.290513994147
   514 -1.290517123832
   515 -1.290520253498
   516 -1.290522340065
   517 -1.290525469696
   518 -1.290527556229
   519 -1.290530685827
   520 -1.290532772329
   521 -1.290534858817
   522 -1.290537988372
   523 -1.290540074832
   524 -1.290542161280
   525 -1.290544247715
   526 -1.290546334139
   527 -1.290548420552
   528 -1.290550506954
   529 -1.290552593345
   530 -1.290554679727
   531 -1.290556766100
   532 -1.290558852463
   533 -1.290560938818
   534 -1.290563025165
   535 -1.290564068423
   536 -1.290566154754
   537 -1.290568241078
   538 -1.290569284314
   539 -1.290571370625
   540 -1.290572413848
   541 -1.290574500146
   542 -1.290575543357
   543 -1.290577629644
   544 -1.290578672844
   545 -1.290580759120
   546 -1.290581802311
   547 -1.290582845496
   548 -1.290584931759
   549 -1.290585974935
   550 -1.290587018108
   551 -1.290588061277
   552 -1.290590147523
   553 -1.290591190685
   554 -1.290592233843
   555 -1.290593276998
   556 -1.290594320149
   557 -1.290595363298
   558 -1.290596406444
   559 -1.290597449587
   560 -1.290598492727
   561 -1.290599535865
   562 -1.290600579000
   563 -1.290601622133
   564 -1.290602665264
   565 -1.290603708393
   566 -1.290604751520
   567 -1.290605794644
   568 -1.290605794686
   569 -1.290606837807
   570 -1.290607880927
   571 -1.290608924044
   572 -1.290609967160
   573 -1.290609967194
   574 -1.290611010307
   575 -1.290612053419
   576 -1.290612053448
   577 -1.290613096558
   578 -1.290614139666
   579 -1.290614139692
   580 -1.290615182797
   581 -1.290616225902
   582 -1.290616225925
   583 -1.290617269028
   584 -1.290618312130
   585 -1.290618312149
   586 -1.290619355250
   587 -1.290619355268
   588 -1.290620398366
   589 -1.290620398383
   590 -1.290621441480
   591 -1.290621441495
   592 -1.290622484591
   593 -1.290622484605
   594 -1.290623527699
   595 -1.290623527712
   596 -1.290624570806
   597 -1.290624570817
   598 -1.290625613910
   599 -1.290625613921
   600 -1.290626657012
   601 -1.290626657022
   602 -1.290626657031
   603 -1.290627700121
   604 -1.290627700130
   605 -1.290627700138
   606 -1.290628743227
   607 -1.290628743235
   608 -1.290629786323
   609 -1.290629786330
   610 -1.290629786337
   611 -1.290630829425
   612 -1.290630829431
   613 -1.290630829436
   614 -1.290631872523
   615 -1.290631872529
   616 -1.290631872534
   617 -1.290631872539
   618 -1.290632915624
   619 -1.290632915629
   620 -1.290632915633
   621 -1.290632915637
   622 -1.290633958722
   623 -1.290633958726
   624 -1.290633958730
   625 -1.290633958733
   626 -1.290635001818
   627 -1.290635001821
   628 -1.290635001824
   629 -1.290635001827
   630 -1.290636044911
   631 -1.290636044913
   632 -1.290636044916
   633 -1.290636044918
   634 -1.290636044921
   635 -1.290637088004
   636 -1.290637088006
   637 -1.290637088008
   638 -1.290637088010
   639 -1.290637088012
   640 -1.290638131095
   641 -1.290638131097
   642 -1.290638131098
   643 -1.290638131100
   644 -1.290638131101
   645 -1.290638131103
   646 -1.290639174185
   647 -1.290639174187
   648 -1.290639174188
   649 -1.290639174189
   650 -1.290639174190
   651 -1.290639174191
   652 -1.290639174193
   653 -1.290640217275
   654 -1.290640217276
   655 -1.290640217277
   656 -1.290640217278
   657 -1.290640217278
   658 -1.290640217279
   659 -1.290640217280
   660 -1.290640217281
   661 -1.290640217281
   662 -1.290641260363
   663 -1.290641260364
   664 -1.290641260365
   665 -1.290641260365
   666 -1.290641260366
   667 -1.290641260366
   668 -1.290641260367
   669 -1.290641260367
   670 -1.290641260368
   671 -1.290641260368
   672 -1.290642303450
   673 -1.290642303450
   674 -1.290642303451
   675 -1.290642303451
   676 -1.290642303452
   677 -1.290642303452
   678 -1.290642303452
   679 -1.290642303453
   680 -1.290642303453
   681 -1.290642303453
   682 -1.290642303453
   683 -1.290642303454
   684 -1.290642303454
   685 -1.290642303454
   686 -1.290643346536
   687 -1.290643346536
   688 -1.290643346536
   689 -1.290643346536
   690 -1.290643346537
   691 -1.290643346537
   692 -1.290643346537
   693 -1.290643346537
   694 -1.290643346537
   695 -1.290643346537
   696 -1.290643346538
   697 -1.290643346538
   698 -1.290643346538
   699 -1.290643346538
   700 -1.290643346538
   701 -1.290643346538
   702 -1.290643346538
   703 -1.290643346538
   704 -1.290643346539
   705 -1.290644389620
   706 -1.290644389620
   707 -1.290644389620
   708 -1.290644389620
   709 -1.290644389620
   710 -1.290644389620
   711 -1.290644389621
   712 -1.290644389621
   713 -1.290644389621
   714 -1.290644389621
   715 -1.290644389621
   716 -1.290644389621
   717 -1.290644389621
   718 -1.290644389621
   719 -1.290644389621
   720 -1.290644389621
   721 -1.290644389621
   722 -1.290644389621
   723 -1.290644389621
   724 -1.290644389621
   725 -1.290644389621
   726 -1.290644389621
   727 -1.290644389621
   728 -1.290644389621
   729 -1.290644389621
   730 -1.290644389622
   731 -1.290644389622
   732 -1.290644389622
   733 -1.290644389622
   734 -1.290644389622
   735 -1.290644389622
   736 -1.290644389622
   737 -1.290644389622
   738 -1.290645432703
   739 -1.290645432703
   740 -1.290645432703
   741 -1.290645432703
   742 -1.290645432703
   743 -1.290645432703
   744 -1.290645432703
   745 -1.290645432703
   746 -1.290645432703
   747 -1.290645432703
   748 -1.290645432703
   749 -1.290645432703
   750 -1.290645432703
   751 -1.290645432703
   752 -1.290645432703
   753 -1.290645432703
   754 -1.290645432703
   755 -1.290645432703
   756 -1.290645432703
   757 -1.290645432703
   758 -1.290645432703
   759 -1.290645432703
   760 -1.290645432703
   761 -1.290645432703
   762 -1.290645432703
   763 -1.290645432703
   764 -1.290645432703
   765 -1.290645432703
   766 -1.290645432703
   767 -1.290645432703
   768 -1.290645432703
   769 -1.290645432703
   770 -1.290645432703
   771 -1.290645432703
   772 -1.290645432703
   773 -1.290645432703
   774 -1.290645432703
   775 -1.290645432703
   776 -1.290645432703
   777 -1.290645432703
   778 -1.290645432703
   779 -1.290645432703
   780 -1.290645432703
   781 -1.290645432703
   782 -1.290645432703
   783 -1.290645432703
   784 -1.290645432703
   785 -1.290645432703
   786 -1.290645432703
   787 -1.290645432703
   788 -1.290645432703
   789 -1.290645432703
   790 -1.290645432703
   791 -1.290645432703
   792 -1.290645432703
   793 -1.290645432703
   794 -1.290645432703
   795 -1.290645432703
   796 -1.290645432704
   797 -1.290645432704
   798 -1.290645432704
   799 -1.290645432704
   800 -1.290645432704
   801 -1.290645432704
   802 -1.290645432704
   803 -1.290645432704
   804 -1.290645432704
   805 -1.290645432704
   806 -1.290645432704
   807 -1.290645432704
   808 -1.290645432704
   809 -1.290645432704
   810 -1.290645432704
   811 -1.290645432704
   812 -1.290645432704
   813 -1.290645432704
   814 -1.290645432704
   815 -1.290645432704
   816 -1.290645432704
   817 -1.290645432704
   818 -1.290645432704
   819 -1.290645432704
   820 -1.290645432704
   821 -1.290645432704
   822 -1.290645432704
   823 -1.290645432704
   824 -1.290645432704
   825 -1.290645432704
   826 -1.290645432704
   827 -1.290645432704
   828 -1.290645432704
   829 -1.290645432704
   830 -1.290645432704
   831 -1.290645432704
   832 -1.290645432704
   833 -1.290645432704
   834 -1.290645432704
   835 -1.290645432704
   836 -1.290645432704
   837 -1.290645432704
   838 -1.290645432704
   839 -1.290645432704
   840 -1.290645432704
   841 -1.290645432704
   842 -1.290645432704
   843 -1.290645432704
   844 -1.290645432704
   845 -1.290645432704
   846 -1.290645432704
   847 -1.290645432704
   848 -1.290645432704
   849 -1.290645432704
   850 -1.290645432704
   851 -1.290645432704
   852 -1.290645432704
   853 -1.290645432704
   854 -1.290645432704
   855 -1.290645432704
   856 -1.290645432704
   857 -1.290645432704
   858 -1.290645432704
   859 -1.290645432704
   860 -1.290645432704
   861 -1.290645432704
   862 -1.290645432704
   863 -1.290645432704
   864 -1.290645432704
   865 -1.290645432704
   866 -1.290645432704
   867 -1.290645432704
   868 -1.290645432704
   869 -1.290645432704
   870 -1.290645432704
   871 -1.290645432704
   872 -1.290645432704
   873 -1.290645432704
   874 -1.290645432704
   875 -1.290645432704
   876 -1.290645432704
   877 -1.290645432704
   878 -1.290645432704
   879 -1.290645432704
   880 -1.290645432704
   881 -1.290645432704
   882 -1.290645432704
   883 -1.290645432704
   884 -1.290645432704
   885 -1.290645432704
   886 -1.290645432704
   887 -1.290645432704
   888 -1.290645432704
   889 -1.290645432704
   890 -1.290645432704
   891 -1.290645432704
   892 -1.290645432704
   893 -1.290645432704
   894 -1.290645432704
   895 -1.290645432704
   896 -1.290645432704
   897 -1.290645432704
   898 -1.290645432704
   899 -1.290645432704
   900 -1.290645432704
   901 -1.290645432704
   902 -1.290645432704
   903 -1.290645432704
   904 -1.290645432704
   905 -1.290645432704
   906 -1.290645432704
   907 -1.290645432704
   908 -1.290645432704
   909 -1.290645432704
   910 -1.290645432704
   911 -1.290645432704
   912 -1.290645432704
   913 -1.290645432704
   914 -1.290645432704
   915 -1.290645432704
   916 -1.290645432704
   917 -1.290645432704
   918 -1.290645432704
   919 -1.290645432704
   920 -1.290645432704
   921 -1.290645432704
   922 -1.290645432704
   923 -1.290645432704
   924 -1.290645432704
   925 -1.290645432704
   926 -1.290645432704
   927 -1.290645432704
   928 -1.290645432704
   929 -1.290645432704
   930 -1.290645432704
   931 -1.290645432704
   932 -1.290645432704
   933 -1.290645432704
   934 -1.290645432704
   935 -1.290645432704
   936 -1.290645432704
   937 -1.290645432704
   938 -1.290645432704
   939 -1.290645432704
   940 -1.290645432704
   941 -1.290645432704
   942 -1.290645432704
   943 -1.290645432704
   944 -1.290645432704
   945 -1.290645432704
   946 -1.290645432704
   947 -1.290645432704
   948 -1.290645432704
   949 -1.290645432704
   950 -1.290645432704
   951 -1.290645432704
   952 -1.290645432704
   953 -1.290645432704
   954 -1.290645432704
   955 -1.290645432704
   956 -1.290645432704
   957 -1.290645432704
   958 -1.290645432704
   959 -1.290645432704
   960 -1.290645432704
   961 -1.290645432704
   962 -1.290645432704
   963 -1.290645432704
   964 -1.290645432704
   965 -1.290645432704
   966 -1.290645432704
   967 -1.290645432704
   968 -1.290645432704
   969 -1.290645432704
   970 -1.290645432704
   971 -1.290645432704
   972 -1.290645432704
   973 -1.290645432704
   974 -1.290645432704
   975 -1.290645432704
   976 -1.290645432704
   977 -1.290645432704
   978 -1.290645432704
   979 -1.290645432704
   980 -1.290645432704
   981 -1.290645432704
   982 -1.290645432704
   983 -1.290645432704
   984 -1.290645432704
   985 -1.290645432704
   986 -1.290645432704
   987 -1.290645432704
   988 -1.290645432704
   989 -1.290645432704
   990 -1.290645432704
   991 -1.290645432704
   992 -1.290645432704
   993 -1.290645432704
   994 -1.290645432704
   995 -1.290645432704
   996 -1.290645432704
   997 -1.290645432704
   998 -1.290645432704
   999 -1.290645432704
  1000 -1.290645432704
  1001 -1.290645432704
  1002 -1.290645432704
  1003 -1.290645432704
  1004 -1.290645432704
  1005 -1.290645432704
  1006 -1.290645432704
  1007 -1.290645432704
  1008 -1.290645432704
  1009 -1.290645432704
  1010 -1.290645432704
  1011 -1.290645432704
  1012 -1.290645432704
  1013 -1.290645432704
  1014 -1.290645432704
  1015 -1.290645432704
  1016 -1.290645432704
  1017 -1.290645432704
  1018 -1.290645432704
  1019 -1.290645432704
  1020 -1.290645432704
  1021 -1.290645432704
  1022 -1.290645432704
  1023 -1.290645432704
  1024 -1.290645432704
  1025 -1.290645432704
  1026 -1.290645432704
  1027 -1.290645432704
  1028 -1.290645432704
  1029 -1.290645432704
  1030 -1.290645432704
  1031 -1.290645432704
  1032 -1.290645432704
  1033 -1.290645432704
  1034 -1.290645432704
  1035 -1.290645432704
  1036 -1.290645432704
  1037 -1.290645432704
  1038 -1.290645432704
  1039 -1.290645432704
  1040 -1.290645432704
  1041 -1.290645432704
  1042 -1.290645432704
  1043 -1.290645432704
  1044 -1.290645432704
  1045 -1.290645432704
  1046 -1.290645432704
  1047 -1.290645432704
  1048 -1.290645432704
  1049 -1.290645432704
  1050 -1.290645432704
  1051 -1.290645432704
  1052 -1.290645432704
  1053 -1.290645432704
  1054 -1.290645432704
  1055 -1.290645432704
  1056 -1.290645432704
  1057 -1.290645432704
  1058 -1.290645432704
  1059 -1.290645432704
  1060 -1.290645432704
  1061 -1.290645432704
  1062 -1.290645432704
  1063 -1.290645432704
  1064 -1.290645432704
  1065 -1.290645432704
  1066 -1.290645432704
  1067 -1.290645432704
  1068 -1.290645432704
  1069 -1.290645432704
  1070 -1.290645432704
  1071 -1.290645432704
  1072 -1.290645432704
  1073 -1.290645432704
  1074 -1.290645432704
  1075 -1.290645432704
  1076 -1.290645432704
  1077 -1.290645432704
  1078 -1.290645432704
  1079 -1.290645432704
  1080 -1.290645432704
  1081 -1.290645432704
  1082 -1.290645432704
  1083 -1.290645432704
  1084 -1.290645432704
  1085 -1.290645432704
  1086 -1.290645432704
  1087 -1.290645432704
  1088 -1.290645432704
  1089 -1.290645432704
  1090 -1.290645432704
  1091 -1.290645432704
  1092 -1.290645432704
  1093 -1.290645432704
  1094 -1.290645432704
  1095 -1.290645432704
  1096 -1.290645432704
  1097 -1.290645432704
  1098 -1.290645432704
  1099 -1.290645432704
  1100 -1.290645432704
  1101 -1.290645432704
  1102 -1.290645432704
  1103 -1.290645432704
  1104 -1.290645432704
  1105 -1.290645432704
  1106 -1.290645432704
  1107 -1.290645432704
  1108 -1.290645432704
  1109 -1.290645432704
  1110 -1.290645432704
  1111 -1.290645432704
  1112 -1.290645432704
  1113 -1.290645432704
  1114 -1.290645432704
  1115 -1.290645432704
  1116 -1.290645432704
  1117 -1.290645432704
  1118 -1.290645432704
  1119 -1.290645432704
  1120 -1.290645432704
  1121 -1.290645432704
  1122 -1.290645432704
  1123 -1.290645432704
  1124 -1.290645432704
  1125 -1.290645432704
  1126 -1.290645432704
  1127 -1.290645432704
  1128 -1.290645432704
  1129 -1.290645432704
  1130 -1.290645432704
  1131 -1.290645432704
  1132 -1.290645432704
  1133 -1.290645432704
  1134 -1.290645432704
  1135 -1.290645432704
  1136 -1.290645432704
  1137 -1.290645432704
  1138 -1.290645432704
  1139 -1.290645432704
  1140 -1.290645432704
  1141 -1.290645432704
  1142 -1.290645432704
  1143 -1.290645432704
  1144 -1.290645432704
  1145 -1.290645432704
  1146 -1.290645432704
  1147 -1.290645432704
  1148 -1.290645432704
  1149 -1.290645432704
  1150 -1.290645432704
  1151 -1.290645432704
  1152 -1.290645432704
  1153 -1.290645432704
  1154 -1.290645432704
  1155 -1.290645432704
  1156 -1.290645432704
  1157 -1.290645432704
  1158 -1.290645432704
  1159 -1.290645432704
  1160 -1.290645432704
  1161 -1.290645432704
  1162 -1.290645432704
  1163 -1.290645432704
  1164 -1.290645432704
  1165 -1.290645432704
  1166 -1.290645432704
  1167 -1.290645432704
  1168 -1.290645432704
  1169 -1.290645432704
  1170 -1.290645432704
  1171 -1.290645432704
  1172 -1.290645432704
  1173 -1.290645432704
  1174 -1.290645432704
  1175 -1.290645432704
  1176 -1.290645432704
  1177 -1.290645432704
  1178 -1.290645432704
  1179 -1.290645432704
  1180 -1.290645432704
  1181 -1.290645432704
  1182 -1.290645432704
  1183 -1.290645432704
  1184 -1.290645432704
  1185 -1.290645432704
  1186 -1.290645432704
  1187 -1.290645432704
  1188 -1.290645432704
  1189 -1.290645432704
  1190 -1.290645432704
  1191 -1.290645432704
  1192 -1.290645432704
  1193 -1.290645432704
  1194 -1.290645432704
  1195 -1.290645432704
  1196 -1.290645432704
  1197 -1.290645432704
  1198 -1.290645432704
  1199 -1.290645432704
  1200 -1.290645432704
  1201 -1.290645432704
  1202 -1.290645432704
  1203 -1.290645432704
  1204 -1.290645432704
  1205 -1.290645432704
  1206 -1.290645432704
  1207 -1.290645432704
  1208 -1.290645432704
  1209 -1.290645432704
  1210 -1.290645432704
  1211 -1.290645432704
  1212 -1.290645432704
  1213 -1.290645432704
  1214 -1.290645432704
  1215 -1.290645432704
  1216 -1.290645432704
  1217 -1.290645432704
  1218 -1.290645432704
  1219 -1.290645432704
  1220 -1.290645432704
  1221 -1.290645432704
  1222 -1.290645432704
  1223 -1.290645432704
  1224 -1.290645432704
  1225 -1.290645432704
  1226 -1.290645432704
  1227 -1.290645432704
  1228 -1.290645432704
  1229 -1.290645432704
  1230 -1.290645432704
  1231 -1.290645432704
  1232 -1.290645432704
  1233 -1.290645432704
  1234 -1.290645432704
  1235 -1.290645432704
  1236 -1.290645432704
  1237 -1.290645432704
  1238 -1.290645432704
  1239 -1.290645432704
  1240 -1.290645432704
  1241 -1.290645432704
  1242 -1.290645432704
  1243 -1.290645432704
  1244 -1.290645432704
  1245 -1.290645432704
  1246 -1.290645432704
  1247 -1.290645432704
  1248 -1.290645432704
  1249 -1.290645432704
  1250 -1.290645432704
  1251 -1.290645432704
  1252 -1.290645432704
  1253 -1.290645432704
  1254 -1.290645432704
  1255 -1.290645432704
  1256 -1.290645432704
  1257 -1.290645432704
  1258 -1.290645432704
  1259 -1.290645432704
  1260 -1.290645432704
  1261 -1.290645432704
  1262 -1.290645432704
  1263 -1.290645432704
  1264 -1.290645432704
  1265 -1.290645432704
  1266 -1.290645432704
  1267 -1.290645432704
  1268 -1.290645432704
  1269 -1.290645432704
  1270 -1.290645432704
  1271 -1.290645432704
  1272 -1.290645432704
  1273 -1.290645432704
  1274 -1.290645432704
  1275 -1.290645432704
  1276 -1.290645432704
  1277 -1.290645432704
  1278 -1.290645432704
  1279 -1.290645432704
  1280 -1.290645432704
  1281 -1.290645432704
  1282 -1.290645432704
  1283 -1.290645432704
  1284 -1.290645432704
  1285 -1.290645432704
  1286 -1.290645432704
  1287 -1.290645432704
  1288 -1.290645432704
  1289 -1.290645432704
  1290 -1.290645432704
  1291 -1.290645432704
  1292 -1.290645432704
  1293 -1.290645432704
  1294 -1.290645432704
  1295 -1.290645432704
  1296 -1.290645432704
  1297 -1.290645432704
  1298 -1.290645432704
  1299 -1.290645432704
  1300 -1.290645432704
  1301 -1.290645432704
  1302 -1.290645432704
  1303 -1.290645432704
  1304 -1.290645432704
  1305 -1.290645432704
  1306 -1.290645432704
  1307 -1.290645432704
  1308 -1.290645432704
  1309 -1.290645432704
  1310 -1.290645432704
  1311 -1.290645432704
  1312 -1.290645432704
  1313 -1.290645432704
  1314 -1.290645432704
  1315 -1.290645432704
  1316 -1.290645432704
  1317 -1.290645432704
  1318 -1.290645432704
  1319 -1.290645432704
  1320 -1.290645432704
  1321 -1.290645432704
  1322 -1.290645432704
  1323 -1.290645432704
  1324 -1.290645432704
  1325 -1.290645432704
  1326 -1.290645432704
  1327 -1.290645432704
  1328 -1.290645432704
  1329 -1.290645432704
  1330 -1.290645432704
  1331 -1.290645432704
  1332 -1.290645432704
  1333 -1.290645432704
  1334 -1.290645432704
  1335 -1.290645432704
  1336 -1.290645432704
  1337 -1.290645432704
  1338 -1.290645432704
  1339 -1.290645432704
  1340 -1.290645432704
  1341 -1.290645432704
  1342 -1.290645432704
  1343 -1.290645432704
  1344 -1.290645432704
  1345 -1.290645432704
  1346 -1.290645432704
  1347 -1.290645432704
  1348 -1.290645432704
  1349 -1.290645432704
  1350 -1.290645432704
  1351 -1.290645432704
  1352 -1.290645432704
  1353 -1.290645432704
  1354 -1.290645432704
  1355 -1.290645432704
  1356 -1.290645432704
  1357 -1.290645432704
  1358 -1.290645432704
  1359 -1.290645432704
  1360 -1.290645432704
  1361 -1.290645432704
  1362 -1.290645432704
  1363 -1.290645432704
  1364 -1.290645432704
  1365 -1.290645432704
  1366 -1.290645432704
  1367 -1.290645432704
  1368 -1.290645432704
  1369 -1.290645432704
  1370 -1.290645432704
  1371 -1.290645432704
  1372 -1.290645432704
  1373 -1.290645432704
  1374 -1.290645432704
  1375 -1.290645432704
  1376 -1.290645432704
  1377 -1.290645432704
  1378 -1.290645432704
  1379 -1.290645432704
  1380 -1.290645432704
  1381 -1.290645432704
  1382 -1.290645432704
  1383 -1.290645432704
  1384 -1.290645432704
  1385 -1.290645432704
  1386 -1.290645432704
  1387 -1.290645432704
  1388 -1.290645432704
  1389 -1.290645432704
  1390 -1.290645432704
  1391 -1.290645432704
  1392 -1.290645432704
  1393 -1.290645432704
  1394 -1.290645432704
  1395 -1.290645432704
  1396 -1.290645432704
  1397 -1.290645432704
  1398 -1.290645432704
  1399 -1.290645432704
  1400 -1.290645432704
  1401 -1.290645432704
  1402 -1.290645432704
  1403 -1.290645432704
  1404 -1.290645432704
  1405 -1.290645432704
  1406 -1.290645432704
  1407 -1.290645432704
  1408 -1.290645432704
  1409 -1.290645432704
  1410 -1.290645432704
  1411 -1.290645432704
  1412 -1.290645432704
  1413 -1.290645432704
  1414 -1.290645432704
  1415 -1.290645432704
  1416 -1.290645432704
  1417 -1.290645432704
  1418 -1.290645432704
  1419 -1.290645432704
  1420 -1.290645432704
  1421 -1.290645432704
  1422 -1.290645432704
  1423 -1.290645432704
  1424 -1.290645432704
  1425 -1.290645432704
  1426 -1.290645432704
  1427 -1.290645432704
  1428 -1.290645432704
  1429 -1.290645432704
  1430 -1.290645432704
  1431 -1.290645432704
  1432 -1.290645432704
  1433 -1.290645432704
  1434 -1.290645432704
  1435 -1.290645432704
  1436 -1.290645432704
  1437 -1.290645432704
  1438 -1.290645432704
  1439 -1.290645432704
  1440 -1.290645432704
  1441 -1.290645432704
  1442 -1.290645432704
  1443 -1.290645432704
  1444 -1.290645432704
  1445 -1.290645432704
  1446 -1.290645432704
  1447 -1.290645432704
  1448 -1.290645432704
  1449 -1.290645432704
  1450 -1.290645432704
  1451 -1.290645432704
  1452 -1.290645432704
  1453 -1.290645432704
  1454 -1.290645432704
  1455 -1.290645432704
  1456 -1.290645432704
  1457 -1.290645432704
  1458 -1.290645432704
  1459 -1.290645432704
  1460 -1.290645432704
  1461 -1.290645432704
  1462 -1.290645432704
  1463 -1.290645432704
  1464 -1.290645432704
  1465 -1.290645432704
  1466 -1.290645432704
  1467 -1.290645432704
  1468 -1.290645432704
  1469 -1.290645432704
  1470 -1.290645432704
  1471 -1.290645432704
  1472 -1.290645432704
  1473 -1.290645432704
  1474 -1.290645432704
  1475 -1.290645432704
  1476 -1.290645432704
  1477 -1.290645432704
  1478 -1.290645432704
  1479 -1.290645432704
  1480 -1.290645432704
  1481 -1.290645432704
  1482 -1.290645432704
  1483 -1.290645432704
  1484 -1.290645432704
  1485 -1.290645432704
  1486 -1.290645432704
  1487 -1.290645432704
  1488 -1.290645432704
  1489 -1.290645432704
  1490 -1.290645432704
  1491 -1.290645432704
  1492 -1.290645432704
  1493 -1.290645432704
  1494 -1.290645432704
  1495 -1.290645432704
  1496 -1.290645432704
  1497 -1.290645432704
  1498 -1.290645432704
  1499 -1.290645432704
  1500 -1.290645432704
  1501 -1.290645432704
  1502 -1.290645432704
  1503 -1.290645432704
  1504 -1.290645432704
  1505 -1.290645432704
  1506 -1.290645432704
  1507 -1.290645432704
  1508 -1.290645432704
  1509 -1.290645432704
  1510 -1.290645432704
  1511 -1.290645432704
  1512 -1.290645432704
  1513 -1.290645432704
  1514 -1.290645432704
  1515 -1.290645432704
  1516 -1.290645432704
  1517 -1.290645432704
  1518 -1.290645432704
  1519 -1.290645432704
  1520 -1.290645432704
  1521 -1.290645432704
  1522 -1.290645432704
  1523 -1.290645432704
  1524 -1.290645432704
  1525 -1.290645432704
  1526 -1.290645432704
  1527 -1.290645432704
  1528 -1.290645432704
  1529 -1.290645432704
  1530 -1.290645432704
  1531 -1.290645432704
  1532 -1.290645432704
  1533 -1.290645432704
  1534 -1.290645432704
  1535 -1.290645432704
  1536 -1.290645432704
  1537 -1.290645432704
  1538 -1.290645432704
  1539 -1.290645432704
  1540 -1.290645432704
  1541 -1.290645432704
  1542 -1.290645432704
  1543 -1.290645432704
  1544 -1.290645432704
  1545 -1.290645432704
  1546 -1.290645432704
  1547 -1.290645432704
  1548 -1.290645432704
  1549 -1.290645432704
  1550 -1.290645432704
  1551 -1.290645432704
  1552 -1.290645432704
  1553 -1.290645432704
  1554 -1.290645432704
  1555 -1.290645432704
  1556 -1.290645432704
  1557 -1.290645432704
  1558 -1.290645432704
  1559 -1.290645432704
  1560 -1.290645432704
  1561 -1.290645432704
  1562 -1.290645432704
  1563 -1.290645432704
  1564 -1.290645432704
  1565 -1.290645432704
  1566 -1.290645432704
  1567 -1.290645432704
  1568 -1.290645432704
  1569 -1.290645432704
  1570 -1.290645432704
  1571 -1.290645432704
  1572 -1.290645432704
  1573 -1.290645432704
  1574 -1.290645432704
  1575 -1.290645432704
  1576 -1.290645432704
  1577 -1.290645432704
  1578 -1.290645432704
  1579 -1.290645432704
  1580 -1.290645432704
  1581 -1.290645432704
  1582 -1.290645432704
  1583 -1.290645432704
  1584 -1.290645432704
  1585 -1.290645432704
  1586 -1.290645432704
  1587 -1.290645432704
  1588 -1.290645432704
  1589 -1.290645432704
  1590 -1.290645432704
  1591 -1.290645432704
  1592 -1.290645432704
  1593 -1.290645432704
  1594 -1.290645432704
  1595 -1.290645432704
  1596 -1.290645432704
  1597 -1.290645432704
  1598 -1.290645432704
  1599 -1.290645432704
  1600 -1.290645432704
  1601 -1.290645432704
  1602 -1.290645432704
  1603 -1.290645432704
  1604 -1.290645432704
  1605 -1.290645432704
  1606 -1.290645432704
  1607 -1.290645432704
  1608 -1.290645432704
  1609 -1.290645432704
  1610 -1.290645432704
  1611 -1.290645432704
  1612 -1.290645432704
  1613 -1.290645432704
  1614 -1.290645432704
  1615 -1.290645432704
  1616 -1.290645432704
  1617 -1.290645432704
  1618 -1.290645432704
  1619 -1.290645432704
  1620 -1.290645432704
  1621 -1.290645432704
  1622 -1.290645432704
  1623 -1.290645432704
  1624 -1.290645432704
  1625 -1.290645432704
  1626 -1.290645432704
  1627 -1.290645432704
  1628 -1.290645432704
  1629 -1.290645432704
  1630 -1.290645432704
  1631 -1.290645432704
  1632 -1.290645432704
  1633 -1.290645432704
  1634 -1.290645432704
  1635 -1.290645432704
  1636 -1.290645432704
  1637 -1.290645432704
  1638 -1.290645432704
  1639 -1.290645432704
  1640 -1.290645432704
  1641 -1.290645432704
  1642 -1.290645432704
  1643 -1.290645432704
  1644 -1.290645432704
  1645 -1.290645432704
  1646 -1.290645432704
  1647 -1.290645432704
  1648 -1.290645432704
  1649 -1.290645432704
  1650 -1.290645432704
  1651 -1.290645432704
  1652 -1.290645432704
  1653 -1.290645432704
  1654 -1.290645432704
  1655 -1.290645432704
  1656 -1.290645432704
  1657 -1.290645432704
  1658 -1.290645432704
  1659 -1.290645432704
  1660 -1.290645432704
  1661 -1.290645432704
  1662 -1.290645432704
  1663 -1.290645432704
  1664 -1.290645432704
  1665 -1.290645432704
  1666 -1.290645432704
  1667 -1.290645432704
  1668 -1.290645432704
  1669 -1.290645432704
  1670 -1.290645432704
  1671 -1.290645432704
  1672 -1.290645432704
  1673 -1.290645432704
  1674 -1.290645432704
  1675 -1.290645432704
  1676 -1.290645432704
  1677 -1.290645432704
  1678 -1.290645432704
  1679 -1.290645432704
  1680 -1.290645432704
  1681 -1.290645432704
  1682 -1.290645432704
  1683 -1.290645432704
  1684 -1.290645432704
  1685 -1.290645432704
  1686 -1.290645432704
  1687 -1.290645432704
  1688 -1.290645432704
  1689 -1.290645432704
  1690 -1.290645432704
  1691 -1.290645432704
  1692 -1.290645432704
  1693 -1.290645432704
  1694 -1.290645432704
  1695 -1.290645432704
  1696 -1.290645432704
  1697 -1.290645432704
  1698 -1.290645432704
  1699 -1.290645432704
  1700 -1.290645432704
  1701 -1.290645432704
  1702 -1.290645432704
  1703 -1.290645432704
  1704 -1.290645432704
  1705 -1.290645432704
  1706 -1.290645432704
  1707 -1.290645432704
  1708 -1.290645432704
  1709 -1.290645432704
  1710 -1.290645432704
  1711 -1.290645432704
  1712 -1.290645432704
  1713 -1.290645432704
  1714 -1.290645432704
  1715 -1.290645432704
  1716 -1.290645432704
  1717 -1.290645432704
  1718 -1.290645432704
  1719 -1.290645432704
  1720 -1.290645432704
  1721 -1.290645432704
  1722 -1.290645432704
  1723 -1.290645432704
  1724 -1.290645432704
  1725 -1.290645432704
  1726 -1.290645432704
  1727 -1.290645432704
  1728 -1.290645432704
  1729 -1.290645432704
  1730 -1.290645432704
  1731 -1.290645432704
  1732 -1.290645432704
  1733 -1.290645432704
  1734 -1.290645432704
  1735 -1.290645432704
  1736 -1.290645432704
  1737 -1.290645432704
  1738 -1.290645432704
  1739 -1.290645432704
  1740 -1.290645432704
  1741 -1.290645432704
  1742 -1.290645432704
  1743 -1.290645432704
  1744 -1.290645432704
  1745 -1.290645432704
  1746 -1.290645432704
  1747 -1.290645432704
  1748 -1.290645432704
  1749 -1.290645432704
  1750 -1.290645432704
  1751 -1.290645432704
  1752 -1.290645432704
  1753 -1.290645432704
  1754 -1.290645432704
  1755 -1.290645432704
  1756 -1.290645432704
  1757 -1.290645432704
  1758 -1.290645432704
  1759 -1.290645432704
  1760 -1.290645432704
  1761 -1.290645432704
  1762 -1.290645432704
  1763 -1.290645432704
  1764 -1.290645432704
  1765 -1.290645432704
  1766 -1.290645432704
  1767 -1.290645432704
  1768 -1.290645432704
  1769 -1.290645432704
  1770 -1.290645432704
  1771 -1.290645432704
  1772 -1.290645432704
  1773 -1.290645432704
  1774 -1.290645432704
  1775 -1.290645432704
  1776 -1.290645432704
  1777 -1.290645432704
  1778 -1.290645432704
  1779 -1.290645432704
  1780 -1.290645432704
  1781 -1.290645432704
  1782 -1.290645432704
  1783 -1.290645432704
  1784 -1.290645432704
  1785 -1.290645432704
  1786 -1.290645432704
  1787 -1.290645432704
  1788 -1.290645432704
  1789 -1.290645432704
  1790 -1.290645432704
  1791 -1.290645432704
  1792 -1.290645432704
  1793 -1.290645432704
  1794 -1.290645432704
  1795 -1.290645432704
  1796 -1.290645432704
  1797 -1.290645432704
  1798 -1.290645432704
  1799 -1.290645432704
  1800 -1.290645432704
  1801 -1.290645432704
  1802 -1.290645432704
  1803 -1.290645432704
  1804 -1.290645432704
  1805 -1.290645432704
  1806 -1.290645432704
  1807 -1.290645432704
  1808 -1.290645432704
  1809 -1.290645432704
  1810 -1.290645432704
  1811 -1.290645432704
  1812 -1.290645432704
  1813 -1.290645432704
  1814 -1.290645432704
  1815 -1.290645432704
  1816 -1.290645432704
  1817 -1.290645432704
  1818 -1.290645432704
  1819 -1.290645432704
  1820 -1.290645432704
  1821 -1.290645432704
  1822 -1.290645432704
  1823 -1.290645432704
  1824 -1.290645432704
  1825 -1.290645432704
  1826 -1.290645432704
  1827 -1.290645432704
  1828 -1.290645432704
  1829 -1.290645432704
  1830 -1.290645432704
  1831 -1.290645432704
  1832 -1.290645432704
  1833 -1.290645432704
  1834 -1.290645432704
  1835 -1.290645432704
  1836 -1.290645432704
  1837 -1.290645432704
  1838 -1.290645432704
  1839 -1.290645432704
  1840 -1.290645432704
  1841 -1.290645432704
  1842 -1.290645432704
  1843 -1.290645432704
  1844 -1.290645432704
  1845 -1.290645432704
  1846 -1.290645432704
  1847 -1.290645432704
  1848 -1.290645432704
  1849 -1.290645432704
  1850 -1.290645432704
  1851 -1.290645432704
  1852 -1.290645432704
  1853 -1.290645432704
  1854 -1.290645432704
  1855 -1.290645432704
  1856 -1.290645432704
  1857 -1.290645432704
  1858 -1.290645432704
  1859 -1.290645432704
  1860 -1.290645432704
  1861 -1.290645432704
  1862 -1.290645432704
  1863 -1.290645432704
  1864 -1.290645432704
  1865 -1.290645432704
  1866 -1.290645432704
  1867 -1.290645432704
  1868 -1.290645432704
  1869 -1.290645432704
  1870 -1.290645432704
  1871 -1.290645432704
  1872 -1.290645432704
  1873 -1.290645432704
  1874 -1.290645432704
  1875 -1.290645432704
  1876 -1.290645432704
  1877 -1.290645432704
  1878 -1.290645432704
  1879 -1.290645432704
  1880 -1.290645432704
  1881 -1.290645432704
  1882 -1.290645432704
  1883 -1.290645432704
  1884 -1.290645432704
  1885 -1.290645432704
  1886 -1.290645432704
  1887 -1.290645432704
  1888 -1.290645432704
  1889 -1.290645432704
  1890 -1.290645432704
  1891 -1.290645432704
  1892 -1.290645432704
  1893 -1.290645432704
  1894 -1.290645432704
  1895 -1.290645432704
  1896 -1.290645432704
  1897 -1.290645432704
  1898 -1.290645432704
  1899 -1.290645432704
  1900 -1.290645432704
  1901 -1.290645432704
  1902 -1.290645432704
  1903 -1.290645432704
  1904 -1.290645432704
  1905 -1.290645432704
  1906 -1.290645432704
  1907 -1.290645432704
  1908 -1.290645432704
  1909 -1.290645432704
  1910 -1.290645432704
  1911 -1.290645432704
  1912 -1.290645432704
  1913 -1.290645432704
  1914 -1.290645432704
  1915 -1.290645432704
  1916 -1.290645432704
  1917 -1.290645432704
  1918 -1.290645432704
  1919 -1.290645432704
  1920 -1.290645432704
  1921 -1.290645432704
  1922 -1.290645432704
  1923 -1.290645432704
  1924 -1.290645432704
  1925 -1.290645432704
  1926 -1.290645432704
  1927 -1.290645432704
  1928 -1.290645432704
  1929 -1.290645432704
  1930 -1.290645432704
  1931 -1.290645432704
  1932 -1.290645432704
  1933 -1.290645432704
  1934 -1.290645432704
  1935 -1.290645432704
  1936 -1.290645432704
  1937 -1.290645432704
  1938 -1.290645432704
  1939 -1.290645432704
  1940 -1.290645432704
  1941 -1.290645432704
  1942 -1.290645432704
  1943 -1.290645432704
  1944 -1.290645432704
  1945 -1.290645432704
  1946 -1.290645432704
  1947 -1.290645432704
  1948 -1.290645432704
  1949 -1.290645432704
  1950 -1.290645432704
  1951 -1.290645432704
  1952 -1.290645432704
  1953 -1.290645432704
  1954 -1.290645432704
  1955 -1.290645432704
  1956 -1.290645432704
  1957 -1.290645432704
  1958 -1.290645432704
  1959 -1.290645432704
  1960 -1.290645432704
  1961 -1.290645432704
  1962 -1.290645432704
  1963 -1.290645432704
  1964 -1.290645432704
  1965 -1.290645432704
  1966 -1.290645432704
  1967 -1.290645432704
  1968 -1.290645432704
  1969 -1.290645432704
  1970 -1.290645432704
  1971 -1.290645432704
  1972 -1.290645432704
  1973 -1.290645432704
  1974 -1.290645432704
  1975 -1.290645432704
  1976 -1.290645432704
  1977 -1.290645432704
  1978 -1.290645432704
  1979 -1.290645432704
  1980 -1.290645432704
  1981 -1.290645432704
  1982 -1.290645432704
  1983 -1.290645432704
  1984 -1.290645432704
  1985 -1.290645432704
  1986 -1.290645432704
  1987 -1.290645432704
  1988 -1.290645432704
  1989 -1.290645432704
  1990 -1.290645432704
  1991 -1.290645432704
  1992 -1.290645432704
  1993 -1.290645432704
  1994 -1.290645432704
  1995 -1.290645432704
  1996 -1.290645432704
  1997 -1.290645432704
  1998 -1.290645432704
  1999 -1.290645432704
  2000 -1.290645432704
