     1 -1.023964581286
     2 -1.433050305042
     3 -1.706894414317
     4 -1.844657391326
     5 -1.921679452660
     6 -1.968923936877
     7 -2.000264727987
     8 -2.022229208136
     9 -2.038121890562
    10 -2.049845542876
    11 -2.058608968382
    12 -2.065228853766
    13 -2.070267185646
    14 -2.074129017532
    15 -2.077107241705
    16 -2.079417581057
    17 -2.081211986606
    18 -2.082612508906
    19 -2.083711580306
    20 -2.084572179370
    21 -2.085248789642
    22 -2.085783285634
    23 -2.086200795792
    24 -2.086534757937
    25 -2.086793554007
    26 -2.087002241448
    27 -2.087169179780
    28 -2.087298550750
    29 -2.087402877305
    30 -2.087482163246
    31 -2.087548927958
    32 -2.087599000660
    33 -2.087640726978
    34 -2.087674107541
    35 -2.087699142746
    36 -2.087720005175
    37 -2.087736694989
    38 -2.087753384618
    39 -2.087761729479
    40 -2.087770074264
    41 -2.087778419001
    42 -2.087782591381
    43 -2.087786763742
    44 -2.087790936090
    45 -2.087790936104
    46 -2.087795108439
    47 -2.087795108445
    48 -2.087795108449
    49 -2.087799280776
    50 -2.087799280778
    51 -2.183142782120
    52 -2.146505778931
    53 -2.165019045617
    54 -2.162293127292
    55 -2.151385468594
    56 -2.141241527307
    57 -2.132027966542
    58 -2.123973514725
    59 -2.117105686192
    60 -2.111363337020
    61 -2.106632881676
    62 -2.102786458058
    63 -2.099692629991
    64 -2.097215622758
    65 -2.095242208225
    66 -2.093678568939
    67 -2.092442547531
    68 -2.091463993052
    69 -2.090693309970
    70 -2.090084890337
    71 -2.089605531318
    72 -2.089226134366
    73 -2.088925904087
    74 -2.088692364337
    75 -2.088504678709
    76 -2.088358690516
    77 -2.088241892482
    78 -2.088150118323
    79 -2.088079199481
    80 -2.088020793654
    81 -2.087979074642
    82 -2.087941526389
    83 -2.087912321802
    84 -2.087891461244
    85 -2.087870600294
    86 -2.087858083746
    87 -2.087845567042
    88 -2.087837222563
    89 -2.087828878022
    90 -2.087824705766
    91 -2.087820533485
    92 -2.087816361188
    93 -2.087816361205
    94 -2.087812188892
    95 -2.087812188899
    96 -2.087808016578
    97 -2.087808016581
    98 -2.087808016583
    99 -2.087808016584
   100 -2.087803844260
   101 -2.151256342663
   102 -2.056379202969
   103 -2.095243479180
   104 -2.112516176451
   105 -2.115486770645
   106 -2.112203413140
   107 -2.107872076262
   108 -2.103922568451
   109 -2.100657419766
   110 -2.098038857659
   111 -2.095952005020
   112 -2.094298969305
   113 -2.092983845256
   114 -2.091932285116
   115 -2.091097170062
   116 -2.090430223079
   117 -2.089899163943
   118 -2.089475464578
   119 -2.089134511773
   120 -2.088864050476
   121 -2.088647554841
   122 -2.088476782438
   123 -2.088343452643
   124 -2.088230916313
   125 -2.088147543334
   126 -2.088076660263
   127 -2.088022449413
   128 -2.087976572425
   129 -2.087943205595
   130 -2.087914006776
   131 -2.087888977553
   132 -2.087872291252
   133 -2.087859776180
   134 -2.087847260412
   135 -2.087838916530
   136 -2.087830572367
   137 -2.087826400352
   138 -2.087822228224
   139 -2.087818056024
   140 -2.087813883779
   141 -2.087813883830
   142 -2.087809711537
   143 -2.087809711557
   144 -2.087809711570
   145 -2.087805539254
   146 -2.087805539259
   147 -2.087805539262
   148 -2.087805539264
   149 -2.087805539266
   150 -2.087805539267
   151 -2.206274009787
   152 -2.167384280429
   153 -2.192087841220
   154 -2.167072947054
   155 -2.154886677553
   156 -2.142939013402
   157 -2.132600535328
   158 -2.124016490331
   159 -2.116947922191
   160 -2.111184644282
   161 -2.106511653822
   162 -2.102743635157
   163 -2.099713900122
   164 -2.097285599548
   165 -2.095349072201
   166 -2.093801821223
   167 -2.092569852936
   168 -2.091591265540
   169 -2.090816414596
   170 -2.090199668172
   171 -2.089707812420
   172 -2.089315916637
   173 -2.089007356384
   174 -2.088761310851
   175 -2.088565288807
   176 -2.088410961866
   177 -2.088285823335
   178 -2.088185707408
   179 -2.088110618221
   180 -2.088048041417
   181 -2.087997978664
   182 -2.087956258699
   183 -2.087927054521
   184 -2.087902021911
   185 -2.087881161142
   186 -2.087864472388
   187 -2.087851955763
   188 -2.087843611337
   189 -2.087835266830
   190 -2.087826922271
   191 -2.087822750005
   192 -2.087818577717
   193 -2.087814405416
   194 -2.087814405432
   195 -2.087810233116
   196 -2.087810233123
   197 -2.087810233127
   198 -2.087806060804
   199 -2.087806060806
   200 -2.087806060807
   201 -2.172317077912
   202 -2.108303259690
   203 -2.182893990314
   204 -2.174424549199
   205 -2.163280968122
   206 -2.151043484811
   207 -2.139832323869
   208 -2.130130874355
   209 -2.121991078272
   210 -2.115268681999
   211 -2.109774824823
   212 -2.105315961480
   213 -2.101728070242
   214 -2.098850992155
   215 -2.096555339030
   216 -2.094731018541
   217 -2.093283667804
   218 -2.092135017239
   219 -2.091227286144
   220 -2.090510804353
   221 -2.089944099097
   222 -2.089493949574
   223 -2.089139593601
   224 -2.088860232224
   225 -2.088639215659
   226 -2.088464051863
   227 -2.088326411925
   228 -2.088217961134
   229 -2.088134533448
   230 -2.088063615861
   231 -2.088009383218
   232 -2.087967664786
   233 -2.087934289249
   234 -2.087909257247
   235 -2.087884224536
   236 -2.087867536025
   237 -2.087855019552
   238 -2.087846675223
   239 -2.087838330777
   240 -2.087829986256
   241 -2.087821641689
   242 -2.087821641742
   243 -2.087817469451
   244 -2.087813297147
   245 -2.087813297161
   246 -2.087809124845
   247 -2.087809124850
   248 -2.087809124854
   249 -2.087804952531
   250 -2.087804952532
   251 -2.161398585423
   252 -2.120843181152
   253 -2.157258952058
   254 -2.155316410820
   255 -2.149890621031
   256 -2.141771185848
   257 -2.133522756488
   258 -2.125977511049
   259 -2.119353471471
   260 -2.113675616599
   261 -2.108889895384
   262 -2.104907661203
   263 -2.101624545488
   264 -2.098938294653
   265 -2.096754671568
   266 -2.094984250754
   267 -2.093557583922
   268 -2.092408846669
   269 -2.091488560859
   270 -2.090751204685
   271 -2.090159464526
   272 -2.089684284953
   273 -2.089304900320
   274 -2.089004682428
   275 -2.088762808560
   276 -2.088566786543
   277 -2.088412459875
   278 -2.088291493993
   279 -2.088191378354
   280 -2.088116289397
   281 -2.088049540439
   282 -2.087999477813
   283 -2.087961930263
   284 -2.087928553822
   285 -2.087903521254
   286 -2.087882660513
   287 -2.087865971780
   288 -2.087853455167
   289 -2.087845110750
   290 -2.087836766248
   291 -2.087828421694
   292 -2.087824249430
   293 -2.087820077144
   294 -2.087815904844
   295 -2.087815904860
   296 -2.087811732545
   297 -2.087811732552
   298 -2.087807560231
   299 -2.087807560233
   300 -2.087807560235
   301 -2.173056493280
   302 -2.086705507262
   303 -2.106843119137
   304 -2.120033776238
   305 -2.119620779040
   306 -2.115855553319
   307 -2.111112244848
   308 -2.106680067577
   309 -2.102943588903
   310 -2.099896624665
   311 -2.097442514765
   312 -2.095475885265
   313 -2.093901271905
   314 -2.092648697496
   315 -2.091650251222
   316 -2.090853491811
   317 -2.090221949289
   318 -2.089718726133
   319 -2.089319185209
   320 -2.089006879084
   321 -2.088756921651
   322 -2.088556886568
   323 -2.088398484872
   324 -2.088277578521
   325 -2.088177499355
   326 -2.088102432774
   327 -2.088039869888
   328 -2.087989815715
   329 -2.087952273368
   330 -2.087918900134
   331 -2.087893869545
   332 -2.087877182352
   333 -2.087860494374
   334 -2.087847978228
   335 -2.087839634100
   336 -2.087831289778
   337 -2.087827117660
   338 -2.087822945465
   339 -2.087818773222
   340 -2.087814600948
   341 -2.087810428656
   342 -2.087810428676
   343 -2.087810428689
   344 -2.087806256372
   345 -2.087806256378
   346 -2.087806256381
   347 -2.087806256383
   348 -2.087806256384
   349 -2.087806256385
   350 -2.087806256386
   351 -2.087802084061
   352 -2.087802084061
   353 -2.087802084061
   354 -2.087802084061
   355 -2.087802084061
   356 -2.087802084061
   357 -2.087802084061
   358 -2.087802084061
   359 -2.087802084061
   360 -2.087802084061
   361 -2.087802084061
   362 -2.087802084061
   363 -2.087802084061
   364 -2.087802084061
   365 -2.087802084061
   366 -2.087802084061
   367 -2.087802084061
   368 -2.087802084061
   369 -2.087802084061
   370 -2.087802084061
   371 -2.087802084061
   372 -2.087802084061
   373 -2.087802084061
   374 -2.087802084061
   375 -2.087802084061
   376 -2.087802084061
   377 -2.087802084061
   378 -2.087802084061
   379 -2.087802084061
   380 -2.087802084061
   381 -2.087802084061
   382 -2.087802084061
   383 -2.087802084061
   384 -2.087802084061
   385 -2.087802084061
   386 -2.087802084061
   387 -2.087802084061
   388 -2.087802084061
   389 -2.087802084061
   390 -2.087802084061
   391 -2.087802084061
   392 -2.087802084061
   393 -2.087802084061
   394 -2.087802084061
   395 -2.087802084061
   396 -2.087802084061
   397 -2.087802084061
   398 -2.087802084061
   399 -2.087802084061
   400 -2.087802084061
   401 -2.087802084061
   402 -2.087802084061
   403 -2.087802084061
   404 -2.087802084061
   405 -2.087802084061
   406 -2.087802084061
   407 -2.087802084061
   408 -2.087802084061
   409 -2.087802084061
   410 -2.087802084061
   411 -2.087802084061
   412 -2.087802084061
   413 -2.087802084061
   414 -2.087802084061
   415 -2.087802084061
   416 -2.087802084061
   417 -2.087802084061
   418 -2.087802084061
   419 -2.087802084061
   420 -2.087802084061
   421 -2.087802084061
   422 -2.087802084061
   423 -2.087802084061
   424 -2.087802084061
   425 -2.087802084061
   426 -2.087802084061
   427 -2.087802084061
   428 -2.087802084061
   429 -2.087802084061
   430 -2.087802084061
   431 -2.087802084061
   432 -2.087802084061
   433 -2.087802084061
   434 -2.087802084061
   435 -2.087802084061
   436 -2.087802084061
   437 -2.087802084061
   438 -2.087802084061
   439 -2.087802084061
   440 -2.087802084061
   441 -2.087802084061
   442 -2.087802084061
   443 -2.087802084061
   444 -2.087802084061
   445 -2.087802084061
   446 -2.087802084061
   447 -2.087802084061
   448 -2.087802084061
   449 -2.087802084061
   450 -2.087802084061
   451 -2.087802084061
   452 -2.087802084061
   453 -2.087802084061
   454 -2.087802084061
   455 -2.087802084061
   456 -2.087802084061
   457 -2.087802084061
   458 -2.087802084061
   459 -2.087802084061
   460 -2.087802084061
   461 -2.087802084061
   462 -2.087802084061
   463 -2.087802084061
   464 -2.087802084061
   465 -2.087802084061
   466 -2.087802084061
   467 -2.087802084061
   468 -2.087802084061
   469 -2.087802084061
   470 -2.087802084061
   471 -2.087802084061
   472 -2.087802084061
   473 -2.087802084061
   474 -2.087802084061
   475 -2.087802084061
   476 -2.087802084061
   477 -2.087802084061
   478 -2.087802084061
   479 -2.087802084061
   480 -2.087802084061
   481 -2.087802084061
   482 -2.087802084061
   483 -2.087802084061
   484 -2.087802084061
   485 -2.087802084061
   486 -2.087802084061
   487 -2.087802084061
   488 -2.087802084061
   489 -2.087802084061
   490 -2.087802084061
   491 -2.087802084061
   492 -2.087802084061
   493 -2.087802084061
   494 -2.087802084061
   495 -2.087802084061
   496 -2.087802084061
   497 -2.087802084061
   498 -2.087802084061
   499 -2.087802084061
   500 -2.087802084061
   501 -2.087802084061
   502 -2.087802084061
   503 -2.087802084061
   504 -2.087802084061
   505 -2.087802084061
   506 -2.087802084061
   507 -2.087802084061
   508 -2.087802084061
   509 -2.087802084061
   510 -2.087802084061
   511 -2.087802084061
   512 -2.087802084061
   513 -2.087802084061
   514 -2.087802084061
   515 -2.087802084061
   516 -2.087802084061
   517 -2.087802084061
   518 -2.087802084061
   519 -2.087802084061
   520 -2.087802084061
   521 -2.087802084061
   522 -2.087802084061
   523 -2.087802084061
   524 -2.087802084061
   525 -2.087802084061
   526 -2.087802084061
   527 -2.087802084061
   528 -2.087802084061
   529 -2.087802084061
   530 -2.087802084061
   531 -2.087802084061
   532 -2.087802084061
   533 -2.087802084061
   534 -2.087802084061
   535 -2.087802084061
   536 -2.087802084061
   537 -2.087802084061
   538 -2.087802084061
   539 -2.087802084061
   540 -2.087802084061
   541 -2.087802084061
   542 -2.087802084061
   543 -2.087802084061
   544 -2.087802084061
   545 -2.087802084061
   546 -2.087802084061
   547 -2.087802084061
   548 -2.087802084061
   549 -2.087802084061
   550 -2.087802084061
   551 -2.087802084061
   552 -2.087802084061
   553 -2.087802084061
   554 -2.087802084061
   555 -2.087802084061
   556 -2.087802084061
   557 -2.087802084061
   558 -2.087802084061
   559 -2.087802084061
   560 -2.087802084061
   561 -2.087802084061
   562 -2.087802084061
   563 -2.087802084061
   564 -2.087802084061
   565 -2.087802084061
   566 -2.087802084061
   567 -2.087802084061
   568 -2.087802084061
   569 -2.087802084061
   570 -2.087802084061
   571 -2.087802084061
   572 -2.087802084061
   573 -2.087802084061
   574 -2.087802084061
   575 -2.087802084061
   576 -2.087802084061
   577 -2.087802084061
   578 -2.087802084061
   579 -2.087802084061
   580 -2.087802084061
   581 -2.087802084061
   582 -2.087802084061
   583 -2.087802084061
   584 -2.087802084061
   585 -2.087802084061
   586 -2.087802084061
   587 -2.087802084061
   588 -2.087802084061
   589 -2.087802084061
   590 -2.087802084061
   591 -2.087802084061
   592 -2.087802084061
   593 -2.087802084061
   594 -2.087802084061
   595 -2.087802084061
   596 -2.087802084061
   597 -2.087802084061
   598 -2.087802084061
   599 -2.087802084061
   600 -2.087802084061
   601 -2.087802084061
   602 -2.087802084061
   603 -2.087802084061
   604 -2.087802084061
   605 -2.087802084061
   606 -2.087802084061
   607 -2.087802084061
   608 -2.087802084061
   609 -2.087802084061
   610 -2.087802084061
   611 -2.087802084061
   612 -2.087802084061
   613 -2.087802084061
   614 -2.087802084061
   615 -2.087802084061
   616 -2.087802084061
   617 -2.087802084061
   618 -2.087802084061
   619 -2.087802084061
   620 -2.087802084061
   621 -2.087802084061
   622 -2.087802084061
   623 -2.087802084061
   624 -2.087802084061
   625 -2.087802084061
   626 -2.087802084061
   627 -2.087802084061
   628 -2.087802084061
   629 -2.087802084061
   630 -2.087802084061
   631 -2.087802084061
   632 -2.087802084061
   633 -2.087802084061
   634 -2.087802084061
   635 -2.087802084061
   636 -2.087802084061
   637 -2.087802084061
   638 -2.087802084061
   639 -2.087802084061
   640 -2.087802084061
   641 -2.087802084061
   642 -2.087802084061
   643 -2.087802084061
   644 -2.087802084061
   645 -2.087802084061
   646 -2.087802084061
   647 -2.087802084061
   648 -2.087802084061
   649 -2.087802084061
   650 -2.087802084061
   651 -2.087802084061
   652 -2.087802084061
   653 -2.087802084061
   654 -2.087802084061
   655 -2.087802084061
   656 -2.087802084061
   657 -2.087802084061
   658 -2.087802084061
   659 -2.087802084061
   660 -2.087802084061
   661 -2.087802084061
   662 -2.087802084061
   663 -2.087802084061
   664 -2.087802084061
   665 -2.087802084061
   666 -2.087802084061
   667 -2.087802084061
   668 -2.087802084061
   669 -2.087802084061
   670 -2.087802084061
   671 -2.087802084061
   672 -2.087802084061
   673 -2.087802084061
   674 -2.087802084061
   675 -2.087802084061
   676 -2.087802084061
   677 -2.087802084061
   678 -2.087802084061
   679 -2.087802084061
   680 -2.087802084061
   681 -2.087802084061
   682 -2.087802084061
   683 -2.087802084061
   684 -2.087802084061
   685 -2.087802084061
   686 -2.087802084061
   687 -2.087802084061
   688 -2.087802084061
   689 -2.087802084061
   690 -2.087802084061
   691 -2.087802084061
   692 -2.087802084061
   693 -2.087802084061
   694 -2.087802084061
   695 -2.087802084061
   696 -2.087802084061
   697 -2.087802084061
   698 -2.087802084061
   699 -2.087802084061
   700 -2.087802084061
   701 -2.087802084061
   702 -2.087802084061
   703 -2.087802084061
   704 -2.087802084061
   705 -2.087802084061
   706 -2.087802084061
   707 -2.087802084061
   708 -2.087802084061
   709 -2.087802084061
   710 -2.087802084061
   711 -2.087802084061
   712 -2.087802084061
   713 -2.087802084061
   714 -2.087802084061
   715 -2.087802084061
   716 -2.087802084061
   717 -2.087802084061
   718 -2.087802084061
   719 -2.087802084061
   720 -2.087802084061
   721 -2.087802084061
   722 -2.087802084061
   723 -2.087802084061
   724 -2.087802084061
   725 -2.087802084061
   726 -2.087802084061
   727 -2.087802084061
   728 -2.087802084061
   729 -2.087802084061
   730 -2.087802084061
   731 -2.087802084061
   732 -2.087802084061
   733 -2.087802084061
   734 -2.087802084061
   735 -2.087802084061
   736 -2.087802084061
   737 -2.087802084061
   738 -2.087802084061
   739 -2.087802084061
   740 -2.087802084061
   741 -2.087802084061
   742 -2.087802084061
   743 -2.087802084061
   744 -2.087802084061
   745 -2.087802084061
   746 -2.087802084061
   747 -2.087802084061
   748 -2.087802084061
   749 -2.087802084061
   750 -2.087802084061
   751 -2.087802084061
   752 -2.087802084061
   753 -2.087802084061
   754 -2.087802084061
   755 -2.087802084061
   756 -2.087802084061
   757 -2.087802084061
   758 -2.087802084061
   759 -2.087802084061
   760 -2.087802084061
   761 -2.087802084061
   762 -2.087802084061
   763 -2.087802084061
   764 -2.087802084061
   765 -2.087802084061
   766 -2.087802084061
   767 -2.087802084061
   768 -2.087802084061
   769 -2.087802084061
   770 -2.087802084061
   771 -2.087802084061
   772 -2.087802084061
   773 -2.087802084061
   774 -2.087802084061
   775 -2.087802084061
   776 -2.087802084061
   777 -2.087802084061
   778 -2.087802084061
   779 -2.087802084061
   780 -2.087802084061
   781 -2.087802084061
   782 -2.087802084061
   783 -2.087802084061
   784 -2.087802084061
   785 -2.087802084061
   786 -2.087802084061
   787 -2.087802084061
   788 -2.087802084061
   789 -2.087802084061
   790 -2.087802084061
   791 -2.087802084061
   792 -2.087802084061
   793 -2.087802084061
   794 -2.087802084061
   795 -2.087802084061
   796 -2.087802084061
   797 -2.087802084061
   798 -2.087802084061
   799 -2.087802084061
   800 -2.087802084061
   801 -2.087802084061
   802 -2.087802084061
   803 -2.087802084061
   804 -2.087802084061
   805 -2.087802084061
   806 -2.087802084061
   807 -2.087802084061
   808 -2.087802084061
   809 -2.087802084061
   810 -2.087802084061
   811 -2.087802084061
   812 -2.087802084061
   813 -2.087802084061
   814 -2.087802084061
   815 -2.087802084061
   816 -2.087802084061
   817 -2.087802084061
   818 -2.087802084061
   819 -2.087802084061
   820 -2.087802084061
   821 -2.087802084061
   822 -2.087802084061
   823 -2.087802084061
   824 -2.087802084061
   825 -2.087802084061
   826 -2.087802084061
   827 -2.087802084061
   828 -2.087802084061
   829 -2.087802084061
   830 -2.087802084061
   831 -2.087802084061
   832 -2.087802084061
   833 -2.087802084061
   834 -2.087802084061
   835 -2.087802084061
   836 -2.087802084061
   837 -2.087802084061
   838 -2.087802084061
   839 -2.087802084061
   840 -2.087802084061
   841 -2.087802084061
   842 -2.087802084061
   843 -2.087802084061
   844 -2.087802084061
   845 -2.087802084061
   846 -2.087802084061
   847 -2.087802084061
   848 -2.087802084061
   849 -2.087802084061
   850 -2.087802084061
   851 -2.087802084061
   852 -2.087802084061
   853 -2.087802084061
   854 -2.087802084061
   855 -2.087802084061
   856 -2.087802084061
   857 -2.087802084061
   858 -2.087802084061
   859 -2.087802084061
   860 -2.087802084061
   861 -2.087802084061
   862 -2.087802084061
   863 -2.087802084061
   864 -2.087802084061
   865 -2.087802084061
   866 -2.087802084061
   867 -2.087802084061
   868 -2.087802084061
   869 -2.087802084061
   870 -2.087802084061
   871 -2.087802084061
   872 -2.087802084061
   873 -2.087802084061
   874 -2.087802084061
   875 -2.087802084061
   876 -2.087802084061
   877 -2.087802084061
   878 -2.087802084061
   879 -2.087802084061
   880 -2.087802084061
   881 -2.087802084061
   882 -2.087802084061
   883 -2.087802084061
   884 -2.087802084061
   885 -2.087802084061
   886 -2.087802084061
   887 -2.087802084061
   888 -2.087802084061
   889 -2.087802084061
   890 -2.087802084061
   891 -2.087802084061
   892 -2.087802084061
   893 -2.087802084061
   894 -2.087802084061
   895 -2.087802084061
   896 -2.087802084061
   897 -2.087802084061
   898 -2.087802084061
   899 -2.087802084061
   900 -2.087802084061
   901 -2.087802084061
   902 -2.087802084061
   903 -2.087802084061
   904 -2.087802084061
   905 -2.087802084061
   906 -2.087802084061
   907 -2.087802084061
   908 -2.087802084061
   909 -2.087802084061
   910 -2.087802084061
   911 -2.087802084061
   912 -2.087802084061
   913 -2.087802084061
   914 -2.087802084061
   915 -2.087802084061
   916 -2.087802084061
   917 -2.087802084061
   918 -2.087802084061
   919 -2.087802084061
   920 -2.087802084061
   921 -2.087802084061
   922 -2.087802084061
   923 -2.087802084061
   924 -2.087802084061
   925 -2.087802084061
   926 -2.087802084061
   927 -2.087802084061
   928 -2.087802084061
   929 -2.087802084061
   930 -2.087802084061
   931 -2.087802084061
   932 -2.087802084061
   933 -2.087802084061
   934 -2.087802084061
   935 -2.087802084061
   936 -2.087802084061
   937 -2.087802084061
   938 -2.087802084061
   939 -2.087802084061
   940 -2.087802084061
   941 -2.087802084061
   942 -2.087802084061
   943 -2.087802084061
   944 -2.087802084061
   945 -2.087802084061
   946 -2.087802084061
   947 -2.087802084061
   948 -2.087802084061
   949 -2.087802084061
   950 -2.087802084061
   951 -2.087802084061
   952 -2.087802084061
   953 -2.087802084061
   954 -2.087802084061
   955 -2.087802084061
   956 -2.087802084061
   957 -2.087802084061
   958 -2.087802084061
   959 -2.087802084061
   960 -2.087802084061
   961 -2.087802084061
   962 -2.087802084061
   963 -2.087802084061
   964 -2.087802084061
   965 -2.087802084061
   966 -2.087802084061
   967 -2.087802084061
   968 -2.087802084061
   969 -2.087802084061
   970 -2.087802084061
   971 -2.087802084061
   972 -2.087802084061
   973 -2.087802084061
   974 -2.087802084061
   975 -2.087802084061
   976 -2.087802084061
   977 -2.087802084061
   978 -2.087802084061
   979 -2.087802084061
   980 -2.087802084061
   981 -2.087802084061
   982 -2.087802084061
   983 -2.087802084061
   984 -2.087802084061
   985 -2.087802084061
   986 -2.087802084061
   987 -2.087802084061
   988 -2.087802084061
   989 -2.087802084061
   990 -2.087802084061
   991 -2.087802084061
   992 -2.087802084061
   993 -2.087802084061
   994 -2.087802084061
   995 -2.087802084061
   996 -2.087802084061
   997 -2.087802084061
   998 -2.087802084061
   999 -2.087802084061
  1000 -2.087802084061
  1001 -2.087802084061
  1002 -2.087802084061
  1003 -2.087802084061
  1004 -2.087802084061
  1005 -2.087802084061
  1006 -2.087802084061
  1007 -2.087802084061
  1008 -2.087802084061
  1009 -2.087802084061
  1010 -2.087802084061
  1011 -2.087802084061
  1012 -2.087802084061
  1013 -2.087802084061
  1014 -2.087802084061
  1015 -2.087802084061
  1016 -2.087802084061
  1017 -2.087802084061
  1018 -2.087802084061
  1019 -2.087802084061
  1020 -2.087802084061
  1021 -2.087802084061
  1022 -2.087802084061
  1023 -2.087802084061
  1024 -2.087802084061
  1025 -2.087802084061
  1026 -2.087802084061
  1027 -2.087802084061
  1028 -2.087802084061
  1029 -2.087802084061
  1030 -2.087802084061
  1031 -2.087802084061
  1032 -2.087802084061
  1033 -2.087802084061
  1034 -2.087802084061
  1035 -2.087802084061
  1036 -2.087802084061
  1037 -2.087802084061
  1038 -2.087802084061
  1039 -2.087802084061
  1040 -2.087802084061
  1041 -2.087802084061
  1042 -2.087802084061
  1043 -2.087802084061
  1044 -2.087802084061
  1045 -2.087802084061
  1046 -2.087802084061
  1047 -2.087802084061
  1048 -2.087802084061
  1049 -2.087802084061
  1050 -2.087802084061
  1051 -2.087802084061
  1052 -2.087802084061
  1053 -2.087802084061
  1054 -2.087802084061
  1055 -2.087802084061
  1056 -2.087802084061
  1057 -2.087802084061
  1058 -2.087802084061
  1059 -2.087802084061
  1060 -2.087802084061
  1061 -2.087802084061
  1062 -2.087802084061
  1063 -2.087802084061
  1064 -2.087802084061
  1065 -2.087802084061
  1066 -2.087802084061
  1067 -2.087802084061
  1068 -2.087802084061
  1069 -2.087802084061
  1070 -2.087802084061
  1071 -2.087802084061
  1072 -2.087802084061
  1073 -2.087802084061
  1074 -2.087802084061
  1075 -2.087802084061
  1076 -2.087802084061
  1077 -2.087802084061
  1078 -2.087802084061
  1079 -2.087802084061
  1080 -2.087802084061
  1081 -2.087802084061
  1082 -2.087802084061
  1083 -2.087802084061
  1084 -2.087802084061
  1085 -2.087802084061
  1086 -2.087802084061
  1087 -2.087802084061
  1088 -2.087802084061
  1089 -2.087802084061
  1090 -2.087802084061
  1091 -2.087802084061
  1092 -2.087802084061
  1093 -2.087802084061
  1094 -2.087802084061
  1095 -2.087802084061
  1096 -2.087802084061
  1097 -2.087802084061
  1098 -2.087802084061
  1099 -2.087802084061
  1100 -2.087802084061
  1101 -2.087802084061
  1102 -2.087802084061
  1103 -2.087802084061
  1104 -2.087802084061
  1105 -2.087802084061
  1106 -2.087802084061
  1107 -2.087802084061
  1108 -2.087802084061
  1109 -2.087802084061
  1110 -2.087802084061
  1111 -2.087802084061
  1112 -2.087802084061
  1113 -2.087802084061
  1114 -2.087802084061
  1115 -2.087802084061
  1116 -2.087802084061
  1117 -2.087802084061
  1118 -2.087802084061
  1119 -2.087802084061
  1120 -2.087802084061
  1121 -2.087802084061
  1122 -2.087802084061
  1123 -2.087802084061
  1124 -2.087802084061
  1125 -2.087802084061
  1126 -2.087802084061
  1127 -2.087802084061
  1128 -2.087802084061
  1129 -2.087802084061
  1130 -2.087802084061
  1131 -2.087802084061
  1132 -2.087802084061
  1133 -2.087802084061
  1134 -2.087802084061
  1135 -2.087802084061
  1136 -2.087802084061
  1137 -2.087802084061
  1138 -2.087802084061
  1139 -2.087802084061
  1140 -2.087802084061
  1141 -2.087802084061
  1142 -2.087802084061
  1143 -2.087802084061
  1144 -2.087802084061
  1145 -2.087802084061
  1146 -2.087802084061
  1147 -2.087802084061
  1148 -2.087802084061
  1149 -2.087802084061
  1150 -2.087802084061
  1151 -2.087802084061
  1152 -2.087802084061
  1153 -2.087802084061
  1154 -2.087802084061
  1155 -2.087802084061
  1156 -2.087802084061
  1157 -2.087802084061
  1158 -2.087802084061
  1159 -2.087802084061
  1160 -2.087802084061
  1161 -2.087802084061
  1162 -2.087802084061
  1163 -2.087802084061
  1164 -2.087802084061
  1165 -2.087802084061
  1166 -2.087802084061
  1167 -2.087802084061
  1168 -2.087802084061
  1169 -2.087802084061
  1170 -2.087802084061
  1171 -2.087802084061
  1172 -2.087802084061
  1173 -2.087802084061
  1174 -2.087802084061
  1175 -2.087802084061
  1176 -2.087802084061
  1177 -2.087802084061
  1178 -2.087802084061
  1179 -2.087802084061
  1180 -2.087802084061
  1181 -2.087802084061
  1182 -2.087802084061
  1183 -2.087802084061
  1184 -2.087802084061
  1185 -2.087802084061
  1186 -2.087802084061
  1187 -2.087802084061
  1188 -2.087802084061
  1189 -2.087802084061
  1190 -2.087802084061
  1191 -2.087802084061
  1192 -2.087802084061
  1193 -2.087802084061
  1194 -2.087802084061
  1195 -2.087802084061
  1196 -2.087802084061
  1197 -2.087802084061
  1198 -2.087802084061
  1199 -2.087802084061
  1200 -2.087802084061
  1201 -2.087802084061
  1202 -2.087802084061
  1203 -2.087802084061
  1204 -2.087802084061
  1205 -2.087802084061
  1206 -2.087802084061
  1207 -2.087802084061
  1208 -2.087802084061
  1209 -2.087802084061
  1210 -2.087802084061
  1211 -2.087802084061
  1212 -2.087802084061
  1213 -2.087802084061
  1214 -2.087802084061
  1215 -2.087802084061
  1216 -2.087802084061
  1217 -2.087802084061
  1218 -2.087802084061
  1219 -2.087802084061
  1220 -2.087802084061
  1221 -2.087802084061
  1222 -2.087802084061
  1223 -2.087802084061
  1224 -2.087802084061
  1225 -2.087802084061
  1226 -2.087802084061
  1227 -2.087802084061
  1228 -2.087802084061
  1229 -2.087802084061
  1230 -2.087802084061
  1231 -2.087802084061
  1232 -2.087802084061
  1233 -2.087802084061
  1234 -2.087802084061
  1235 -2.087802084061
  1236 -2.087802084061
  1237 -2.087802084061
  1238 -2.087802084061
  1239 -2.087802084061
  1240 -2.087802084061
  1241 -2.087802084061
  1242 -2.087802084061
  1243 -2.087802084061
  1244 -2.087802084061
  1245 -2.087802084061
  1246 -2.087802084061
  1247 -2.087802084061
  1248 -2.087802084061
  1249 -2.087802084061
  1250 -2.087802084061
  1251 -2.087802084061
  1252 -2.087802084061
  1253 -2.087802084061
  1254 -2.087802084061
  1255 -2.087802084061
  1256 -2.087802084061
  1257 -2.087802084061
  1258 -2.087802084061
  1259 -2.087802084061
  1260 -2.087802084061
  1261 -2.087802084061
  1262 -2.087802084061
  1263 -2.087802084061
  1264 -2.087802084061
  1265 -2.087802084061
  1266 -2.087802084061
  1267 -2.087802084061
  1268 -2.087802084061
  1269 -2.087802084061
  1270 -2.087802084061
  1271 -2.087802084061
  1272 -2.087802084061
  1273 -2.087802084061
  1274 -2.087802084061
  1275 -2.087802084061
  1276 -2.087802084061
  1277 -2.087802084061
  1278 -2.087802084061
  1279 -2.087802084061
  1280 -2.087802084061
  1281 -2.087802084061
  1282 -2.087802084061
  1283 -2.087802084061
  1284 -2.087802084061
  1285 -2.087802084061
  1286 -2.087802084061
  1287 -2.087802084061
  1288 -2.087802084061
  1289 -2.087802084061
  1290 -2.087802084061
  1291 -2.087802084061
  1292 -2.087802084061
  1293 -2.087802084061
  1294 -2.087802084061
  1295 -2.087802084061
  1296 -2.087802084061
  1297 -2.087802084061
  1298 -2.087802084061
  1299 -2.087802084061
  1300 -2.087802084061
  1301 -2.087802084061
  1302 -2.087802084061
  1303 -2.087802084061
  1304 -2.087802084061
  1305 -2.087802084061
  1306 -2.087802084061
  1307 -2.087802084061
  1308 -2.087802084061
  1309 -2.087802084061
  1310 -2.087802084061
  1311 -2.087802084061
  1312 -2.087802084061
  1313 -2.087802084061
  1314 -2.087802084061
  1315 -2.087802084061
  1316 -2.087802084061
  1317 -2.087802084061
  1318 -2.087802084061
  1319 -2.087802084061
  1320 -2.087802084061
  1321 -2.087802084061
  1322 -2.087802084061
  1323 -2.087802084061
  1324 -2.087802084061
  1325 -2.087802084061
  1326 -2.087802084061
  1327 -2.087802084061
  1328 -2.087802084061
  1329 -2.087802084061
  1330 -2.087802084061
  1331 -2.087802084061
  1332 -2.087802084061
  1333 -2.087802084061
  1334 -2.087802084061
  1335 -2.087802084061
  1336 -2.087802084061
  1337 -2.087802084061
  1338 -2.087802084061
  1339 -2.087802084061
  1340 -2.087802084061
  1341 -2.087802084061
  1342 -2.087802084061
  1343 -2.087802084061
  1344 -2.087802084061
  1345 -2.087802084061
  1346 -2.087802084061
  1347 -2.087802084061
  1348 -2.087802084061
  1349 -2.087802084061
  1350 -2.087802084061
  1351 -2.087802084061
  1352 -2.087802084061
  1353 -2.087802084061
  1354 -2.087802084061
  1355 -2.087802084061
  1356 -2.087802084061
  1357 -2.087802084061
  1358 -2.087802084061
  1359 -2.087802084061
  1360 -2.087802084061
  1361 -2.087802084061
  1362 -2.087802084061
  1363 -2.087802084061
  1364 -2.087802084061
  1365 -2.087802084061
  1366 -2.087802084061
  1367 -2.087802084061
  1368 -2.087802084061
  1369 -2.087802084061
  1370 -2.087802084061
  1371 -2.087802084061
  1372 -2.087802084061
  1373 -2.087802084061
  1374 -2.087802084061
  1375 -2.087802084061
  1376 -2.087802084061
  1377 -2.087802084061
  1378 -2.087802084061
  1379 -2.087802084061
  1380 -2.087802084061
  1381 -2.087802084061
  1382 -2.087802084061
  1383 -2.087802084061
  1384 -2.087802084061
  1385 -2.087802084061
  1386 -2.087802084061
  1387 -2.087802084061
  1388 -2.087802084061
  1389 -2.087802084061
  1390 -2.087802084061
  1391 -2.087802084061
  1392 -2.087802084061
  1393 -2.087802084061
  1394 -2.087802084061
  1395 -2.087802084061
  1396 -2.087802084061
  1397 -2.087802084061
  1398 -2.087802084061
  1399 -2.087802084061
  1400 -2.087802084061
  1401 -2.087802084061
  1402 -2.087802084061
  1403 -2.087802084061
  1404 -2.087802084061
  1405 -2.087802084061
  1406 -2.087802084061
  1407 -2.087802084061
  1408 -2.087802084061
  1409 -2.087802084061
  1410 -2.087802084061
  1411 -2.087802084061
  1412 -2.087802084061
  1413 -2.087802084061
  1414 -2.087802084061
  1415 -2.087802084061
  1416 -2.087802084061
  1417 -2.087802084061
  1418 -2.087802084061
  1419 -2.087802084061
  1420 -2.087802084061
  1421 -2.087802084061
  1422 -2.087802084061
  1423 -2.087802084061
  1424 -2.087802084061
  1425 -2.087802084061
  1426 -2.087802084061
  1427 -2.087802084061
  1428 -2.087802084061
  1429 -2.087802084061
  1430 -2.087802084061
  1431 -2.087802084061
  1432 -2.087802084061
  1433 -2.087802084061
  1434 -2.087802084061
  1435 -2.087802084061
  1436 -2.087802084061
  1437 -2.087802084061
  1438 -2.087802084061
  1439 -2.087802084061
  1440 -2.087802084061
  1441 -2.087802084061
  1442 -2.087802084061
  1443 -2.087802084061
  1444 -2.087802084061
  1445 -2.087802084061
  1446 -2.087802084061
  1447 -2.087802084061
  1448 -2.087802084061
  1449 -2.087802084061
  1450 -2.087802084061
  1451 -2.087802084061
  1452 -2.087802084061
  1453 -2.087802084061
  1454 -2.087802084061
  1455 -2.087802084061
  1456 -2.087802084061
  1457 -2.087802084061
  1458 -2.087802084061
  1459 -2.087802084061
  1460 -2.087802084061
  1461 -2.087802084061
  1462 -2.087802084061
  1463 -2.087802084061
  1464 -2.087802084061
  1465 -2.087802084061
  1466 -2.087802084061
  1467 -2.087802084061
  1468 -2.087802084061
  1469 -2.087802084061
  1470 -2.087802084061
  1471 -2.087802084061
  1472 -2.087802084061
  1473 -2.087802084061
  1474 -2.087802084061
  1475 -2.087802084061
  1476 -2.087802084061
  1477 -2.087802084061
  1478 -2.087802084061
  1479 -2.087802084061
  1480 -2.087802084061
  1481 -2.087802084061
  1482 -2.087802084061
  1483 -2.087802084061
  1484 -2.087802084061
  1485 -2.087802084061
  1486 -2.087802084061
  1487 -2.087802084061
  1488 -2.087802084061
  1489 -2.087802084061
  1490 -2.087802084061
  1491 -2.087802084061
  1492 -2.087802084061
  1493 -2.087802084061
  1494 -2.087802084061
  1495 -2.087802084061
  1496 -2.087802084061
  1497 -2.087802084061
  1498 -2.087802084061
  1499 -2.087802084061
  1500 -2.087802084061
  1501 -2.087802084061
  1502 -2.087802084061
  1503 -2.087802084061
  1504 -2.087802084061
  1505 -2.087802084061
  1506 -2.087802084061
  1507 -2.087802084061
  1508 -2.087802084061
  1509 -2.087802084061
  1510 -2.087802084061
  1511 -2.087802084061
  1512 -2.087802084061
  1513 -2.087802084061
  1514 -2.087802084061
  1515 -2.087802084061
  1516 -2.087802084061
  1517 -2.087802084061
  1518 -2.087802084061
  1519 -2.087802084061
  1520 -2.087802084061
  1521 -2.087802084061
  1522 -2.087802084061
  1523 -2.087802084061
  1524 -2.087802084061
  1525 -2.087802084061
  1526 -2.087802084061
  1527 -2.087802084061
  1528 -2.087802084061
  1529 -2.087802084061
  1530 -2.087802084061
  1531 -2.087802084061
  1532 -2.087802084061
  1533 -2.087802084061
  1534 -2.087802084061
  1535 -2.087802084061
  1536 -2.087802084061
  1537 -2.087802084061
  1538 -2.087802084061
  1539 -2.087802084061
  1540 -2.087802084061
  1541 -2.087802084061
  1542 -2.087802084061
  1543 -2.087802084061
  1544 -2.087802084061
  1545 -2.087802084061
  1546 -2.087802084061
  1547 -2.087802084061
  1548 -2.087802084061
  1549 -2.087802084061
  1550 -2.087802084061
  1551 -2.087802084061
  1552 -2.087802084061
  1553 -2.087802084061
  1554 -2.087802084061
  1555 -2.087802084061
  1556 -2.087802084061
  1557 -2.087802084061
  1558 -2.087802084061
  1559 -2.087802084061
  1560 -2.087802084061
  1561 -2.087802084061
  1562 -2.087802084061
  1563 -2.087802084061
  1564 -2.087802084061
  1565 -2.087802084061
  1566 -2.087802084061
  1567 -2.087802084061
  1568 -2.087802084061
  1569 -2.087802084061
  1570 -2.087802084061
  1571 -2.087802084061
  1572 -2.087802084061
  1573 -2.087802084061
  1574 -2.087802084061
  1575 -2.087802084061
  1576 -2.087802084061
  1577 -2.087802084061
  1578 -2.087802084061
  1579 -2.087802084061
  1580 -2.087802084061
  1581 -2.087802084061
  1582 -2.087802084061
  1583 -2.087802084061
  1584 -2.087802084061
  1585 -2.087802084061
  1586 -2.087802084061
  1587 -2.087802084061
  1588 -2.087802084061
  1589 -2.087802084061
  1590 -2.087802084061
  1591 -2.087802084061
  1592 -2.087802084061
  1593 -2.087802084061
  1594 -2.087802084061
  1595 -2.087802084061
  1596 -2.087802084061
  1597 -2.087802084061
  1598 -2.087802084061
  1599 -2.087802084061
  1600 -2.087802084061
  1601 -2.087802084061
  1602 -2.087802084061
  1603 -2.087802084061
  1604 -2.087802084061
  1605 -2.087802084061
  1606 -2.087802084061
  1607 -2.087802084061
  1608 -2.087802084061
  1609 -2.087802084061
  1610 -2.087802084061
  1611 -2.087802084061
  1612 -2.087802084061
  1613 -2.087802084061
  1614 -2.087802084061
  1615 -2.087802084061
  1616 -2.087802084061
  1617 -2.087802084061
  1618 -2.087802084061
  1619 -2.087802084061
  1620 -2.087802084061
  1621 -2.087802084061
  1622 -2.087802084061
  1623 -2.087802084061
  1624 -2.087802084061
  1625 -2.087802084061
  1626 -2.087802084061
  1627 -2.087802084061
  1628 -2.087802084061
  1629 -2.087802084061
  1630 -2.087802084061
  1631 -2.087802084061
  1632 -2.087802084061
  1633 -2.087802084061
  1634 -2.087802084061
  1635 -2.087802084061
  1636 -2.087802084061
  1637 -2.087802084061
  1638 -2.087802084061
  1639 -2.087802084061
  1640 -2.087802084061
  1641 -2.087802084061
  1642 -2.087802084061
  1643 -2.087802084061
  1644 -2.087802084061
  1645 -2.087802084061
  1646 -2.087802084061
  1647 -2.087802084061
  1648 -2.087802084061
  1649 -2.087802084061
  1650 -2.087802084061
  1651 -2.087802084061
  1652 -2.087802084061
  1653 -2.087802084061
  1654 -2.087802084061
  1655 -2.087802084061
  1656 -2.087802084061
  1657 -2.087802084061
  1658 -2.087802084061
  1659 -2.087802084061
  1660 -2.087802084061
  1661 -2.087802084061
  1662 -2.087802084061
  1663 -2.087802084061
  1664 -2.087802084061
  1665 -2.087802084061
  1666 -2.087802084061
  1667 -2.087802084061
  1668 -2.087802084061
  1669 -2.087802084061
  1670 -2.087802084061
  1671 -2.087802084061
  1672 -2.087802084061
  1673 -2.087802084061
  1674 -2.087802084061
  1675 -2.087802084061
  1676 -2.087802084061
  1677 -2.087802084061
  1678 -2.087802084061
  1679 -2.087802084061
  1680 -2.087802084061
  1681 -2.087802084061
  1682 -2.087802084061
  1683 -2.087802084061
  1684 -2.087802084061
  1685 -2.087802084061
  1686 -2.087802084061
  1687 -2.087802084061
  1688 -2.087802084061
  1689 -2.087802084061
  1690 -2.087802084061
  1691 -2.087802084061
  1692 -2.087802084061
  1693 -2.087802084061
  1694 -2.087802084061
  1695 -2.087802084061
  1696 -2.087802084061
  1697 -2.087802084061
  1698 -2.087802084061
  1699 -2.087802084061
  1700 -2.087802084061
  1701 -2.087802084061
  1702 -2.087802084061
  1703 -2.087802084061
  1704 -2.087802084061
  1705 -2.087802084061
  1706 -2.087802084061
  1707 -2.087802084061
  1708 -2.087802084061
  1709 -2.087802084061
  1710 -2.087802084061
  1711 -2.087802084061
  1712 -2.087802084061
  1713 -2.087802084061
  1714 -2.087802084061
  1715 -2.087802084061
  1716 -2.087802084061
  1717 -2.087802084061
  1718 -2.087802084061
  1719 -2.087802084061
  1720 -2.087802084061
  1721 -2.087802084061
  1722 -2.087802084061
  1723 -2.087802084061
  1724 -2.087802084061
  1725 -2.087802084061
  1726 -2.087802084061
  1727 -2.087802084061
  1728 -2.087802084061
  1729 -2.087802084061
  1730 -2.087802084061
  1731 -2.087802084061
  1732 -2.087802084061
  1733 -2.087802084061
  1734 -2.087802084061
  1735 -2.087802084061
  1736 -2.087802084061
  1737 -2.087802084061
  1738 -2.087802084061
  1739 -2.087802084061
  1740 -2.087802084061
  1741 -2.087802084061
  1742 -2.087802084061
  1743 -2.087802084061
  1744 -2.087802084061
  1745 -2.087802084061
  1746 -2.087802084061
  1747 -2.087802084061
  1748 -2.087802084061
  1749 -2.087802084061
  1750 -2.087802084061
  1751 -2.087802084061
  1752 -2.087802084061
  1753 -2.087802084061
  1754 -2.087802084061
  1755 -2.087802084061
  1756 -2.087802084061
  1757 -2.087802084061
  1758 -2.087802084061
  1759 -2.087802084061
  1760 -2.087802084061
  1761 -2.087802084061
  1762 -2.087802084061
  1763 -2.087802084061
  1764 -2.087802084061
  1765 -2.087802084061
  1766 -2.087802084061
  1767 -2.087802084061
  1768 -2.087802084061
  1769 -2.087802084061
  1770 -2.087802084061
  1771 -2.087802084061
  1772 -2.087802084061
  1773 -2.087802084061
  1774 -2.087802084061
  1775 -2.087802084061
  1776 -2.087802084061
  1777 -2.087802084061
  1778 -2.087802084061
  1779 -2.087802084061
  1780 -2.087802084061
  1781 -2.087802084061
  1782 -2.087802084061
  1783 -2.087802084061
  1784 -2.087802084061
  1785 -2.087802084061
  1786 -2.087802084061
  1787 -2.087802084061
  1788 -2.087802084061
  1789 -2.087802084061
  1790 -2.087802084061
  1791 -2.087802084061
  1792 -2.087802084061
  1793 -2.087802084061
  1794 -2.087802084061
  1795 -2.087802084061
  1796 -2.087802084061
  1797 -2.087802084061
  1798 -2.087802084061
  1799 -2.087802084061
  1800 -2.087802084061
  1801 -2.087802084061
  1802 -2.087802084061
  1803 -2.087802084061
  1804 -2.087802084061
  1805 -2.087802084061
  1806 -2.087802084061
  1807 -2.087802084061
  1808 -2.087802084061
  1809 -2.087802084061
  1810 -2.087802084061
  1811 -2.087802084061
  1812 -2.087802084061
  1813 -2.087802084061
  1814 -2.087802084061
  1815 -2.087802084061
  1816 -2.087802084061
  1817 -2.087802084061
  1818 -2.087802084061
  1819 -2.087802084061
  1820 -2.087802084061
  1821 -2.087802084061
  1822 -2.087802084061
  1823 -2.087802084061
  1824 -2.087802084061
  1825 -2.087802084061
  1826 -2.087802084061
  1827 -2.087802084061
  1828 -2.087802084061
  1829 -2.087802084061
  1830 -2.087802084061
  1831 -2.087802084061
  1832 -2.087802084061
  1833 -2.087802084061
  1834 -2.087802084061
  1835 -2.087802084061
  1836 -2.087802084061
  1837 -2.087802084061
  1838 -2.087802084061
  1839 -2.087802084061
  1840 -2.087802084061
  1841 -2.087802084061
  1842 -2.087802084061
  1843 -2.087802084061
  1844 -2.087802084061
  1845 -2.087802084061
  1846 -2.087802084061
  1847 -2.087802084061
  1848 -2.087802084061
  1849 -2.087802084061
  1850 -2.087802084061
  1851 -2.087802084061
  1852 -2.087802084061
  1853 -2.087802084061
  1854 -2.087802084061
  1855 -2.087802084061
  1856 -2.087802084061
  1857 -2.087802084061
  1858 -2.087802084061
  1859 -2.087802084061
  1860 -2.087802084061
  1861 -2.087802084061
  1862 -2.087802084061
  1863 -2.087802084061
  1864 -2.087802084061
  1865 -2.087802084061
  1866 -2.087802084061
  1867 -2.087802084061
  1868 -2.087802084061
  1869 -2.087802084061
  1870 -2.087802084061
  1871 -2.087802084061
  1872 -2.087802084061
  1873 -2.087802084061
  1874 -2.087802084061
  1875 -2.087802084061
  1876 -2.087802084061
  1877 -2.087802084061
  1878 -2.087802084061
  1879 -2.087802084061
  1880 -2.087802084061
  1881 -2.087802084061
  1882 -2.087802084061
  1883 -2.087802084061
  1884 -2.087802084061
  1885 -2.087802084061
  1886 -2.087802084061
  1887 -2.087802084061
  1888 -2.087802084061
  1889 -2.087802084061
  1890 -2.087802084061
  1891 -2.087802084061
  1892 -2.087802084061
  1893 -2.087802084061
  1894 -2.087802084061
  1895 -2.087802084061
  1896 -2.087802084061
  1897 -2.087802084061
  1898 -2.087802084061
  1899 -2.087802084061
  1900 -2.087802084061
  1901 -2.087802084061
  1902 -2.087802084061
  1903 -2.087802084061
  1904 -2.087802084061
  1905 -2.087802084061
  1906 -2.087802084061
  1907 -2.087802084061
  1908 -2.087802084061
  1909 -2.087802084061
  1910 -2.087802084061
  1911 -2.087802084061
  1912 -2.087802084061
  1913 -2.087802084061
  1914 -2.087802084061
  1915 -2.087802084061
  1916 -2.087802084061
  1917 -2.087802084061
  1918 -2.087802084061
  1919 -2.087802084061
  1920 -2.087802084061
  1921 -2.087802084061
  1922 -2.087802084061
  1923 -2.087802084061
  1924 -2.087802084061
  1925 -2.087802084061
  1926 -2.087802084061
  1927 -2.087802084061
  1928 -2.087802084061
  1929 -2.087802084061
  1930 -2.087802084061
  1931 -2.087802084061
  1932 -2.087802084061
  1933 -2.087802084061
  1934 -2.087802084061
  1935 -2.087802084061
  1936 -2.087802084061
  1937 -2.087802084061
  1938 -2.087802084061
  1939 -2.087802084061
  1940 -2.087802084061
  1941 -2.087802084061
  1942 -2.087802084061
  1943 -2.087802084061
  1944 -2.087802084061
  1945 -2.087802084061
  1946 -2.087802084061
  1947 -2.087802084061
  1948 -2.087802084061
  1949 -2.087802084061
  1950 -2.087802084061
  1951 -2.087802084061
  1952 -2.087802084061
  1953 -2.087802084061
  1954 -2.087802084061
  1955 -2.087802084061
  1956 -2.087802084061
  1957 -2.087802084061
  1958 -2.087802084061
  1959 -2.087802084061
  1960 -2.087802084061
  1961 -2.087802084061
  1962 -2.087802084061
  1963 -2.087802084061
  1964 -2.087802084061
  1965 -2.087802084061
  1966 -2.087802084061
  1967 -2.087802084061
  1968 -2.087802084061
  1969 -2.087802084061
  1970 -2.087802084061
  1971 -2.087802084061
  1972 -2.087802084061
  1973 -2.087802084061
  1974 -2.087802084061
  1975 -2.087802084061
  1976 -2.087802084061
  1977 -2.087802084061
  1978 -2.087802084061
  1979 -2.087802084061
  1980 -2.087802084061
  1981 -2.087802084061
  1982 -2.087802084061
  1983 -2.087802084061
  1984 -2.087802084061
  1985 -2.087802084061
  1986 -2.087802084061
  1987 -2.087802084061
  1988 -2.087802084061
  1989 -2.087802084061
  1990 -2.087802084061
  1991 -2.087802084061
  1992 -2.087802084061
  1993 -2.087802084061
  1994 -2.087802084061
  1995 -2.087802084061
  1996 -2.087802084061
  1997 -2.087802084061
  1998 -2.087802084061
  1999 -2.087802084061
  2000 -2.087802084061
