     1 -0.912038468751
     2 -0.734927576964
     3 -0.984373602207
     4 -1.107968396486
     5 -1.175090678928
     6 -1.214569496111
     7 -1.239057986341
     8 -1.254888951928
     9 -1.265430702435
    10 -1.272604761233
    11 -1.277566438283
    12 -1.281038642839
    13 -1.283490765782
    14 -1.285233157780
    15 -1.286476869369
    16 -1.287365952360
    17 -1.288000637977
    18 -1.288451140841
    19 -1.288766909898
    20 -1.288983734414
    21 -1.289126387938
    22 -1.289213865485
    23 -1.289259398120
    24 -1.289273592990
    25 -1.289264181191
    26 -1.289237068021
    27 -1.289197121235
    28 -1.289148175765
    29 -1.289093819532
    30 -1.289036613370
    31 -1.288978613609
    32 -1.288921893588
    33 -1.288868021174
    34 -1.288818057131
    35 -1.288773335351
    36 -1.288734417441
    37 -1.288701872655
    38 -1.288676014842
    39 -1.288657161148
    40 -1.288645369441
    41 -1.288640697590
    42 -1.288642680735
    43 -1.288651373470
    44 -1.288666306121
    45 -1.288687266641
    46 -1.288713518058
    47 -1.288745102240
    48 -1.288781014522
    49 -1.288821289965
    50 -1.288865438896
    51 -1.409579695562
    52 -1.394896044076
    53 -1.379981144331
    54 -1.351617128144
    55 -1.351002728520
    56 -1.330451064720
    57 -1.325483211247
    58 -1.313718775968
    59 -1.306681356953
    60 -1.298731771800
    61 -1.293057345831
    62 -1.289169466644
    63 -1.287118843557
    64 -1.286299189069
    65 -1.286186119312
    66 -1.286430124319
    67 -1.286834110781
    68 -1.287293282655
    69 -1.287753185842
    70 -1.288189063138
    71 -1.288587238346
    72 -1.288943145706
    73 -1.289258283441
    74 -1.289534013975
    75 -1.289774734302
    76 -1.289982689357
    77 -1.290162164268
    78 -1.290317412046
    79 -1.290450577032
    80 -1.290566916920
    81 -1.290666462775
    82 -1.290752888402
    83 -1.290828297222
    84 -1.290893223852
    85 -1.290950807550
    86 -1.291000012994
    87 -1.291043975495
    88 -1.291083742936
    89 -1.291118276071
    90 -1.291148621071
    91 -1.291176866608
    92 -1.291201971659
    93 -1.291224459463
    94 -1.291245374508
    95 -1.291264196432
    96 -1.291280926221
    97 -1.291297650872
    98 -1.291312284927
    99 -1.291325872067
   100 -1.291338412804
   101 -1.376559383310
   102 -1.478415773871
   103 -1.419737149579
   104 -1.410763856373
   105 -1.393282309090
   106 -1.374162344765
   107 -1.357811907624
   108 -1.342141733487
   109 -1.329744444538
   110 -1.319848801047
   111 -1.312208532242
   112 -1.306283904231
   113 -1.301740442411
   114 -1.298287975120
   115 -1.295685329987
   116 -1.293735112409
   117 -1.292283043981
   118 -1.291208668029
   119 -1.290419989193
   120 -1.289846519325
   121 -1.289435646537
   122 -1.289147104373
   123 -1.288950507074
   124 -1.288822837729
   125 -1.288747468513
   126 -1.288711073108
   127 -1.288703654281
   128 -1.288718040708
   129 -1.288748595511
   130 -1.288791224707
   131 -1.288842339951
   132 -1.288900427227
   133 -1.288962398957
   134 -1.289027768369
   135 -1.289095521763
   136 -1.289164119615
   137 -1.289233583553
   138 -1.289302889288
   139 -1.289372053252
   140 -1.289440568355
   141 -1.289508447361
   142 -1.289575180056
   143 -1.289640776514
   144 -1.289705767268
   145 -1.289769117282
   146 -1.289830833769
   147 -1.289891444744
   148 -1.289950434492
   149 -1.290008329799
   150 -1.290064092315
   151 -1.382556390843
   152 -1.351816245884
   153 -1.362393327294
   154 -1.360223600889
   155 -1.357154625761
   156 -1.349124395096
   157 -1.340219832685
   158 -1.331336108972
   159 -1.322504052708
   160 -1.314779075390
   161 -1.308457335242
   162 -1.303637406057
   163 -1.300041938326
   164 -1.297376201882
   165 -1.295401727819
   166 -1.293943871960
   167 -1.292874311282
   168 -1.292096028494
   169 -1.291535456432
   170 -1.291137097294
   171 -1.290859596819
   172 -1.290670171215
   173 -1.290546277674
   174 -1.290470466092
   175 -1.290429378283
   176 -1.290412731570
   177 -1.290414378846
   178 -1.290429190301
   179 -1.290452017588
   180 -1.290481871027
   181 -1.290514621423
   182 -1.290550304017
   183 -1.290587383271
   184 -1.290624840315
   185 -1.290662173900
   186 -1.290699401141
   187 -1.290735493472
   188 -1.290770463249
   189 -1.290804321040
   190 -1.290837075906
   191 -1.290868735645
   192 -1.290899306978
   193 -1.290928795716
   194 -1.290957206888
   195 -1.290983501777
   196 -1.291009770331
   197 -1.291033929685
   198 -1.291058068865
   199 -1.291080104210
   200 -1.291102124059
   201 -1.384260607888
   202 -1.428408182082
   203 -1.407056355504
   204 -1.399227308713
   205 -1.384809772832
   206 -1.370318933733
   207 -1.355024450898
   208 -1.339902930266
   209 -1.327376693990
   210 -1.317590507056
   211 -1.310429443767
   212 -1.305292767836
   213 -1.301656383902
   214 -1.299101802063
   215 -1.297318302468
   216 -1.296079876627
   217 -1.295223464083
   218 -1.294631918575
   219 -1.294225028946
   220 -1.293943068665
   221 -1.293746936539
   222 -1.293607809840
   223 -1.293506152360
   224 -1.293428617083
   225 -1.293365980490
   226 -1.293313156070
   227 -1.293265031161
   228 -1.293218559495
   229 -1.293173808835
   230 -1.293128748875
   231 -1.293082382940
   232 -1.293036836012
   233 -1.292990054569
   234 -1.292943109271
   235 -1.292896023502
   236 -1.292848817149
   237 -1.292801507166
   238 -1.292756194200
   239 -1.292710804474
   240 -1.292666391683
   241 -1.292622964922
   242 -1.292580531998
   243 -1.292539099614
   244 -1.292498673527
   245 -1.292460301771
   246 -1.292422945520
   247 -1.292387651520
   248 -1.292352336763
   249 -1.292319090131
   250 -1.292286870884
   251 -1.413100283088
   252 -1.385390378801
   253 -1.369537190987
   254 -1.359849078408
   255 -1.347254547196
   256 -1.333252357458
   257 -1.322288913554
   258 -1.313934825946
   259 -1.307696208540
   260 -1.303113802909
   261 -1.299761700372
   262 -1.297321181151
   263 -1.295546578331
   264 -1.294258496831
   265 -1.293322115677
   266 -1.292642715440
   267 -1.292150209766
   268 -1.291793276943
   269 -1.291535407273
   270 -1.291349813043
   271 -1.291217936606
   272 -1.291125320942
   273 -1.291061635469
   274 -1.291019648807
   275 -1.290994195631
   276 -1.290980096874
   277 -1.290974771610
   278 -1.290976153668
   279 -1.290982693536
   280 -1.290992316599
   281 -1.291005031765
   282 -1.291019802894
   283 -1.291035592358
   284 -1.291052404476
   285 -1.291069721154
   286 -1.291087545165
   287 -1.291104314135
   288 -1.291122116055
   289 -1.291139909350
   290 -1.291156652183
   291 -1.291173388668
   292 -1.291189076588
   293 -1.291205802835
   294 -1.291220438779
   295 -1.291235071107
   296 -1.291249700266
   297 -1.291263805099
   298 -1.291277385935
   299 -1.291289921522
   300 -1.291302455188
   301 -1.409738884824
   302 -1.464824644843
   303 -1.421028222940
   304 -1.378518769551
   305 -1.356443237897
   306 -1.330564697369
   307 -1.314140758244
   308 -1.302342377545
   309 -1.296345660407
   310 -1.292977928404
   311 -1.290956687666
   312 -1.289704696934
   313 -1.288937905590
   314 -1.288483597516
   315 -1.288232731551
   316 -1.288113499657
   317 -1.288078636462
   318 -1.288097196641
   319 -1.288148142456
   320 -1.288218468927
   321 -1.288299675764
   322 -1.288386274853
   323 -1.288474529386
   324 -1.288563001423
   325 -1.288650481785
   326 -1.288736000150
   327 -1.288819613830
   328 -1.288901890498
   329 -1.288981303359
   330 -1.289059448511
   331 -1.289135830956
   332 -1.289210473311
   333 -1.289283395014
   334 -1.289354612898
   335 -1.289424663170
   336 -1.289493558677
   337 -1.289560267645
   338 -1.289626364681
   339 -1.289690815561
   340 -1.289753628160
   341 -1.289814809500
   342 -1.289874887401
   343 -1.289933867486
   344 -1.289990711728
   345 -1.290046467750
   346 -1.290101139645
   347 -1.290154209567
   348 -1.290205680857
   349 -1.290256078075
   350 -1.290304360878
   351 -1.290351574830
   352 -1.290397722183
   353 -1.290441761905
   354 -1.290484738940
   355 -1.290526654981
   356 -1.290567511572
   357 -1.290606267040
   358 -1.290643965747
   359 -1.290680608863
   360 -1.290716197456
   361 -1.290750210959
   362 -1.290782650265
   363 -1.290815080805
   364 -1.290845417164
   365 -1.290874703101
   366 -1.290903460778
   367 -1.290930647682
   368 -1.290957828953
   369 -1.290982918908
   370 -1.291006961061
   371 -1.291030998891
   372 -1.291053989683
   373 -1.291075412229
   374 -1.291096309915
   375 -1.291116161482
   376 -1.291136010266
   377 -1.291154813419
   378 -1.291172571158
   379 -1.291189283679
   380 -1.291205994242
   381 -1.291221659931
   382 -1.291237323979
   383 -1.291251943443
   384 -1.291265518449
   385 -1.291279092193
   386 -1.291292664784
   387 -1.291305193236
   388 -1.291316677638
   389 -1.291328161154
   390 -1.291338600777
   391 -1.291349039657
   392 -1.291359477855
   393 -1.291368872350
   394 -1.291378266273
   395 -1.291387659673
   396 -1.291396009514
   397 -1.291404358916
   398 -1.291411664836
   399 -1.291418970388
   400 -1.291426275604
   401 -1.291433580511
   402 -1.291439842056
   403 -1.291446103342
   404 -1.291452364392
   405 -1.291457582144
   406 -1.291463842779
   407 -1.291469060151
   408 -1.291474277357
   409 -1.291478451329
   410 -1.291483668244
   411 -1.291487841950
   412 -1.291492015539
   413 -1.291496189021
   414 -1.291500362406
   415 -1.291503492619
   416 -1.291507665832
   417 -1.291510795889
   418 -1.291513925876
   419 -1.291517055801
   420 -1.291520185668
   421 -1.291523315483
   422 -1.291526445249
   423 -1.291528531890
   424 -1.291531661571
   425 -1.291533748134
   426 -1.291535834664
   427 -1.291537921162
   428 -1.291540007632
   429 -1.291542094076
   430 -1.291544180496
   431 -1.291546266894
   432 -1.291548353272
   433 -1.291549396551
   434 -1.291551482894
   435 -1.291552526141
   436 -1.291554612455
   437 -1.291555655675
   438 -1.291556698883
   439 -1.291558785162
   440 -1.291559828350
   441 -1.291560871528
   442 -1.291561914699
   443 -1.291562957862
   444 -1.291564001017
   445 -1.291565044167
   446 -1.291566087311
   447 -1.291567130449
   448 -1.291568173583
   449 -1.291569216712
   450 -1.291569216756
   451 -1.291570259878
   452 -1.291571302996
   453 -1.291571303029
   454 -1.291572346141
   455 -1.291573389251
   456 -1.291573389277
   457 -1.291574432382
   458 -1.291574432403
   459 -1.291575475504
   460 -1.291575475523
   461 -1.291576518620
   462 -1.291576518636
   463 -1.291577561731
   464 -1.291577561743
   465 -1.291578604836
   466 -1.291578604847
   467 -1.291578604857
   468 -1.291579647947
   469 -1.291579647955
   470 -1.291579647963
   471 -1.291580691051
   472 -1.291580691057
   473 -1.291580691063
   474 -1.291581734149
   475 -1.291581734154
   476 -1.291581734159
   477 -1.291581734163
   478 -1.291582777248
   479 -1.291582777251
   480 -1.291582777254
   481 -1.291582777257
   482 -1.291582777259
   483 -1.291583820343
   484 -1.291583820345
   485 -1.291583820347
   486 -1.291583820349
   487 -1.291583820351
   488 -1.291583820352
   489 -1.291583820354
   490 -1.291584863436
   491 -1.291584863437
   492 -1.291584863438
   493 -1.291584863439
   494 -1.291584863440
   495 -1.291584863441
   496 -1.291584863442
   497 -1.291584863442
   498 -1.291584863443
   499 -1.291585906525
   500 -1.291585906525
   501 -1.291585906526
   502 -1.291585906526
   503 -1.291585906527
   504 -1.291585906527
   505 -1.291585906528
   506 -1.291585906528
   507 -1.291585906528
   508 -1.291585906528
   509 -1.291585906529
   510 -1.291585906529
   511 -1.291585906529
   512 -1.291585906529
   513 -1.291585906529
   514 -1.291585906530
   515 -1.291586949611
   516 -1.291586949611
   517 -1.291586949611
   518 -1.291586949611
   519 -1.291586949611
   520 -1.291586949611
   521 -1.291586949612
   522 -1.291586949612
   523 -1.291586949612
   524 -1.291586949612
   525 -1.291586949612
   526 -1.291586949612
   527 -1.291586949612
   528 -1.291586949612
   529 -1.291586949612
   530 -1.291586949612
   531 -1.291586949612
   532 -1.291586949612
   533 -1.291586949612
   534 -1.291586949612
   535 -1.291586949612
   536 -1.291586949612
   537 -1.291586949612
   538 -1.291586949612
   539 -1.291586949612
   540 -1.291586949612
   541 -1.291586949612
   542 -1.291586949612
   543 -1.291586949612
   544 -1.291586949612
   545 -1.291586949612
   546 -1.291586949612
   547 -1.291586949612
   548 -1.291586949612
   549 -1.291586949612
   550 -1.291586949612
   551 -1.291586949612
   552 -1.291586949612
   553 -1.291586949612
   554 -1.291586949612
   555 -1.291586949612
   556 -1.291586949612
   557 -1.291586949612
   558 -1.291586949612
   559 -1.291586949612
   560 -1.291586949612
   561 -1.291586949612
   562 -1.291586949612
   563 -1.291586949612
   564 -1.291586949612
   565 -1.291586949612
   566 -1.291586949612
   567 -1.291586949612
   568 -1.291586949612
   569 -1.291586949612
   570 -1.291586949612
   571 -1.291586949612
   572 -1.291586949612
   573 -1.291586949612
   574 -1.291586949612
   575 -1.291586949612
   576 -1.291586949612
   577 -1.291586949612
   578 -1.291586949612
   579 -1.291586949612
   580 -1.291586949612
   581 -1.291586949612
   582 -1.291586949612
   583 -1.291586949612
   584 -1.291586949612
   585 -1.291586949612
   586 -1.291586949612
   587 -1.291586949612
   588 -1.291586949612
   589 -1.291586949612
   590 -1.291586949612
   591 -1.291586949612
   592 -1.291586949612
   593 -1.291586949612
   594 -1.291586949612
   595 -1.291586949612
   596 -1.291586949612
   597 -1.291586949612
   598 -1.291586949612
   599 -1.291586949612
   600 -1.291586949612
   601 -1.291586949612
   602 -1.291586949612
   603 -1.291586949612
   604 -1.291586949612
   605 -1.291586949612
   606 -1.291586949612
   607 -1.291586949612
   608 -1.291586949612
   609 -1.291586949612
   610 -1.291586949612
   611 -1.291586949612
   612 -1.291586949612
   613 -1.291586949612
   614 -1.291586949612
   615 -1.291586949612
   616 -1.291586949612
   617 -1.291586949612
   618 -1.291586949612
   619 -1.291586949612
   620 -1.291586949612
   621 -1.291586949612
   622 -1.291586949612
   623 -1.291586949612
   624 -1.291586949612
   625 -1.291587992694
   626 -1.291587992694
   627 -1.291587992694
   628 -1.291587992694
   629 -1.291587992694
   630 -1.291587992694
   631 -1.291587992694
   632 -1.291587992694
   633 -1.291587992694
   634 -1.291587992694
   635 -1.291587992694
   636 -1.291587992694
   637 -1.291587992694
   638 -1.291587992694
   639 -1.291587992694
   640 -1.291587992694
   641 -1.291587992694
   642 -1.291587992694
   643 -1.291587992694
   644 -1.291587992694
   645 -1.291587992694
   646 -1.291587992694
   647 -1.291587992694
   648 -1.291587992694
   649 -1.291587992694
   650 -1.291587992694
   651 -1.291587992694
   652 -1.291587992694
   653 -1.291587992694
   654 -1.291587992694
   655 -1.291587992694
   656 -1.291587992694
   657 -1.291587992694
   658 -1.291587992694
   659 -1.291587992694
   660 -1.291587992694
   661 -1.291587992694
   662 -1.291587992694
   663 -1.291587992694
   664 -1.291587992694
   665 -1.291587992694
   666 -1.291587992694
   667 -1.291587992694
   668 -1.291587992694
   669 -1.291587992694
   670 -1.291587992694
   671 -1.291587992694
   672 -1.291587992694
   673 -1.291587992694
   674 -1.291587992694
   675 -1.291587992694
   676 -1.291587992694
   677 -1.291587992694
   678 -1.291587992694
   679 -1.291587992694
   680 -1.291587992694
   681 -1.291587992694
   682 -1.291587992694
   683 -1.291587992694
   684 -1.291587992694
   685 -1.291587992694
   686 -1.291587992694
   687 -1.291587992694
   688 -1.291587992694
   689 -1.291587992694
   690 -1.291587992694
   691 -1.291587992694
   692 -1.291587992694
   693 -1.291587992694
   694 -1.291587992694
   695 -1.291587992694
   696 -1.291587992694
   697 -1.291587992694
   698 -1.291587992694
   699 -1.291587992694
   700 -1.291587992694
   701 -1.291587992694
   702 -1.291587992694
   703 -1.291587992694
   704 -1.291587992694
   705 -1.291587992694
   706 -1.291587992694
   707 -1.291587992694
   708 -1.291587992694
   709 -1.291587992694
   710 -1.291587992694
   711 -1.291587992694
   712 -1.291587992694
   713 -1.291587992694
   714 -1.291587992694
   715 -1.291587992694
   716 -1.291587992694
   717 -1.291587992694
   718 -1.291587992694
   719 -1.291587992694
   720 -1.291587992694
   721 -1.291587992694
   722 -1.291587992694
   723 -1.291587992694
   724 -1.291587992694
   725 -1.291587992694
   726 -1.291587992694
   727 -1.291587992694
   728 -1.291587992694
   729 -1.291587992694
   730 -1.291587992694
   731 -1.291587992694
   732 -1.291587992694
   733 -1.291587992694
   734 -1.291587992694
   735 -1.291587992694
   736 -1.291587992694
   737 -1.291587992694
   738 -1.291587992694
   739 -1.291587992694
   740 -1.291587992694
   741 -1.291587992694
   742 -1.291587992694
   743 -1.291587992694
   744 -1.291587992694
   745 -1.291587992694
   746 -1.291587992694
   747 -1.291587992694
   748 -1.291587992694
   749 -1.291587992694
   750 -1.291587992694
   751 -1.291587992694
   752 -1.291587992694
   753 -1.291587992694
   754 -1.291587992694
   755 -1.291587992694
   756 -1.291587992694
   757 -1.291587992694
   758 -1.291587992694
   759 -1.291587992694
   760 -1.291587992694
   761 -1.291587992694
   762 -1.291587992694
   763 -1.291587992694
   764 -1.291587992694
   765 -1.291587992694
   766 -1.291587992694
   767 -1.291587992694
   768 -1.291587992694
   769 -1.291587992694
   770 -1.291587992694
   771 -1.291587992694
   772 -1.291587992694
   773 -1.291587992694
   774 -1.291587992694
   775 -1.291587992694
   776 -1.291587992694
   777 -1.291587992694
   778 -1.291587992694
   779 -1.291587992694
   780 -1.291587992694
   781 -1.291587992694
   782 -1.291587992694
   783 -1.291587992694
   784 -1.291587992694
   785 -1.291587992694
   786 -1.291587992694
   787 -1.291587992694
   788 -1.291587992694
   789 -1.291587992694
   790 -1.291587992694
   791 -1.291587992694
   792 -1.291587992694
   793 -1.291587992694
   794 -1.291587992694
   795 -1.291587992694
   796 -1.291587992694
   797 -1.291587992694
   798 -1.291587992694
   799 -1.291587992694
   800 -1.291587992694
   801 -1.291587992694
   802 -1.291587992694
   803 -1.291587992694
   804 -1.291587992694
   805 -1.291587992694
   806 -1.291587992694
   807 -1.291587992694
   808 -1.291587992694
   809 -1.291587992694
   810 -1.291587992694
   811 -1.291587992694
   812 -1.291587992694
   813 -1.291587992694
   814 -1.291587992694
   815 -1.291587992694
   816 -1.291587992694
   817 -1.291587992694
   818 -1.291587992694
   819 -1.291587992694
   820 -1.291587992694
   821 -1.291587992694
   822 -1.291587992694
   823 -1.291587992694
   824 -1.291587992694
   825 -1.291587992694
   826 -1.291587992694
   827 -1.291587992694
   828 -1.291587992694
   829 -1.291587992694
   830 -1.291587992694
   831 -1.291587992694
   832 -1.291587992694
   833 -1.291587992694
   834 -1.291587992694
   835 -1.291587992694
   836 -1.291587992694
   837 -1.291587992694
   838 -1.291587992694
   839 -1.291587992694
   840 -1.291587992694
   841 -1.291587992694
   842 -1.291587992694
   843 -1.291587992694
   844 -1.291587992694
   845 -1.291587992694
   846 -1.291587992694
   847 -1.291587992694
   848 -1.291587992694
   849 -1.291587992694
   850 -1.291587992694
   851 -1.291587992694
   852 -1.291587992694
   853 -1.291587992694
   854 -1.291587992694
   855 -1.291587992694
   856 -1.291587992694
   857 -1.291587992694
   858 -1.291587992694
   859 -1.291587992694
   860 -1.291587992694
   861 -1.291587992694
   862 -1.291587992694
   863 -1.291587992694
   864 -1.291587992694
   865 -1.291587992694
   866 -1.291587992694
   867 -1.291587992694
   868 -1.291587992694
   869 -1.291587992694
   870 -1.291587992694
   871 -1.291587992694
   872 -1.291587992694
   873 -1.291587992694
   874 -1.291587992694
   875 -1.291587992694
   876 -1.291587992694
   877 -1.291587992694
   878 -1.291587992694
   879 -1.291587992694
   880 -1.291587992694
   881 -1.291587992694
   882 -1.291587992694
   883 -1.291587992694
   884 -1.291587992694
   885 -1.291587992694
   886 -1.291587992694
   887 -1.291587992694
   888 -1.291587992694
   889 -1.291587992694
   890 -1.291587992694
   891 -1.291587992694
   892 -1.291587992694
   893 -1.291587992694
   894 -1.291587992694
   895 -1.291587992694
   896 -1.291587992694
   897 -1.291587992694
   898 -1.291587992694
   899 -1.291587992694
   900 -1.291587992694
   901 -1.291587992694
   902 -1.291587992694
   903 -1.291587992694
   904 -1.291587992694
   905 -1.291587992694
   906 -1.291587992694
   907 -1.291587992694
   908 -1.291587992694
   909 -1.291587992694
   910 -1.291587992694
   911 -1.291587992694
   912 -1.291587992694
   913 -1.291587992694
   914 -1.291587992694
   915 -1.291587992694
   916 -1.291587992694
   917 -1.291587992694
   918 -1.291587992694
   919 -1.291587992694
   920 -1.291587992694
   921 -1.291587992694
   922 -1.291587992694
   923 -1.291587992694
   924 -1.291587992694
   925 -1.291587992694
   926 -1.291587992694
   927 -1.291587992694
   928 -1.291587992694
   929 -1.291587992694
   930 -1.291587992694
   931 -1.291587992694
   932 -1.291587992694
   933 -1.291587992694
   934 -1.291587992694
   935 -1.291587992694
   936 -1.291587992694
   937 -1.291587992694
   938 -1.291587992694
   939 -1.291587992694
   940 -1.291587992694
   941 -1.291587992694
   942 -1.291587992694
   943 -1.291587992694
   944 -1.291587992694
   945 -1.291587992694
   946 -1.291587992694
   947 -1.291587992694
   948 -1.291587992694
   949 -1.291587992694
   950 -1.291587992694
   951 -1.291587992694
   952 -1.291587992694
   953 -1.291587992694
   954 -1.291587992694
   955 -1.291587992694
   956 -1.291587992694
   957 -1.291587992694
   958 -1.291587992694
   959 -1.291587992694
   960 -1.291587992694
   961 -1.291587992694
   962 -1.291587992694
   963 -1.291587992694
   964 -1.291587992694
   965 -1.291587992694
   966 -1.291587992694
   967 -1.291587992694
   968 -1.291587992694
   969 -1.291587992694
   970 -1.291587992694
   971 -1.291587992694
   972 -1.291587992694
   973 -1.291587992694
   974 -1.291587992694
   975 -1.291587992694
   976 -1.291587992694
   977 -1.291587992694
   978 -1.291587992694
   979 -1.291587992694
   980 -1.291587992694
   981 -1.291587992694
   982 -1.291587992694
   983 -1.291587992694
   984 -1.291587992694
   985 -1.291587992694
   986 -1.291587992694
   987 -1.291587992694
   988 -1.291587992694
   989 -1.291587992694
   990 -1.291587992694
   991 -1.291587992694
   992 -1.291587992694
   993 -1.291587992694
   994 -1.291587992694
   995 -1.291587992694
   996 -1.291587992694
   997 -1.291587992694
   998 -1.291587992694
   999 -1.291587992694
  1000 -1.291587992694
  1001 -1.291587992694
  1002 -1.291587992694
  1003 -1.291587992694
  1004 -1.291587992694
  1005 -1.291587992694
  1006 -1.291587992694
  1007 -1.291587992694
  1008 -1.291587992694
  1009 -1.291587992694
  1010 -1.291587992694
  1011 -1.291587992694
  1012 -1.291587992694
  1013 -1.291587992694
  1014 -1.291587992694
  1015 -1.291587992694
  1016 -1.291587992694
  1017 -1.291587992694
  1018 -1.291587992694
  1019 -1.291587992694
  1020 -1.291587992694
  1021 -1.291587992694
  1022 -1.291587992694
  1023 -1.291587992694
  1024 -1.291587992694
  1025 -1.291587992694
  1026 -1.291587992694
  1027 -1.291587992694
  1028 -1.291587992694
  1029 -1.291587992694
  1030 -1.291587992694
  1031 -1.291587992694
  1032 -1.291587992694
  1033 -1.291587992694
  1034 -1.291587992694
  1035 -1.291587992694
  1036 -1.291587992694
  1037 -1.291587992694
  1038 -1.291587992694
  1039 -1.291587992694
  1040 -1.291587992694
  1041 -1.291587992694
  1042 -1.291587992694
  1043 -1.291587992694
  1044 -1.291587992694
  1045 -1.291587992694
  1046 -1.291587992694
  1047 -1.291587992694
  1048 -1.291587992694
  1049 -1.291587992694
  1050 -1.291587992694
  1051 -1.291587992694
  1052 -1.291587992694
  1053 -1.291587992694
  1054 -1.291587992694
  1055 -1.291587992694
  1056 -1.291587992694
  1057 -1.291587992694
  1058 -1.291587992694
  1059 -1.291587992694
  1060 -1.291587992694
  1061 -1.291587992694
  1062 -1.291587992694
  1063 -1.291587992694
  1064 -1.291587992694
  1065 -1.291587992694
  1066 -1.291587992694
  1067 -1.291587992694
  1068 -1.291587992694
  1069 -1.291587992694
  1070 -1.291587992694
  1071 -1.291587992694
  1072 -1.291587992694
  1073 -1.291587992694
  1074 -1.291587992694
  1075 -1.291587992694
  1076 -1.291587992694
  1077 -1.291587992694
  1078 -1.291587992694
  1079 -1.291587992694
  1080 -1.291587992694
  1081 -1.291587992694
  1082 -1.291587992694
  1083 -1.291587992694
  1084 -1.291587992694
  1085 -1.291587992694
  1086 -1.291587992694
  1087 -1.291587992694
  1088 -1.291587992694
  1089 -1.291587992694
  1090 -1.291587992694
  1091 -1.291587992694
  1092 -1.291587992694
  1093 -1.291587992694
  1094 -1.291587992694
  1095 -1.291587992694
  1096 -1.291587992694
  1097 -1.291587992694
  1098 -1.291587992694
  1099 -1.291587992694
  1100 -1.291587992694
  1101 -1.291587992694
  1102 -1.291587992694
  1103 -1.291587992694
  1104 -1.291587992694
  1105 -1.291587992694
  1106 -1.291587992694
  1107 -1.291587992694
  1108 -1.291587992694
  1109 -1.291587992694
  1110 -1.291587992694
  1111 -1.291587992694
  1112 -1.291587992694
  1113 -1.291587992694
  1114 -1.291587992694
  1115 -1.291587992694
  1116 -1.291587992694
  1117 -1.291587992694
  1118 -1.291587992694
  1119 -1.291587992694
  1120 -1.291587992694
  1121 -1.291587992694
  1122 -1.291587992694
  1123 -1.291587992694
  1124 -1.291587992694
  1125 -1.291587992694
  1126 -1.291587992694
  1127 -1.291587992694
  1128 -1.291587992694
  1129 -1.291587992694
  1130 -1.291587992694
  1131 -1.291587992694
  1132 -1.291587992694
  1133 -1.291587992694
  1134 -1.291587992694
  1135 -1.291587992694
  1136 -1.291587992694
  1137 -1.291587992694
  1138 -1.291587992694
  1139 -1.291587992694
  1140 -1.291587992694
  1141 -1.291587992694
  1142 -1.291587992694
  1143 -1.291587992694
  1144 -1.291587992694
  1145 -1.291587992694
  1146 -1.291587992694
  1147 -1.291587992694
  1148 -1.291587992694
  1149 -1.291587992694
  1150 -1.291587992694
  1151 -1.291587992694
  1152 -1.291587992694
  1153 -1.291587992694
  1154 -1.291587992694
  1155 -1.291587992694
  1156 -1.291587992694
  1157 -1.291587992694
  1158 -1.291587992694
  1159 -1.291587992694
  1160 -1.291587992694
  1161 -1.291587992694
  1162 -1.291587992694
  1163 -1.291587992694
  1164 -1.291587992694
  1165 -1.291587992694
  1166 -1.291587992694
  1167 -1.291587992694
  1168 -1.291587992694
  1169 -1.291587992694
  1170 -1.291587992694
  1171 -1.291587992694
  1172 -1.291587992694
  1173 -1.291587992694
  1174 -1.291587992694
  1175 -1.291587992694
  1176 -1.291587992694
  1177 -1.291587992694
  1178 -1.291587992694
  1179 -1.291587992694
  1180 -1.291587992694
  1181 -1.291587992694
  1182 -1.291587992694
  1183 -1.291587992694
  1184 -1.291587992694
  1185 -1.291587992694
  1186 -1.291587992694
  1187 -1.291587992694
  1188 -1.291587992694
  1189 -1.291587992694
  1190 -1.291587992694
  1191 -1.291587992694
  1192 -1.291587992694
  1193 -1.291587992694
  1194 -1.291587992694
  1195 -1.291587992694
  1196 -1.291587992694
  1197 -1.291587992694
  1198 -1.291587992694
  1199 -1.291587992694
  1200 -1.291587992694
  1201 -1.291587992694
  1202 -1.291587992694
  1203 -1.291587992694
  1204 -1.291587992694
  1205 -1.291587992694
  1206 -1.291587992694
  1207 -1.291587992694
  1208 -1.291587992694
  1209 -1.291587992694
  1210 -1.291587992694
  1211 -1.291587992694
  1212 -1.291587992694
  1213 -1.291587992694
  1214 -1.291587992694
  1215 -1.291587992694
  1216 -1.291587992694
  1217 -1.291587992694
  1218 -1.291587992694
  1219 -1.291587992694
  1220 -1.291587992694
  1221 -1.291587992694
  1222 -1.291587992694
  1223 -1.291587992694
  1224 -1.291587992694
  1225 -1.291587992694
  1226 -1.291587992694
  1227 -1.291587992694
  1228 -1.291587992694
  1229 -1.291587992694
  1230 -1.291587992694
  1231 -1.291587992694
  1232 -1.291587992694
  1233 -1.291587992694
  1234 -1.291587992694
  1235 -1.291587992694
  1236 -1.291587992694
  1237 -1.291587992694
  1238 -1.291587992694
  1239 -1.291587992694
  1240 -1.291587992694
  1241 -1.291587992694
  1242 -1.291587992694
  1243 -1.291587992694
  1244 -1.291587992694
  1245 -1.291587992694
  1246 -1.291587992694
  1247 -1.291587992694
  1248 -1.291587992694
  1249 -1.291587992694
  1250 -1.291587992694
  1251 -1.291587992694
  1252 -1.291587992694
  1253 -1.291587992694
  1254 -1.291587992694
  1255 -1.291587992694
  1256 -1.291587992694
  1257 -1.291587992694
  1258 -1.291587992694
  1259 -1.291587992694
  1260 -1.291587992694
  1261 -1.291587992694
  1262 -1.291587992694
  1263 -1.291587992694
  1264 -1.291587992694
  1265 -1.291587992694
  1266 -1.291587992694
  1267 -1.291587992694
  1268 -1.291587992694
  1269 -1.291587992694
  1270 -1.291587992694
  1271 -1.291587992694
  1272 -1.291587992694
  1273 -1.291587992694
  1274 -1.291587992694
  1275 -1.291587992694
  1276 -1.291587992694
  1277 -1.291587992694
  1278 -1.291587992694
  1279 -1.291587992694
  1280 -1.291587992694
  1281 -1.291587992694
  1282 -1.291587992694
  1283 -1.291587992694
  1284 -1.291587992694
  1285 -1.291587992694
  1286 -1.291587992694
  1287 -1.291587992694
  1288 -1.291587992694
  1289 -1.291587992694
  1290 -1.291587992694
  1291 -1.291587992694
  1292 -1.291587992694
  1293 -1.291587992694
  1294 -1.291587992694
  1295 -1.291587992694
  1296 -1.291587992694
  1297 -1.291587992694
  1298 -1.291587992694
  1299 -1.291587992694
  1300 -1.291587992694
  1301 -1.291587992694
  1302 -1.291587992694
  1303 -1.291587992694
  1304 -1.291587992694
  1305 -1.291587992694
  1306 -1.291587992694
  1307 -1.291587992694
  1308 -1.291587992694
  1309 -1.291587992694
  1310 -1.291587992694
  1311 -1.291587992694
  1312 -1.291587992694
  1313 -1.291587992694
  1314 -1.291587992694
  1315 -1.291587992694
  1316 -1.291587992694
  1317 -1.291587992694
  1318 -1.291587992694
  1319 -1.291587992694
  1320 -1.291587992694
  1321 -1.291587992694
  1322 -1.291587992694
  1323 -1.291587992694
  1324 -1.291587992694
  1325 -1.291587992694
  1326 -1.291587992694
  1327 -1.291587992694
  1328 -1.291587992694
  1329 -1.291587992694
  1330 -1.291587992694
  1331 -1.291587992694
  1332 -1.291587992694
  1333 -1.291587992694
  1334 -1.291587992694
  1335 -1.291587992694
  1336 -1.291587992694
  1337 -1.291587992694
  1338 -1.291587992694
  1339 -1.291587992694
  1340 -1.291587992694
  1341 -1.291587992694
  1342 -1.291587992694
  1343 -1.291587992694
  1344 -1.291587992694
  1345 -1.291587992694
  1346 -1.291587992694
  1347 -1.291587992694
  1348 -1.291587992694
  1349 -1.291587992694
  1350 -1.291587992694
  1351 -1.291587992694
  1352 -1.291587992694
  1353 -1.291587992694
  1354 -1.291587992694
  1355 -1.291587992694
  1356 -1.291587992694
  1357 -1.291587992694
  1358 -1.291587992694
  1359 -1.291587992694
  1360 -1.291587992694
  1361 -1.291587992694
  1362 -1.291587992694
  1363 -1.291587992694
  1364 -1.291587992694
  1365 -1.291587992694
  1366 -1.291587992694
  1367 -1.291587992694
  1368 -1.291587992694
  1369 -1.291587992694
  1370 -1.291587992694
  1371 -1.291587992694
  1372 -1.291587992694
  1373 -1.291587992694
  1374 -1.291587992694
  1375 -1.291587992694
  1376 -1.291587992694
  1377 -1.291587992694
  1378 -1.291587992694
  1379 -1.291587992694
  1380 -1.291587992694
  1381 -1.291587992694
  1382 -1.291587992694
  1383 -1.291587992694
  1384 -1.291587992694
  1385 -1.291587992694
  1386 -1.291587992694
  1387 -1.291587992694
  1388 -1.291587992694
  1389 -1.291587992694
  1390 -1.291587992694
  1391 -1.291587992694
  1392 -1.291587992694
  1393 -1.291587992694
  1394 -1.291587992694
  1395 -1.291587992694
  1396 -1.291587992694
  1397 -1.291587992694
  1398 -1.291587992694
  1399 -1.291587992694
  1400 -1.291587992694
  1401 -1.291587992694
  1402 -1.291587992694
  1403 -1.291587992694
  1404 -1.291587992694
  1405 -1.291587992694
  1406 -1.291587992694
  1407 -1.291587992694
  1408 -1.291587992694
  1409 -1.291587992694
  1410 -1.291587992694
  1411 -1.291587992694
  1412 -1.291587992694
  1413 -1.291587992694
  1414 -1.291587992694
  1415 -1.291587992694
  1416 -1.291587992694
  1417 -1.291587992694
  1418 -1.291587992694
  1419 -1.291587992694
  1420 -1.291587992694
  1421 -1.291587992694
  1422 -1.291587992694
  1423 -1.291587992694
  1424 -1.291587992694
  1425 -1.291587992694
  1426 -1.291587992694
  1427 -1.291587992694
  1428 -1.291587992694
  1429 -1.291587992694
  1430 -1.291587992694
  1431 -1.291587992694
  1432 -1.291587992694
  1433 -1.291587992694
  1434 -1.291587992694
  1435 -1.291587992694
  1436 -1.291587992694
  1437 -1.291587992694
  1438 -1.291587992694
  1439 -1.291587992694
  1440 -1.291587992694
  1441 -1.291587992694
  1442 -1.291587992694
  1443 -1.291587992694
  1444 -1.291587992694
  1445 -1.291587992694
  1446 -1.291587992694
  1447 -1.291587992694
  1448 -1.291587992694
  1449 -1.291587992694
  1450 -1.291587992694
  1451 -1.291587992694
  1452 -1.291587992694
  1453 -1.291587992694
  1454 -1.291587992694
  1455 -1.291587992694
  1456 -1.291587992694
  1457 -1.291587992694
  1458 -1.291587992694
  1459 -1.291587992694
  1460 -1.291587992694
  1461 -1.291587992694
  1462 -1.291587992694
  1463 -1.291587992694
  1464 -1.291587992694
  1465 -1.291587992694
  1466 -1.291587992694
  1467 -1.291587992694
  1468 -1.291587992694
  1469 -1.291587992694
  1470 -1.291587992694
  1471 -1.291587992694
  1472 -1.291587992694
  1473 -1.291587992694
  1474 -1.291587992694
  1475 -1.291587992694
  1476 -1.291587992694
  1477 -1.291587992694
  1478 -1.291587992694
  1479 -1.291587992694
  1480 -1.291587992694
  1481 -1.291587992694
  1482 -1.291587992694
  1483 -1.291587992694
  1484 -1.291587992694
  1485 -1.291587992694
  1486 -1.291587992694
  1487 -1.291587992694
  1488 -1.291587992694
  1489 -1.291587992694
  1490 -1.291587992694
  1491 -1.291587992694
  1492 -1.291587992694
  1493 -1.291587992694
  1494 -1.291587992694
  1495 -1.291587992694
  1496 -1.291587992694
  1497 -1.291587992694
  1498 -1.291587992694
  1499 -1.291587992694
  1500 -1.291587992694
  1501 -1.291587992694
  1502 -1.291587992694
  1503 -1.291587992694
  1504 -1.291587992694
  1505 -1.291587992694
  1506 -1.291587992694
  1507 -1.291587992694
  1508 -1.291587992694
  1509 -1.291587992694
  1510 -1.291587992694
  1511 -1.291587992694
  1512 -1.291587992694
  1513 -1.291587992694
  1514 -1.291587992694
  1515 -1.291587992694
  1516 -1.291587992694
  1517 -1.291587992694
  1518 -1.291587992694
  1519 -1.291587992694
  1520 -1.291587992694
  1521 -1.291587992694
  1522 -1.291587992694
  1523 -1.291587992694
  1524 -1.291587992694
  1525 -1.291587992694
  1526 -1.291587992694
  1527 -1.291587992694
  1528 -1.291587992694
  1529 -1.291587992694
  1530 -1.291587992694
  1531 -1.291587992694
  1532 -1.291587992694
  1533 -1.291587992694
  1534 -1.291587992694
  1535 -1.291587992694
  1536 -1.291587992694
  1537 -1.291587992694
  1538 -1.291587992694
  1539 -1.291587992694
  1540 -1.291587992694
  1541 -1.291587992694
  1542 -1.291587992694
  1543 -1.291587992694
  1544 -1.291587992694
  1545 -1.291587992694
  1546 -1.291587992694
  1547 -1.291587992694
  1548 -1.291587992694
  1549 -1.291587992694
  1550 -1.291587992694
  1551 -1.291587992694
  1552 -1.291587992694
  1553 -1.291587992694
  1554 -1.291587992694
  1555 -1.291587992694
  1556 -1.291587992694
  1557 -1.291587992694
  1558 -1.291587992694
  1559 -1.291587992694
  1560 -1.291587992694
  1561 -1.291587992694
  1562 -1.291587992694
  1563 -1.291587992694
  1564 -1.291587992694
  1565 -1.291587992694
  1566 -1.291587992694
  1567 -1.291587992694
  1568 -1.291587992694
  1569 -1.291587992694
  1570 -1.291587992694
  1571 -1.291587992694
  1572 -1.291587992694
  1573 -1.291587992694
  1574 -1.291587992694
  1575 -1.291587992694
  1576 -1.291587992694
  1577 -1.291587992694
  1578 -1.291587992694
  1579 -1.291587992694
  1580 -1.291587992694
  1581 -1.291587992694
  1582 -1.291587992694
  1583 -1.291587992694
  1584 -1.291587992694
  1585 -1.291587992694
  1586 -1.291587992694
  1587 -1.291587992694
  1588 -1.291587992694
  1589 -1.291587992694
  1590 -1.291587992694
  1591 -1.291587992694
  1592 -1.291587992694
  1593 -1.291587992694
  1594 -1.291587992694
  1595 -1.291587992694
  1596 -1.291587992694
  1597 -1.291587992694
  1598 -1.291587992694
  1599 -1.291587992694
  1600 -1.291587992694
  1601 -1.291587992694
  1602 -1.291587992694
  1603 -1.291587992694
  1604 -1.291587992694
  1605 -1.291587992694
  1606 -1.291587992694
  1607 -1.291587992694
  1608 -1.291587992694
  1609 -1.291587992694
  1610 -1.291587992694
  1611 -1.291587992694
  1612 -1.291587992694
  1613 -1.291587992694
  1614 -1.291587992694
  1615 -1.291587992694
  1616 -1.291587992694
  1617 -1.291587992694
  1618 -1.291587992694
  1619 -1.291587992694
  1620 -1.291587992694
  1621 -1.291587992694
  1622 -1.291587992694
  1623 -1.291587992694
  1624 -1.291587992694
  1625 -1.291587992694
  1626 -1.291587992694
  1627 -1.291587992694
  1628 -1.291587992694
  1629 -1.291587992694
  1630 -1.291587992694
  1631 -1.291587992694
  1632 -1.291587992694
  1633 -1.291587992694
  1634 -1.291587992694
  1635 -1.291587992694
  1636 -1.291587992694
  1637 -1.291587992694
  1638 -1.291587992694
  1639 -1.291587992694
  1640 -1.291587992694
  1641 -1.291587992694
  1642 -1.291587992694
  1643 -1.291587992694
  1644 -1.291587992694
  1645 -1.291587992694
  1646 -1.291587992694
  1647 -1.291587992694
  1648 -1.291587992694
  1649 -1.291587992694
  1650 -1.291587992694
  1651 -1.291587992694
  1652 -1.291587992694
  1653 -1.291587992694
  1654 -1.291587992694
  1655 -1.291587992694
  1656 -1.291587992694
  1657 -1.291587992694
  1658 -1.291587992694
  1659 -1.291587992694
  1660 -1.291587992694
  1661 -1.291587992694
  1662 -1.291587992694
  1663 -1.291587992694
  1664 -1.291587992694
  1665 -1.291587992694
  1666 -1.291587992694
  1667 -1.291587992694
  1668 -1.291587992694
  1669 -1.291587992694
  1670 -1.291587992694
  1671 -1.291587992694
  1672 -1.291587992694
  1673 -1.291587992694
  1674 -1.291587992694
  1675 -1.291587992694
  1676 -1.291587992694
  1677 -1.291587992694
  1678 -1.291587992694
  1679 -1.291587992694
  1680 -1.291587992694
  1681 -1.291587992694
  1682 -1.291587992694
  1683 -1.291587992694
  1684 -1.291587992694
  1685 -1.291587992694
  1686 -1.291587992694
  1687 -1.291587992694
  1688 -1.291587992694
  1689 -1.291587992694
  1690 -1.291587992694
  1691 -1.291587992694
  1692 -1.291587992694
  1693 -1.291587992694
  1694 -1.291587992694
  1695 -1.291587992694
  1696 -1.291587992694
  1697 -1.291587992694
  1698 -1.291587992694
  1699 -1.291587992694
  1700 -1.291587992694
  1701 -1.291587992694
  1702 -1.291587992694
  1703 -1.291587992694
  1704 -1.291587992694
  1705 -1.291587992694
  1706 -1.291587992694
  1707 -1.291587992694
  1708 -1.291587992694
  1709 -1.291587992694
  1710 -1.291587992694
  1711 -1.291587992694
  1712 -1.291587992694
  1713 -1.291587992694
  1714 -1.291587992694
  1715 -1.291587992694
  1716 -1.291587992694
  1717 -1.291587992694
  1718 -1.291587992694
  1719 -1.291587992694
  1720 -1.291587992694
  1721 -1.291587992694
  1722 -1.291587992694
  1723 -1.291587992694
  1724 -1.291587992694
  1725 -1.291587992694
  1726 -1.291587992694
  1727 -1.291587992694
  1728 -1.291587992694
  1729 -1.291587992694
  1730 -1.291587992694
  1731 -1.291587992694
  1732 -1.291587992694
  1733 -1.291587992694
  1734 -1.291587992694
  1735 -1.291587992694
  1736 -1.291587992694
  1737 -1.291587992694
  1738 -1.291587992694
  1739 -1.291587992694
  1740 -1.291587992694
  1741 -1.291587992694
  1742 -1.291587992694
  1743 -1.291587992694
  1744 -1.291587992694
  1745 -1.291587992694
  1746 -1.291587992694
  1747 -1.291587992694
  1748 -1.291587992694
  1749 -1.291587992694
  1750 -1.291587992694
  1751 -1.291587992694
  1752 -1.291587992694
  1753 -1.291587992694
  1754 -1.291587992694
  1755 -1.291587992694
  1756 -1.291587992694
  1757 -1.291587992694
  1758 -1.291587992694
  1759 -1.291587992694
  1760 -1.291587992694
  1761 -1.291587992694
  1762 -1.291587992694
  1763 -1.291587992694
  1764 -1.291587992694
  1765 -1.291587992694
  1766 -1.291587992694
  1767 -1.291587992694
  1768 -1.291587992694
  1769 -1.291587992694
  1770 -1.291587992694
  1771 -1.291587992694
  1772 -1.291587992694
  1773 -1.291587992694
  1774 -1.291587992694
  1775 -1.291587992694
  1776 -1.291587992694
  1777 -1.291587992694
  1778 -1.291587992694
  1779 -1.291587992694
  1780 -1.291587992694
  1781 -1.291587992694
  1782 -1.291587992694
  1783 -1.291587992694
  1784 -1.291587992694
  1785 -1.291587992694
  1786 -1.291587992694
  1787 -1.291587992694
  1788 -1.291587992694
  1789 -1.291587992694
  1790 -1.291587992694
  1791 -1.291587992694
  1792 -1.291587992694
  1793 -1.291587992694
  1794 -1.291587992694
  1795 -1.291587992694
  1796 -1.291587992694
  1797 -1.291587992694
  1798 -1.291587992694
  1799 -1.291587992694
  1800 -1.291587992694
  1801 -1.291587992694
  1802 -1.291587992694
  1803 -1.291587992694
  1804 -1.291587992694
  1805 -1.291587992694
  1806 -1.291587992694
  1807 -1.291587992694
  1808 -1.291587992694
  1809 -1.291587992694
  1810 -1.291587992694
  1811 -1.291587992694
  1812 -1.291587992694
  1813 -1.291587992694
  1814 -1.291587992694
  1815 -1.291587992694
  1816 -1.291587992694
  1817 -1.291587992694
  1818 -1.291587992694
  1819 -1.291587992694
  1820 -1.291587992694
  1821 -1.291587992694
  1822 -1.291587992694
  1823 -1.291587992694
  1824 -1.291587992694
  1825 -1.291587992694
  1826 -1.291587992694
  1827 -1.291587992694
  1828 -1.291587992694
  1829 -1.291587992694
  1830 -1.291587992694
  1831 -1.291587992694
  1832 -1.291587992694
  1833 -1.291587992694
  1834 -1.291587992694
  1835 -1.291587992694
  1836 -1.291587992694
  1837 -1.291587992694
  1838 -1.291587992694
  1839 -1.291587992694
  1840 -1.291587992694
  1841 -1.291587992694
  1842 -1.291587992694
  1843 -1.291587992694
  1844 -1.291587992694
  1845 -1.291587992694
  1846 -1.291587992694
  1847 -1.291587992694
  1848 -1.291587992694
  1849 -1.291587992694
  1850 -1.291587992694
  1851 -1.291587992694
  1852 -1.291587992694
  1853 -1.291587992694
  1854 -1.291587992694
  1855 -1.291587992694
  1856 -1.291587992694
  1857 -1.291587992694
  1858 -1.291587992694
  1859 -1.291587992694
  1860 -1.291587992694
  1861 -1.291587992694
  1862 -1.291587992694
  1863 -1.291587992694
  1864 -1.291587992694
  1865 -1.291587992694
  1866 -1.291587992694
  1867 -1.291587992694
  1868 -1.291587992694
  1869 -1.291587992694
  1870 -1.291587992694
  1871 -1.291587992694
  1872 -1.291587992694
  1873 -1.291587992694
  1874 -1.291587992694
  1875 -1.291587992694
  1876 -1.291587992694
  1877 -1.291587992694
  1878 -1.291587992694
  1879 -1.291587992694
  1880 -1.291587992694
  1881 -1.291587992694
  1882 -1.291587992694
  1883 -1.291587992694
  1884 -1.291587992694
  1885 -1.291587992694
  1886 -1.291587992694
  1887 -1.291587992694
  1888 -1.291587992694
  1889 -1.291587992694
  1890 -1.291587992694
  1891 -1.291587992694
  1892 -1.291587992694
  1893 -1.291587992694
  1894 -1.291587992694
  1895 -1.291587992694
  1896 -1.291587992694
  1897 -1.291587992694
  1898 -1.291587992694
  1899 -1.291587992694
  1900 -1.291587992694
  1901 -1.291587992694
  1902 -1.291587992694
  1903 -1.291587992694
  1904 -1.291587992694
  1905 -1.291587992694
  1906 -1.291587992694
  1907 -1.291587992694
  1908 -1.291587992694
  1909 -1.291587992694
  1910 -1.291587992694
  1911 -1.291587992694
  1912 -1.291587992694
  1913 -1.291587992694
  1914 -1.291587992694
  1915 -1.291587992694
  1916 -1.291587992694
  1917 -1.291587992694
  1918 -1.291587992694
  1919 -1.291587992694
  1920 -1.291587992694
  1921 -1.291587992694
  1922 -1.291587992694
  1923 -1.291587992694
  1924 -1.291587992694
  1925 -1.291587992694
  1926 -1.291587992694
  1927 -1.291587992694
  1928 -1.291587992694
  1929 -1.291587992694
  1930 -1.291587992694
  1931 -1.291587992694
  1932 -1.291587992694
  1933 -1.291587992694
  1934 -1.291587992694
  1935 -1.291587992694
  1936 -1.291587992694
  1937 -1.291587992694
  1938 -1.291587992694
  1939 -1.291587992694
  1940 -1.291587992694
  1941 -1.291587992694
  1942 -1.291587992694
  1943 -1.291587992694
  1944 -1.291587992694
  1945 -1.291587992694
  1946 -1.291587992694
  1947 -1.291587992694
  1948 -1.291587992694
  1949 -1.291587992694
  1950 -1.291587992694
  1951 -1.291587992694
  1952 -1.291587992694
  1953 -1.291587992694
  1954 -1.291587992694
  1955 -1.291587992694
  1956 -1.291587992694
  1957 -1.291587992694
  1958 -1.291587992694
  1959 -1.291587992694
  1960 -1.291587992694
  1961 -1.291587992694
  1962 -1.291587992694
  1963 -1.291587992694
  1964 -1.291587992694
  1965 -1.291587992694
  1966 -1.291587992694
  1967 -1.291587992694
  1968 -1.291587992694
  1969 -1.291587992694
  1970 -1.291587992694
  1971 -1.291587992694
  1972 -1.291587992694
  1973 -1.291587992694
  1974 -1.291587992694
  1975 -1.291587992694
  1976 -1.291587992694
  1977 -1.291587992694
  1978 -1.291587992694
  1979 -1.291587992694
  1980 -1.291587992694
  1981 -1.291587992694
  1982 -1.291587992694
  1983 -1.291587992694
  1984 -1.291587992694
  1985 -1.291587992694
  1986 -1.291587992694
  1987 -1.291587992694
  1988 -1.291587992694
  1989 -1.291587992694
  1990 -1.291587992694
  1991 -1.291587992694
  1992 -1.291587992694
  1993 -1.291587992694
  1994 -1.291587992694
  1995 -1.291587992694
  1996 -1.291587992694
  1997 -1.291587992694
  1998 -1.291587992694
  1999 -1.291587992694
  2000 -1.291587992694
