     1 -1.038213081478
     2 -1.445955105918
     3 -1.716193716406
     4 -1.851549752532
     5 -1.927137325156
     6 -1.973943482197
     7 -2.005474765482
     8 -2.027815259268
     9 -2.044045842869
    10 -2.056035020631
    11 -2.065010258047
    12 -2.071801996054
    13 -2.076989709361
    14 -2.080983150165
    15 -2.084083906462
    16 -2.086495420675
    17 -2.088386492592
    18 -2.089870936477
    19 -2.091041258145
    20 -2.091964658339
    21 -2.092699826747
    22 -2.093280316220
    23 -2.093743787678
    24 -2.094111172509
    25 -2.094403376698
    26 -2.094637117838
    27 -2.094824930989
    28 -2.094971000067
    29 -2.095092021790
    30 -2.095188000938
    31 -2.095263112902
    32 -2.095325704306
    33 -2.095371604099
    34 -2.095413330073
    35 -2.095442538110
    36 -2.095467573198
    37 -2.095488435559
    38 -2.095505125336
    39 -2.095517642619
    40 -2.095525987468
    41 -2.095534332247
    42 -2.095542676981
    43 -2.095546849360
    44 -2.095551021720
    45 -2.095555194067
    46 -2.095559366407
    47 -2.095559366417
    48 -2.095563538748
    49 -2.095563538752
    50 -2.095565624917
    51 -2.181238477951
    52 -2.062097884941
    53 -2.137000684429
    54 -2.151765977027
    55 -2.146590398125
    56 -2.139172441379
    57 -2.131415244801
    58 -2.124681584535
    59 -2.119043680673
    60 -2.114425703845
    61 -2.110676524903
    62 -2.107649968706
    63 -2.105216050761
    64 -2.103266374691
    65 -2.101707402375
    66 -2.100459189496
    67 -2.099466252089
    68 -2.098674858088
    69 -2.098041507926
    70 -2.097541358151
    71 -2.097141147939
    72 -2.096820088888
    73 -2.096569882061
    74 -2.096365522094
    75 -2.096207026964
    76 -2.096077718664
    77 -2.095973432001
    78 -2.095894171481
    79 -2.095827422976
    80 -2.095777360619
    81 -2.095735640904
    82 -2.095702264561
    83 -2.095677232054
    84 -2.095656371351
    85 -2.095639682641
    86 -2.095622993718
    87 -2.095614649309
    88 -2.095606304814
    89 -2.095597960263
    90 -2.095593788002
    91 -2.095589615718
    92 -2.095585443419
    93 -2.095581271111
    94 -2.095581271122
    95 -2.095577098803
    96 -2.095577098808
    97 -2.095577098811
    98 -2.095572926487
    99 -2.095572926489
   100 -2.095572926489
   101 -2.171597746184
   102 -2.086172787166
   103 -2.144228944768
   104 -2.149313125775
   105 -2.144241655279
   106 -2.135016851674
   107 -2.127164827391
   108 -2.120702254304
   109 -2.115555392526
   110 -2.111458799844
   111 -2.108204913957
   112 -2.105619226831
   113 -2.103562710468
   114 -2.101928630775
   115 -2.100627353911
   116 -2.099595450928
   117 -2.098775237025
   118 -2.098121248959
   119 -2.097602453919
   120 -2.097189802841
   121 -2.096860443795
   122 -2.096597746264
   123 -2.096391315653
   124 -2.096224485051
   125 -2.096095182203
   126 -2.095986726454
   127 -2.095903295541
   128 -2.095836548191
   129 -2.095782314200
   130 -2.095740594902
   131 -2.095707218810
   132 -2.095678014128
   133 -2.095657153517
   134 -2.095640464862
   135 -2.095627948299
   136 -2.095615431586
   137 -2.095607087104
   138 -2.095598742561
   139 -2.095594570305
   140 -2.095590398024
   141 -2.095586225727
   142 -2.095582053420
   143 -2.095579967269
   144 -2.095579967276
   145 -2.095575794956
   146 -2.095575794959
   147 -2.095575794961
   148 -2.095571622637
   149 -2.095571622638
   150 -2.095571622638
   151 -2.180115198081
   152 -2.032702188282
   153 -2.122301490947
   154 -2.136677954641
   155 -2.135805306227
   156 -2.130396548696
   157 -2.124873728101
   158 -2.119839394351
   159 -2.115476696280
   160 -2.111773616600
   161 -2.108690048099
   162 -2.106148152663
   163 -2.104076184178
   164 -2.102394864465
   165 -2.101035623861
   166 -2.099945583338
   167 -2.099067127665
   168 -2.098367351513
   169 -2.097804815468
   170 -2.097354657434
   171 -2.096996120603
   172 -2.096712580026
   173 -2.096483213781
   174 -2.096299701862
   175 -2.096153714966
   176 -2.096036918033
   177 -2.095945144755
   178 -2.095870054262
   179 -2.095809562778
   180 -2.095763671811
   181 -2.095721951500
   182 -2.095692747103
   183 -2.095667714355
   184 -2.095651025824
   185 -2.095634337017
   186 -2.095621820358
   187 -2.095609303585
   188 -2.095603045228
   189 -2.095594700661
   190 -2.095590528390
   191 -2.095586356099
   192 -2.095582183797
   193 -2.095582183811
   194 -2.095578011495
   195 -2.095578011501
   196 -2.095578011505
   197 -2.095573839182
   198 -2.095573839184
   199 -2.095573839185
   200 -2.095573839186
   201 -2.151676204661
   202 -2.072717493765
   203 -2.108908392471
   204 -2.117735109058
   205 -2.115885552195
   206 -2.112910776977
   207 -2.109677360664
   208 -2.106861699861
   209 -2.104517304778
   210 -2.102602423330
   211 -2.101065064264
   212 -2.099842223963
   213 -2.098879944479
   214 -2.098124486196
   215 -2.097536703428
   216 -2.097080488745
   217 -2.096729540756
   218 -2.096459294808
   219 -2.096251246877
   220 -2.096093038194
   221 -2.095972244600
   222 -2.095876403890
   223 -2.095805548557
   224 -2.095751353309
   225 -2.095709657404
   226 -2.095676295474
   227 -2.095651271713
   228 -2.095634588655
   229 -2.095617903188
   230 -2.095607474734
   231 -2.095599131538
   232 -2.095590787787
   233 -2.095586616018
   234 -2.095582444038
   235 -2.095582444252
   236 -2.095578272060
   237 -2.095578272143
   238 -2.095574099870
   239 -2.095574099903
   240 -2.095574099923
   241 -2.095574099936
   242 -2.095574099944
   243 -2.095569927623
   244 -2.095569927627
   245 -2.095569927629
   246 -2.095569927630
   247 -2.095569927631
   248 -2.095569927631
   249 -2.095569927631
   250 -2.095569927632
   251 -2.189994032770
   252 -2.099735961968
   253 -2.148231396938
   254 -2.161012119121
   255 -2.158092792165
   256 -2.149674499482
   257 -2.141167051208
   258 -2.133465118926
   259 -2.126791767300
   260 -2.121113337824
   261 -2.116350538390
   262 -2.112397920938
   263 -2.109147918992
   264 -2.106493527312
   265 -2.104342278499
   266 -2.102600391473
   267 -2.101200391931
   268 -2.100076383450
   269 -2.099172581645
   270 -2.098451777213
   271 -2.097872462257
   272 -2.097409738743
   273 -2.097038658513
   274 -2.096746758814
   275 -2.096509039950
   276 -2.096321351305
   277 -2.096171189640
   278 -2.096050219023
   279 -2.095954272661
   280 -2.095879181747
   281 -2.095816603864
   282 -2.095766540440
   283 -2.095728992383
   284 -2.095695615621
   285 -2.095670582851
   286 -2.095649721983
   287 -2.095637205495
   288 -2.095622602670
   289 -2.095614258222
   290 -2.095605913701
   291 -2.095597569134
   292 -2.095593396863
   293 -2.095589224573
   294 -2.095585052270
   295 -2.095580879959
   296 -2.095580879969
   297 -2.095576707649
   298 -2.095576707653
   299 -2.095576707656
   300 -2.095572535332
   301 -2.181122388219
   302 -2.099610706206
   303 -2.140141358450
   304 -2.136739484701
   305 -2.130580100213
   306 -2.123862920276
   307 -2.118447735640
   308 -2.113958751169
   309 -2.110272375781
   310 -2.107271680761
   311 -2.104849141459
   312 -2.102908080237
   313 -2.101364795000
   314 -2.100143148452
   315 -2.099173890480
   316 -2.098412044066
   317 -2.097808052942
   318 -2.097337172798
   319 -2.096962018834
   320 -2.096670170574
   321 -2.096436650640
   322 -2.096257320218
   323 -2.096111337652
   324 -2.095998714958
   325 -2.095911114745
   326 -2.095840196774
   327 -2.095781791418
   328 -2.095740072664
   329 -2.095706696878
   330 -2.095677492370
   331 -2.095656631856
   332 -2.095637857093
   333 -2.095625340560
   334 -2.095612823864
   335 -2.095604479391
   336 -2.095596134853
   337 -2.095591962599
   338 -2.095587790319
   339 -2.095583618023
   340 -2.095579445716
   341 -2.095579445728
   342 -2.095577359573
   343 -2.095577359578
   344 -2.095573187256
   345 -2.095573187258
   346 -2.095573187259
   347 -2.095573187260
   348 -2.095573187260
   349 -2.095573187260
   350 -2.095573187261
   351 -2.095573187261
   352 -2.095571101098
   353 -2.095571101098
   354 -2.095571101098
   355 -2.095571101098
   356 -2.095571101098
   357 -2.095571101098
   358 -2.095571101098
   359 -2.095571101098
   360 -2.095571101098
   361 -2.095571101098
   362 -2.095571101098
   363 -2.095571101098
   364 -2.095571101098
   365 -2.095571101098
   366 -2.095571101098
   367 -2.095571101098
   368 -2.095571101098
   369 -2.095571101098
   370 -2.095571101098
   371 -2.095571101098
   372 -2.095571101098
   373 -2.095571101098
   374 -2.095571101098
   375 -2.095571101098
   376 -2.095571101098
   377 -2.095571101098
   378 -2.095571101098
   379 -2.095571101098
   380 -2.095571101098
   381 -2.095571101098
   382 -2.095571101098
   383 -2.095571101098
   384 -2.095571101098
   385 -2.095571101098
   386 -2.095571101098
   387 -2.095571101098
   388 -2.095571101098
   389 -2.095571101098
   390 -2.095571101098
   391 -2.095571101098
   392 -2.095571101098
   393 -2.095571101098
   394 -2.095571101098
   395 -2.095571101098
   396 -2.095571101098
   397 -2.095571101098
   398 -2.095571101098
   399 -2.095571101098
   400 -2.095571101098
   401 -2.095571101098
   402 -2.095571101098
   403 -2.095571101098
   404 -2.095571101098
   405 -2.095571101098
   406 -2.095571101098
   407 -2.095571101098
   408 -2.095571101098
   409 -2.095571101098
   410 -2.095571101098
   411 -2.095571101098
   412 -2.095571101098
   413 -2.095571101098
   414 -2.095571101098
   415 -2.095571101098
   416 -2.095571101098
   417 -2.095571101098
   418 -2.095571101098
   419 -2.095571101098
   420 -2.095571101098
   421 -2.095571101098
   422 -2.095571101098
   423 -2.095571101098
   424 -2.095571101098
   425 -2.095571101098
   426 -2.095571101098
   427 -2.095571101098
   428 -2.095571101098
   429 -2.095571101098
   430 -2.095571101098
   431 -2.095571101098
   432 -2.095571101098
   433 -2.095571101098
   434 -2.095571101098
   435 -2.095571101098
   436 -2.095571101098
   437 -2.095571101098
   438 -2.095571101098
   439 -2.095571101098
   440 -2.095571101098
   441 -2.095571101098
   442 -2.095571101098
   443 -2.095571101098
   444 -2.095571101098
   445 -2.095571101098
   446 -2.095571101098
   447 -2.095571101098
   448 -2.095571101098
   449 -2.095571101098
   450 -2.095571101098
   451 -2.095571101098
   452 -2.095571101098
   453 -2.095571101098
   454 -2.095571101098
   455 -2.095571101098
   456 -2.095571101098
   457 -2.095571101098
   458 -2.095571101098
   459 -2.095571101098
   460 -2.095571101098
   461 -2.095571101098
   462 -2.095571101098
   463 -2.095571101098
   464 -2.095571101098
   465 -2.095571101098
   466 -2.095571101098
   467 -2.095571101098
   468 -2.095571101098
   469 -2.095571101098
   470 -2.095571101098
   471 -2.095571101098
   472 -2.095571101098
   473 -2.095571101098
   474 -2.095571101098
   475 -2.095571101098
   476 -2.095571101098
   477 -2.095571101098
   478 -2.095571101098
   479 -2.095571101098
   480 -2.095571101098
   481 -2.095571101098
   482 -2.095571101098
   483 -2.095571101098
   484 -2.095571101098
   485 -2.095571101098
   486 -2.095571101098
   487 -2.095571101098
   488 -2.095571101098
   489 -2.095571101098
   490 -2.095571101098
   491 -2.095571101098
   492 -2.095571101098
   493 -2.095571101098
   494 -2.095571101098
   495 -2.095571101098
   496 -2.095571101098
   497 -2.095571101098
   498 -2.095571101098
   499 -2.095571101098
   500 -2.095571101098
   501 -2.095571101098
   502 -2.095571101098
   503 -2.095571101098
   504 -2.095571101098
   505 -2.095571101098
   506 -2.095571101098
   507 -2.095571101098
   508 -2.095571101098
   509 -2.095571101098
   510 -2.095571101098
   511 -2.095571101098
   512 -2.095571101098
   513 -2.095571101098
   514 -2.095571101098
   515 -2.095571101098
   516 -2.095571101098
   517 -2.095571101098
   518 -2.095571101098
   519 -2.095571101098
   520 -2.095571101098
   521 -2.095571101098
   522 -2.095571101098
   523 -2.095571101098
   524 -2.095571101098
   525 -2.095571101098
   526 -2.095571101098
   527 -2.095571101098
   528 -2.095571101098
   529 -2.095571101098
   530 -2.095571101098
   531 -2.095571101098
   532 -2.095571101098
   533 -2.095571101098
   534 -2.095571101098
   535 -2.095571101098
   536 -2.095571101098
   537 -2.095571101098
   538 -2.095571101098
   539 -2.095571101098
   540 -2.095571101098
   541 -2.095571101098
   542 -2.095571101098
   543 -2.095571101098
   544 -2.095571101098
   545 -2.095571101098
   546 -2.095571101098
   547 -2.095571101098
   548 -2.095571101098
   549 -2.095571101098
   550 -2.095571101098
   551 -2.095571101098
   552 -2.095571101098
   553 -2.095571101098
   554 -2.095571101098
   555 -2.095571101098
   556 -2.095571101098
   557 -2.095571101098
   558 -2.095571101098
   559 -2.095571101098
   560 -2.095571101098
   561 -2.095571101098
   562 -2.095571101098
   563 -2.095571101098
   564 -2.095571101098
   565 -2.095571101098
   566 -2.095571101098
   567 -2.095571101098
   568 -2.095571101098
   569 -2.095571101098
   570 -2.095571101098
   571 -2.095571101098
   572 -2.095571101098
   573 -2.095571101098
   574 -2.095571101098
   575 -2.095571101098
   576 -2.095571101098
   577 -2.095571101098
   578 -2.095571101098
   579 -2.095571101098
   580 -2.095571101098
   581 -2.095571101098
   582 -2.095571101098
   583 -2.095571101098
   584 -2.095571101098
   585 -2.095571101098
   586 -2.095571101098
   587 -2.095571101098
   588 -2.095571101098
   589 -2.095571101098
   590 -2.095571101098
   591 -2.095571101098
   592 -2.095571101098
   593 -2.095571101098
   594 -2.095571101098
   595 -2.095571101098
   596 -2.095571101098
   597 -2.095571101098
   598 -2.095571101098
   599 -2.095571101098
   600 -2.095571101098
   601 -2.095571101098
   602 -2.095571101098
   603 -2.095571101098
   604 -2.095571101098
   605 -2.095571101098
   606 -2.095571101098
   607 -2.095571101098
   608 -2.095571101098
   609 -2.095571101098
   610 -2.095571101098
   611 -2.095571101098
   612 -2.095571101098
   613 -2.095571101098
   614 -2.095571101098
   615 -2.095571101098
   616 -2.095571101098
   617 -2.095571101098
   618 -2.095571101098
   619 -2.095571101098
   620 -2.095571101098
   621 -2.095571101098
   622 -2.095571101098
   623 -2.095571101098
   624 -2.095571101098
   625 -2.095571101098
   626 -2.095571101098
   627 -2.095571101098
   628 -2.095571101098
   629 -2.095571101098
   630 -2.095571101098
   631 -2.095571101098
   632 -2.095571101098
   633 -2.095571101098
   634 -2.095571101098
   635 -2.095571101098
   636 -2.095571101098
   637 -2.095571101098
   638 -2.095571101098
   639 -2.095571101098
   640 -2.095571101098
   641 -2.095571101098
   642 -2.095571101098
   643 -2.095571101098
   644 -2.095571101098
   645 -2.095571101098
   646 -2.095571101098
   647 -2.095571101098
   648 -2.095571101098
   649 -2.095571101098
   650 -2.095571101098
   651 -2.095571101098
   652 -2.095571101098
   653 -2.095571101098
   654 -2.095571101098
   655 -2.095571101098
   656 -2.095571101098
   657 -2.095571101098
   658 -2.095571101098
   659 -2.095571101098
   660 -2.095571101098
   661 -2.095571101098
   662 -2.095571101098
   663 -2.095571101098
   664 -2.095571101098
   665 -2.095571101098
   666 -2.095571101098
   667 -2.095571101098
   668 -2.095571101098
   669 -2.095571101098
   670 -2.095571101098
   671 -2.095571101098
   672 -2.095571101098
   673 -2.095571101098
   674 -2.095571101098
   675 -2.095571101098
   676 -2.095571101098
   677 -2.095571101098
   678 -2.095571101098
   679 -2.095571101098
   680 -2.095571101098
   681 -2.095571101098
   682 -2.095571101098
   683 -2.095571101098
   684 -2.095571101098
   685 -2.095571101098
   686 -2.095571101098
   687 -2.095571101098
   688 -2.095571101098
   689 -2.095571101098
   690 -2.095571101098
   691 -2.095571101098
   692 -2.095571101098
   693 -2.095571101098
   694 -2.095571101098
   695 -2.095571101098
   696 -2.095571101098
   697 -2.095571101098
   698 -2.095571101098
   699 -2.095571101098
   700 -2.095571101098
   701 -2.095571101098
   702 -2.095571101098
   703 -2.095571101098
   704 -2.095571101098
   705 -2.095571101098
   706 -2.095571101098
   707 -2.095571101098
   708 -2.095571101098
   709 -2.095571101098
   710 -2.095571101098
   711 -2.095571101098
   712 -2.095571101098
   713 -2.095571101098
   714 -2.095571101098
   715 -2.095571101098
   716 -2.095571101098
   717 -2.095571101098
   718 -2.095571101098
   719 -2.095571101098
   720 -2.095571101098
   721 -2.095571101098
   722 -2.095571101098
   723 -2.095571101098
   724 -2.095571101098
   725 -2.095571101098
   726 -2.095571101098
   727 -2.095571101098
   728 -2.095571101098
   729 -2.095571101098
   730 -2.095571101098
   731 -2.095571101098
   732 -2.095571101098
   733 -2.095571101098
   734 -2.095571101098
   735 -2.095571101098
   736 -2.095571101098
   737 -2.095571101098
   738 -2.095571101098
   739 -2.095571101098
   740 -2.095571101098
   741 -2.095571101098
   742 -2.095571101098
   743 -2.095571101098
   744 -2.095571101098
   745 -2.095571101098
   746 -2.095571101098
   747 -2.095571101098
   748 -2.095571101098
   749 -2.095571101098
   750 -2.095571101098
   751 -2.095571101098
   752 -2.095571101098
   753 -2.095571101098
   754 -2.095571101098
   755 -2.095571101098
   756 -2.095571101098
   757 -2.095571101098
   758 -2.095571101098
   759 -2.095571101098
   760 -2.095571101098
   761 -2.095571101098
   762 -2.095571101098
   763 -2.095571101098
   764 -2.095571101098
   765 -2.095571101098
   766 -2.095571101098
   767 -2.095571101098
   768 -2.095571101098
   769 -2.095571101098
   770 -2.095571101098
   771 -2.095571101098
   772 -2.095571101098
   773 -2.095571101098
   774 -2.095571101098
   775 -2.095571101098
   776 -2.095571101098
   777 -2.095571101098
   778 -2.095571101098
   779 -2.095571101098
   780 -2.095571101098
   781 -2.095571101098
   782 -2.095571101098
   783 -2.095571101098
   784 -2.095571101098
   785 -2.095571101098
   786 -2.095571101098
   787 -2.095571101098
   788 -2.095571101098
   789 -2.095571101098
   790 -2.095571101098
   791 -2.095571101098
   792 -2.095571101098
   793 -2.095571101098
   794 -2.095571101098
   795 -2.095571101098
   796 -2.095571101098
   797 -2.095571101098
   798 -2.095571101098
   799 -2.095571101098
   800 -2.095571101098
   801 -2.095571101098
   802 -2.095571101098
   803 -2.095571101098
   804 -2.095571101098
   805 -2.095571101098
   806 -2.095571101098
   807 -2.095571101098
   808 -2.095571101098
   809 -2.095571101098
   810 -2.095571101098
   811 -2.095571101098
   812 -2.095571101098
   813 -2.095571101098
   814 -2.095571101098
   815 -2.095571101098
   816 -2.095571101098
   817 -2.095571101098
   818 -2.095571101098
   819 -2.095571101098
   820 -2.095571101098
   821 -2.095571101098
   822 -2.095571101098
   823 -2.095571101098
   824 -2.095571101098
   825 -2.095571101098
   826 -2.095571101098
   827 -2.095571101098
   828 -2.095571101098
   829 -2.095571101098
   830 -2.095571101098
   831 -2.095571101098
   832 -2.095571101098
   833 -2.095571101098
   834 -2.095571101098
   835 -2.095571101098
   836 -2.095571101098
   837 -2.095571101098
   838 -2.095571101098
   839 -2.095571101098
   840 -2.095571101098
   841 -2.095571101098
   842 -2.095571101098
   843 -2.095571101098
   844 -2.095571101098
   845 -2.095571101098
   846 -2.095571101098
   847 -2.095571101098
   848 -2.095571101098
   849 -2.095571101098
   850 -2.095571101098
   851 -2.095571101098
   852 -2.095571101098
   853 -2.095571101098
   854 -2.095571101098
   855 -2.095571101098
   856 -2.095571101098
   857 -2.095571101098
   858 -2.095571101098
   859 -2.095571101098
   860 -2.095571101098
   861 -2.095571101098
   862 -2.095571101098
   863 -2.095571101098
   864 -2.095571101098
   865 -2.095571101098
   866 -2.095571101098
   867 -2.095571101098
   868 -2.095571101098
   869 -2.095571101098
   870 -2.095571101098
   871 -2.095571101098
   872 -2.095571101098
   873 -2.095571101098
   874 -2.095571101098
   875 -2.095571101098
   876 -2.095571101098
   877 -2.095571101098
   878 -2.095571101098
   879 -2.095571101098
   880 -2.095571101098
   881 -2.095571101098
   882 -2.095571101098
   883 -2.095571101098
   884 -2.095571101098
   885 -2.095571101098
   886 -2.095571101098
   887 -2.095571101098
   888 -2.095571101098
   889 -2.095571101098
   890 -2.095571101098
   891 -2.095571101098
   892 -2.095571101098
   893 -2.095571101098
   894 -2.095571101098
   895 -2.095571101098
   896 -2.095571101098
   897 -2.095571101098
   898 -2.095571101098
   899 -2.095571101098
   900 -2.095571101098
   901 -2.095571101098
   902 -2.095571101098
   903 -2.095571101098
   904 -2.095571101098
   905 -2.095571101098
   906 -2.095571101098
   907 -2.095571101098
   908 -2.095571101098
   909 -2.095571101098
   910 -2.095571101098
   911 -2.095571101098
   912 -2.095571101098
   913 -2.095571101098
   914 -2.095571101098
   915 -2.095571101098
   916 -2.095571101098
   917 -2.095571101098
   918 -2.095571101098
   919 -2.095571101098
   920 -2.095571101098
   921 -2.095571101098
   922 -2.095571101098
   923 -2.095571101098
   924 -2.095571101098
   925 -2.095571101098
   926 -2.095571101098
   927 -2.095571101098
   928 -2.095571101098
   929 -2.095571101098
   930 -2.095571101098
   931 -2.095571101098
   932 -2.095571101098
   933 -2.095571101098
   934 -2.095571101098
   935 -2.095571101098
   936 -2.095571101098
   937 -2.095571101098
   938 -2.095571101098
   939 -2.095571101098
   940 -2.095571101098
   941 -2.095571101098
   942 -2.095571101098
   943 -2.095571101098
   944 -2.095571101098
   945 -2.095571101098
   946 -2.095571101098
   947 -2.095571101098
   948 -2.095571101098
   949 -2.095571101098
   950 -2.095571101098
   951 -2.095571101098
   952 -2.095571101098
   953 -2.095571101098
   954 -2.095571101098
   955 -2.095571101098
   956 -2.095571101098
   957 -2.095571101098
   958 -2.095571101098
   959 -2.095571101098
   960 -2.095571101098
   961 -2.095571101098
   962 -2.095571101098
   963 -2.095571101098
   964 -2.095571101098
   965 -2.095571101098
   966 -2.095571101098
   967 -2.095571101098
   968 -2.095571101098
   969 -2.095571101098
   970 -2.095571101098
   971 -2.095571101098
   972 -2.095571101098
   973 -2.095571101098
   974 -2.095571101098
   975 -2.095571101098
   976 -2.095571101098
   977 -2.095571101098
   978 -2.095571101098
   979 -2.095571101098
   980 -2.095571101098
   981 -2.095571101098
   982 -2.095571101098
   983 -2.095571101098
   984 -2.095571101098
   985 -2.095571101098
   986 -2.095571101098
   987 -2.095571101098
   988 -2.095571101098
   989 -2.095571101098
   990 -2.095571101098
   991 -2.095571101098
   992 -2.095571101098
   993 -2.095571101098
   994 -2.095571101098
   995 -2.095571101098
   996 -2.095571101098
   997 -2.095571101098
   998 -2.095571101098
   999 -2.095571101098
  1000 -2.095571101098
  1001 -2.095571101098
  1002 -2.095571101098
  1003 -2.095571101098
  1004 -2.095571101098
  1005 -2.095571101098
  1006 -2.095571101098
  1007 -2.095571101098
  1008 -2.095571101098
  1009 -2.095571101098
  1010 -2.095571101098
  1011 -2.095571101098
  1012 -2.095571101098
  1013 -2.095571101098
  1014 -2.095571101098
  1015 -2.095571101098
  1016 -2.095571101098
  1017 -2.095571101098
  1018 -2.095571101098
  1019 -2.095571101098
  1020 -2.095571101098
  1021 -2.095571101098
  1022 -2.095571101098
  1023 -2.095571101098
  1024 -2.095571101098
  1025 -2.095571101098
  1026 -2.095571101098
  1027 -2.095571101098
  1028 -2.095571101098
  1029 -2.095571101098
  1030 -2.095571101098
  1031 -2.095571101098
  1032 -2.095571101098
  1033 -2.095571101098
  1034 -2.095571101098
  1035 -2.095571101098
  1036 -2.095571101098
  1037 -2.095571101098
  1038 -2.095571101098
  1039 -2.095571101098
  1040 -2.095571101098
  1041 -2.095571101098
  1042 -2.095571101098
  1043 -2.095571101098
  1044 -2.095571101098
  1045 -2.095571101098
  1046 -2.095571101098
  1047 -2.095571101098
  1048 -2.095571101098
  1049 -2.095571101098
  1050 -2.095571101098
  1051 -2.095571101098
  1052 -2.095571101098
  1053 -2.095571101098
  1054 -2.095571101098
  1055 -2.095571101098
  1056 -2.095571101098
  1057 -2.095571101098
  1058 -2.095571101098
  1059 -2.095571101098
  1060 -2.095571101098
  1061 -2.095571101098
  1062 -2.095571101098
  1063 -2.095571101098
  1064 -2.095571101098
  1065 -2.095571101098
  1066 -2.095571101098
  1067 -2.095571101098
  1068 -2.095571101098
  1069 -2.095571101098
  1070 -2.095571101098
  1071 -2.095571101098
  1072 -2.095571101098
  1073 -2.095571101098
  1074 -2.095571101098
  1075 -2.095571101098
  1076 -2.095571101098
  1077 -2.095571101098
  1078 -2.095571101098
  1079 -2.095571101098
  1080 -2.095571101098
  1081 -2.095571101098
  1082 -2.095571101098
  1083 -2.095571101098
  1084 -2.095571101098
  1085 -2.095571101098
  1086 -2.095571101098
  1087 -2.095571101098
  1088 -2.095571101098
  1089 -2.095571101098
  1090 -2.095571101098
  1091 -2.095571101098
  1092 -2.095571101098
  1093 -2.095571101098
  1094 -2.095571101098
  1095 -2.095571101098
  1096 -2.095571101098
  1097 -2.095571101098
  1098 -2.095571101098
  1099 -2.095571101098
  1100 -2.095571101098
  1101 -2.095571101098
  1102 -2.095571101098
  1103 -2.095571101098
  1104 -2.095571101098
  1105 -2.095571101098
  1106 -2.095571101098
  1107 -2.095571101098
  1108 -2.095571101098
  1109 -2.095571101098
  1110 -2.095571101098
  1111 -2.095571101098
  1112 -2.095571101098
  1113 -2.095571101098
  1114 -2.095571101098
  1115 -2.095571101098
  1116 -2.095571101098
  1117 -2.095571101098
  1118 -2.095571101098
  1119 -2.095571101098
  1120 -2.095571101098
  1121 -2.095571101098
  1122 -2.095571101098
  1123 -2.095571101098
  1124 -2.095571101098
  1125 -2.095571101098
  1126 -2.095571101098
  1127 -2.095571101098
  1128 -2.095571101098
  1129 -2.095571101098
  1130 -2.095571101098
  1131 -2.095571101098
  1132 -2.095571101098
  1133 -2.095571101098
  1134 -2.095571101098
  1135 -2.095571101098
  1136 -2.095571101098
  1137 -2.095571101098
  1138 -2.095571101098
  1139 -2.095571101098
  1140 -2.095571101098
  1141 -2.095571101098
  1142 -2.095571101098
  1143 -2.095571101098
  1144 -2.095571101098
  1145 -2.095571101098
  1146 -2.095571101098
  1147 -2.095571101098
  1148 -2.095571101098
  1149 -2.095571101098
  1150 -2.095571101098
  1151 -2.095571101098
  1152 -2.095571101098
  1153 -2.095571101098
  1154 -2.095571101098
  1155 -2.095571101098
  1156 -2.095571101098
  1157 -2.095571101098
  1158 -2.095571101098
  1159 -2.095571101098
  1160 -2.095571101098
  1161 -2.095571101098
  1162 -2.095571101098
  1163 -2.095571101098
  1164 -2.095571101098
  1165 -2.095571101098
  1166 -2.095571101098
  1167 -2.095571101098
  1168 -2.095571101098
  1169 -2.095571101098
  1170 -2.095571101098
  1171 -2.095571101098
  1172 -2.095571101098
  1173 -2.095571101098
  1174 -2.095571101098
  1175 -2.095571101098
  1176 -2.095571101098
  1177 -2.095571101098
  1178 -2.095571101098
  1179 -2.095571101098
  1180 -2.095571101098
  1181 -2.095571101098
  1182 -2.095571101098
  1183 -2.095571101098
  1184 -2.095571101098
  1185 -2.095571101098
  1186 -2.095571101098
  1187 -2.095571101098
  1188 -2.095571101098
  1189 -2.095571101098
  1190 -2.095571101098
  1191 -2.095571101098
  1192 -2.095571101098
  1193 -2.095571101098
  1194 -2.095571101098
  1195 -2.095571101098
  1196 -2.095571101098
  1197 -2.095571101098
  1198 -2.095571101098
  1199 -2.095571101098
  1200 -2.095571101098
  1201 -2.095571101098
  1202 -2.095571101098
  1203 -2.095571101098
  1204 -2.095571101098
  1205 -2.095571101098
  1206 -2.095571101098
  1207 -2.095571101098
  1208 -2.095571101098
  1209 -2.095571101098
  1210 -2.095571101098
  1211 -2.095571101098
  1212 -2.095571101098
  1213 -2.095571101098
  1214 -2.095571101098
  1215 -2.095571101098
  1216 -2.095571101098
  1217 -2.095571101098
  1218 -2.095571101098
  1219 -2.095571101098
  1220 -2.095571101098
  1221 -2.095571101098
  1222 -2.095571101098
  1223 -2.095571101098
  1224 -2.095571101098
  1225 -2.095571101098
  1226 -2.095571101098
  1227 -2.095571101098
  1228 -2.095571101098
  1229 -2.095571101098
  1230 -2.095571101098
  1231 -2.095571101098
  1232 -2.095571101098
  1233 -2.095571101098
  1234 -2.095571101098
  1235 -2.095571101098
  1236 -2.095571101098
  1237 -2.095571101098
  1238 -2.095571101098
  1239 -2.095571101098
  1240 -2.095571101098
  1241 -2.095571101098
  1242 -2.095571101098
  1243 -2.095571101098
  1244 -2.095571101098
  1245 -2.095571101098
  1246 -2.095571101098
  1247 -2.095571101098
  1248 -2.095571101098
  1249 -2.095571101098
  1250 -2.095571101098
  1251 -2.095571101098
  1252 -2.095571101098
  1253 -2.095571101098
  1254 -2.095571101098
  1255 -2.095571101098
  1256 -2.095571101098
  1257 -2.095571101098
  1258 -2.095571101098
  1259 -2.095571101098
  1260 -2.095571101098
  1261 -2.095571101098
  1262 -2.095571101098
  1263 -2.095571101098
  1264 -2.095571101098
  1265 -2.095571101098
  1266 -2.095571101098
  1267 -2.095571101098
  1268 -2.095571101098
  1269 -2.095571101098
  1270 -2.095571101098
  1271 -2.095571101098
  1272 -2.095571101098
  1273 -2.095571101098
  1274 -2.095571101098
  1275 -2.095571101098
  1276 -2.095571101098
  1277 -2.095571101098
  1278 -2.095571101098
  1279 -2.095571101098
  1280 -2.095571101098
  1281 -2.095571101098
  1282 -2.095571101098
  1283 -2.095571101098
  1284 -2.095571101098
  1285 -2.095571101098
  1286 -2.095571101098
  1287 -2.095571101098
  1288 -2.095571101098
  1289 -2.095571101098
  1290 -2.095571101098
  1291 -2.095571101098
  1292 -2.095571101098
  1293 -2.095571101098
  1294 -2.095571101098
  1295 -2.095571101098
  1296 -2.095571101098
  1297 -2.095571101098
  1298 -2.095571101098
  1299 -2.095571101098
  1300 -2.095571101098
  1301 -2.095571101098
  1302 -2.095571101098
  1303 -2.095571101098
  1304 -2.095571101098
  1305 -2.095571101098
  1306 -2.095571101098
  1307 -2.095571101098
  1308 -2.095571101098
  1309 -2.095571101098
  1310 -2.095571101098
  1311 -2.095571101098
  1312 -2.095571101098
  1313 -2.095571101098
  1314 -2.095571101098
  1315 -2.095571101098
  1316 -2.095571101098
  1317 -2.095571101098
  1318 -2.095571101098
  1319 -2.095571101098
  1320 -2.095571101098
  1321 -2.095571101098
  1322 -2.095571101098
  1323 -2.095571101098
  1324 -2.095571101098
  1325 -2.095571101098
  1326 -2.095571101098
  1327 -2.095571101098
  1328 -2.095571101098
  1329 -2.095571101098
  1330 -2.095571101098
  1331 -2.095571101098
  1332 -2.095571101098
  1333 -2.095571101098
  1334 -2.095571101098
  1335 -2.095571101098
  1336 -2.095571101098
  1337 -2.095571101098
  1338 -2.095571101098
  1339 -2.095571101098
  1340 -2.095571101098
  1341 -2.095571101098
  1342 -2.095571101098
  1343 -2.095571101098
  1344 -2.095571101098
  1345 -2.095571101098
  1346 -2.095571101098
  1347 -2.095571101098
  1348 -2.095571101098
  1349 -2.095571101098
  1350 -2.095571101098
  1351 -2.095571101098
  1352 -2.095571101098
  1353 -2.095571101098
  1354 -2.095571101098
  1355 -2.095571101098
  1356 -2.095571101098
  1357 -2.095571101098
  1358 -2.095571101098
  1359 -2.095571101098
  1360 -2.095571101098
  1361 -2.095571101098
  1362 -2.095571101098
  1363 -2.095571101098
  1364 -2.095571101098
  1365 -2.095571101098
  1366 -2.095571101098
  1367 -2.095571101098
  1368 -2.095571101098
  1369 -2.095571101098
  1370 -2.095571101098
  1371 -2.095571101098
  1372 -2.095571101098
  1373 -2.095571101098
  1374 -2.095571101098
  1375 -2.095571101098
  1376 -2.095571101098
  1377 -2.095571101098
  1378 -2.095571101098
  1379 -2.095571101098
  1380 -2.095571101098
  1381 -2.095571101098
  1382 -2.095571101098
  1383 -2.095571101098
  1384 -2.095571101098
  1385 -2.095571101098
  1386 -2.095571101098
  1387 -2.095571101098
  1388 -2.095571101098
  1389 -2.095571101098
  1390 -2.095571101098
  1391 -2.095571101098
  1392 -2.095571101098
  1393 -2.095571101098
  1394 -2.095571101098
  1395 -2.095571101098
  1396 -2.095571101098
  1397 -2.095571101098
  1398 -2.095571101098
  1399 -2.095571101098
  1400 -2.095571101098
  1401 -2.095571101098
  1402 -2.095571101098
  1403 -2.095571101098
  1404 -2.095571101098
  1405 -2.095571101098
  1406 -2.095571101098
  1407 -2.095571101098
  1408 -2.095571101098
  1409 -2.095571101098
  1410 -2.095571101098
  1411 -2.095571101098
  1412 -2.095571101098
  1413 -2.095571101098
  1414 -2.095571101098
  1415 -2.095571101098
  1416 -2.095571101098
  1417 -2.095571101098
  1418 -2.095571101098
  1419 -2.095571101098
  1420 -2.095571101098
  1421 -2.095571101098
  1422 -2.095571101098
  1423 -2.095571101098
  1424 -2.095571101098
  1425 -2.095571101098
  1426 -2.095571101098
  1427 -2.095571101098
  1428 -2.095571101098
  1429 -2.095571101098
  1430 -2.095571101098
  1431 -2.095571101098
  1432 -2.095571101098
  1433 -2.095571101098
  1434 -2.095571101098
  1435 -2.095571101098
  1436 -2.095571101098
  1437 -2.095571101098
  1438 -2.095571101098
  1439 -2.095571101098
  1440 -2.095571101098
  1441 -2.095571101098
  1442 -2.095571101098
  1443 -2.095571101098
  1444 -2.095571101098
  1445 -2.095571101098
  1446 -2.095571101098
  1447 -2.095571101098
  1448 -2.095571101098
  1449 -2.095571101098
  1450 -2.095571101098
  1451 -2.095571101098
  1452 -2.095571101098
  1453 -2.095571101098
  1454 -2.095571101098
  1455 -2.095571101098
  1456 -2.095571101098
  1457 -2.095571101098
  1458 -2.095571101098
  1459 -2.095571101098
  1460 -2.095571101098
  1461 -2.095571101098
  1462 -2.095571101098
  1463 -2.095571101098
  1464 -2.095571101098
  1465 -2.095571101098
  1466 -2.095571101098
  1467 -2.095571101098
  1468 -2.095571101098
  1469 -2.095571101098
  1470 -2.095571101098
  1471 -2.095571101098
  1472 -2.095571101098
  1473 -2.095571101098
  1474 -2.095571101098
  1475 -2.095571101098
  1476 -2.095571101098
  1477 -2.095571101098
  1478 -2.095571101098
  1479 -2.095571101098
  1480 -2.095571101098
  1481 -2.095571101098
  1482 -2.095571101098
  1483 -2.095571101098
  1484 -2.095571101098
  1485 -2.095571101098
  1486 -2.095571101098
  1487 -2.095571101098
  1488 -2.095571101098
  1489 -2.095571101098
  1490 -2.095571101098
  1491 -2.095571101098
  1492 -2.095571101098
  1493 -2.095571101098
  1494 -2.095571101098
  1495 -2.095571101098
  1496 -2.095571101098
  1497 -2.095571101098
  1498 -2.095571101098
  1499 -2.095571101098
  1500 -2.095571101098
  1501 -2.095571101098
  1502 -2.095571101098
  1503 -2.095571101098
  1504 -2.095571101098
  1505 -2.095571101098
  1506 -2.095571101098
  1507 -2.095571101098
  1508 -2.095571101098
  1509 -2.095571101098
  1510 -2.095571101098
  1511 -2.095571101098
  1512 -2.095571101098
  1513 -2.095571101098
  1514 -2.095571101098
  1515 -2.095571101098
  1516 -2.095571101098
  1517 -2.095571101098
  1518 -2.095571101098
  1519 -2.095571101098
  1520 -2.095571101098
  1521 -2.095571101098
  1522 -2.095571101098
  1523 -2.095571101098
  1524 -2.095571101098
  1525 -2.095571101098
  1526 -2.095571101098
  1527 -2.095571101098
  1528 -2.095571101098
  1529 -2.095571101098
  1530 -2.095571101098
  1531 -2.095571101098
  1532 -2.095571101098
  1533 -2.095571101098
  1534 -2.095571101098
  1535 -2.095571101098
  1536 -2.095571101098
  1537 -2.095571101098
  1538 -2.095571101098
  1539 -2.095571101098
  1540 -2.095571101098
  1541 -2.095571101098
  1542 -2.095571101098
  1543 -2.095571101098
  1544 -2.095571101098
  1545 -2.095571101098
  1546 -2.095571101098
  1547 -2.095571101098
  1548 -2.095571101098
  1549 -2.095571101098
  1550 -2.095571101098
  1551 -2.095571101098
  1552 -2.095571101098
  1553 -2.095571101098
  1554 -2.095571101098
  1555 -2.095571101098
  1556 -2.095571101098
  1557 -2.095571101098
  1558 -2.095571101098
  1559 -2.095571101098
  1560 -2.095571101098
  1561 -2.095571101098
  1562 -2.095571101098
  1563 -2.095571101098
  1564 -2.095571101098
  1565 -2.095571101098
  1566 -2.095571101098
  1567 -2.095571101098
  1568 -2.095571101098
  1569 -2.095571101098
  1570 -2.095571101098
  1571 -2.095571101098
  1572 -2.095571101098
  1573 -2.095571101098
  1574 -2.095571101098
  1575 -2.095571101098
  1576 -2.095571101098
  1577 -2.095571101098
  1578 -2.095571101098
  1579 -2.095571101098
  1580 -2.095571101098
  1581 -2.095571101098
  1582 -2.095571101098
  1583 -2.095571101098
  1584 -2.095571101098
  1585 -2.095571101098
  1586 -2.095571101098
  1587 -2.095571101098
  1588 -2.095571101098
  1589 -2.095571101098
  1590 -2.095571101098
  1591 -2.095571101098
  1592 -2.095571101098
  1593 -2.095571101098
  1594 -2.095571101098
  1595 -2.095571101098
  1596 -2.095571101098
  1597 -2.095571101098
  1598 -2.095571101098
  1599 -2.095571101098
  1600 -2.095571101098
  1601 -2.095571101098
  1602 -2.095571101098
  1603 -2.095571101098
  1604 -2.095571101098
  1605 -2.095571101098
  1606 -2.095571101098
  1607 -2.095571101098
  1608 -2.095571101098
  1609 -2.095571101098
  1610 -2.095571101098
  1611 -2.095571101098
  1612 -2.095571101098
  1613 -2.095571101098
  1614 -2.095571101098
  1615 -2.095571101098
  1616 -2.095571101098
  1617 -2.095571101098
  1618 -2.095571101098
  1619 -2.095571101098
  1620 -2.095571101098
  1621 -2.095571101098
  1622 -2.095571101098
  1623 -2.095571101098
  1624 -2.095571101098
  1625 -2.095571101098
  1626 -2.095571101098
  1627 -2.095571101098
  1628 -2.095571101098
  1629 -2.095571101098
  1630 -2.095571101098
  1631 -2.095571101098
  1632 -2.095571101098
  1633 -2.095571101098
  1634 -2.095571101098
  1635 -2.095571101098
  1636 -2.095571101098
  1637 -2.095571101098
  1638 -2.095571101098
  1639 -2.095571101098
  1640 -2.095571101098
  1641 -2.095571101098
  1642 -2.095571101098
  1643 -2.095571101098
  1644 -2.095571101098
  1645 -2.095571101098
  1646 -2.095571101098
  1647 -2.095571101098
  1648 -2.095571101098
  1649 -2.095571101098
  1650 -2.095571101098
  1651 -2.095571101098
  1652 -2.095571101098
  1653 -2.095571101098
  1654 -2.095571101098
  1655 -2.095571101098
  1656 -2.095571101098
  1657 -2.095571101098
  1658 -2.095571101098
  1659 -2.095571101098
  1660 -2.095571101098
  1661 -2.095571101098
  1662 -2.095571101098
  1663 -2.095571101098
  1664 -2.095571101098
  1665 -2.095571101098
  1666 -2.095571101098
  1667 -2.095571101098
  1668 -2.095571101098
  1669 -2.095571101098
  1670 -2.095571101098
  1671 -2.095571101098
  1672 -2.095571101098
  1673 -2.095571101098
  1674 -2.095571101098
  1675 -2.095571101098
  1676 -2.095571101098
  1677 -2.095571101098
  1678 -2.095571101098
  1679 -2.095571101098
  1680 -2.095571101098
  1681 -2.095571101098
  1682 -2.095571101098
  1683 -2.095571101098
  1684 -2.095571101098
  1685 -2.095571101098
  1686 -2.095571101098
  1687 -2.095571101098
  1688 -2.095571101098
  1689 -2.095571101098
  1690 -2.095571101098
  1691 -2.095571101098
  1692 -2.095571101098
  1693 -2.095571101098
  1694 -2.095571101098
  1695 -2.095571101098
  1696 -2.095571101098
  1697 -2.095571101098
  1698 -2.095571101098
  1699 -2.095571101098
  1700 -2.095571101098
  1701 -2.095571101098
  1702 -2.095571101098
  1703 -2.095571101098
  1704 -2.095571101098
  1705 -2.095571101098
  1706 -2.095571101098
  1707 -2.095571101098
  1708 -2.095571101098
  1709 -2.095571101098
  1710 -2.095571101098
  1711 -2.095571101098
  1712 -2.095571101098
  1713 -2.095571101098
  1714 -2.095571101098
  1715 -2.095571101098
  1716 -2.095571101098
  1717 -2.095571101098
  1718 -2.095571101098
  1719 -2.095571101098
  1720 -2.095571101098
  1721 -2.095571101098
  1722 -2.095571101098
  1723 -2.095571101098
  1724 -2.095571101098
  1725 -2.095571101098
  1726 -2.095571101098
  1727 -2.095571101098
  1728 -2.095571101098
  1729 -2.095571101098
  1730 -2.095571101098
  1731 -2.095571101098
  1732 -2.095571101098
  1733 -2.095571101098
  1734 -2.095571101098
  1735 -2.095571101098
  1736 -2.095571101098
  1737 -2.095571101098
  1738 -2.095571101098
  1739 -2.095571101098
  1740 -2.095571101098
  1741 -2.095571101098
  1742 -2.095571101098
  1743 -2.095571101098
  1744 -2.095571101098
  1745 -2.095571101098
  1746 -2.095571101098
  1747 -2.095571101098
  1748 -2.095571101098
  1749 -2.095571101098
  1750 -2.095571101098
  1751 -2.095571101098
  1752 -2.095571101098
  1753 -2.095571101098
  1754 -2.095571101098
  1755 -2.095571101098
  1756 -2.095571101098
  1757 -2.095571101098
  1758 -2.095571101098
  1759 -2.095571101098
  1760 -2.095571101098
  1761 -2.095571101098
  1762 -2.095571101098
  1763 -2.095571101098
  1764 -2.095571101098
  1765 -2.095571101098
  1766 -2.095571101098
  1767 -2.095571101098
  1768 -2.095571101098
  1769 -2.095571101098
  1770 -2.095571101098
  1771 -2.095571101098
  1772 -2.095571101098
  1773 -2.095571101098
  1774 -2.095571101098
  1775 -2.095571101098
  1776 -2.095571101098
  1777 -2.095571101098
  1778 -2.095571101098
  1779 -2.095571101098
  1780 -2.095571101098
  1781 -2.095571101098
  1782 -2.095571101098
  1783 -2.095571101098
  1784 -2.095571101098
  1785 -2.095571101098
  1786 -2.095571101098
  1787 -2.095571101098
  1788 -2.095571101098
  1789 -2.095571101098
  1790 -2.095571101098
  1791 -2.095571101098
  1792 -2.095571101098
  1793 -2.095571101098
  1794 -2.095571101098
  1795 -2.095571101098
  1796 -2.095571101098
  1797 -2.095571101098
  1798 -2.095571101098
  1799 -2.095571101098
  1800 -2.095571101098
  1801 -2.095571101098
  1802 -2.095571101098
  1803 -2.095571101098
  1804 -2.095571101098
  1805 -2.095571101098
  1806 -2.095571101098
  1807 -2.095571101098
  1808 -2.095571101098
  1809 -2.095571101098
  1810 -2.095571101098
  1811 -2.095571101098
  1812 -2.095571101098
  1813 -2.095571101098
  1814 -2.095571101098
  1815 -2.095571101098
  1816 -2.095571101098
  1817 -2.095571101098
  1818 -2.095571101098
  1819 -2.095571101098
  1820 -2.095571101098
  1821 -2.095571101098
  1822 -2.095571101098
  1823 -2.095571101098
  1824 -2.095571101098
  1825 -2.095571101098
  1826 -2.095571101098
  1827 -2.095571101098
  1828 -2.095571101098
  1829 -2.095571101098
  1830 -2.095571101098
  1831 -2.095571101098
  1832 -2.095571101098
  1833 -2.095571101098
  1834 -2.095571101098
  1835 -2.095571101098
  1836 -2.095571101098
  1837 -2.095571101098
  1838 -2.095571101098
  1839 -2.095571101098
  1840 -2.095571101098
  1841 -2.095571101098
  1842 -2.095571101098
  1843 -2.095571101098
  1844 -2.095571101098
  1845 -2.095571101098
  1846 -2.095571101098
  1847 -2.095571101098
  1848 -2.095571101098
  1849 -2.095571101098
  1850 -2.095571101098
  1851 -2.095571101098
  1852 -2.095571101098
  1853 -2.095571101098
  1854 -2.095571101098
  1855 -2.095571101098
  1856 -2.095571101098
  1857 -2.095571101098
  1858 -2.095571101098
  1859 -2.095571101098
  1860 -2.095571101098
  1861 -2.095571101098
  1862 -2.095571101098
  1863 -2.095571101098
  1864 -2.095571101098
  1865 -2.095571101098
  1866 -2.095571101098
  1867 -2.095571101098
  1868 -2.095571101098
  1869 -2.095571101098
  1870 -2.095571101098
  1871 -2.095571101098
  1872 -2.095571101098
  1873 -2.095571101098
  1874 -2.095571101098
  1875 -2.095571101098
  1876 -2.095571101098
  1877 -2.095571101098
  1878 -2.095571101098
  1879 -2.095571101098
  1880 -2.095571101098
  1881 -2.095571101098
  1882 -2.095571101098
  1883 -2.095571101098
  1884 -2.095571101098
  1885 -2.095571101098
  1886 -2.095571101098
  1887 -2.095571101098
  1888 -2.095571101098
  1889 -2.095571101098
  1890 -2.095571101098
  1891 -2.095571101098
  1892 -2.095571101098
  1893 -2.095571101098
  1894 -2.095571101098
  1895 -2.095571101098
  1896 -2.095571101098
  1897 -2.095571101098
  1898 -2.095571101098
  1899 -2.095571101098
  1900 -2.095571101098
  1901 -2.095571101098
  1902 -2.095571101098
  1903 -2.095571101098
  1904 -2.095571101098
  1905 -2.095571101098
  1906 -2.095571101098
  1907 -2.095571101098
  1908 -2.095571101098
  1909 -2.095571101098
  1910 -2.095571101098
  1911 -2.095571101098
  1912 -2.095571101098
  1913 -2.095571101098
  1914 -2.095571101098
  1915 -2.095571101098
  1916 -2.095571101098
  1917 -2.095571101098
  1918 -2.095571101098
  1919 -2.095571101098
  1920 -2.095571101098
  1921 -2.095571101098
  1922 -2.095571101098
  1923 -2.095571101098
  1924 -2.095571101098
  1925 -2.095571101098
  1926 -2.095571101098
  1927 -2.095571101098
  1928 -2.095571101098
  1929 -2.095571101098
  1930 -2.095571101098
  1931 -2.095571101098
  1932 -2.095571101098
  1933 -2.095571101098
  1934 -2.095571101098
  1935 -2.095571101098
  1936 -2.095571101098
  1937 -2.095571101098
  1938 -2.095571101098
  1939 -2.095571101098
  1940 -2.095571101098
  1941 -2.095571101098
  1942 -2.095571101098
  1943 -2.095571101098
  1944 -2.095571101098
  1945 -2.095571101098
  1946 -2.095571101098
  1947 -2.095571101098
  1948 -2.095571101098
  1949 -2.095571101098
  1950 -2.095571101098
  1951 -2.095571101098
  1952 -2.095571101098
  1953 -2.095571101098
  1954 -2.095571101098
  1955 -2.095571101098
  1956 -2.095571101098
  1957 -2.095571101098
  1958 -2.095571101098
  1959 -2.095571101098
  1960 -2.095571101098
  1961 -2.095571101098
  1962 -2.095571101098
  1963 -2.095571101098
  1964 -2.095571101098
  1965 -2.095571101098
  1966 -2.095571101098
  1967 -2.095571101098
  1968 -2.095571101098
  1969 -2.095571101098
  1970 -2.095571101098
  1971 -2.095571101098
  1972 -2.095571101098
  1973 -2.095571101098
  1974 -2.095571101098
  1975 -2.095571101098
  1976 -2.095571101098
  1977 -2.095571101098
  1978 -2.095571101098
  1979 -2.095571101098
  1980 -2.095571101098
  1981 -2.095571101098
  1982 -2.095571101098
  1983 -2.095571101098
  1984 -2.095571101098
  1985 -2.095571101098
  1986 -2.095571101098
  1987 -2.095571101098
  1988 -2.095571101098
  1989 -2.095571101098
  1990 -2.095571101098
  1991 -2.095571101098
  1992 -2.095571101098
  1993 -2.095571101098
  1994 -2.095571101098
  1995 -2.095571101098
  1996 -2.095571101098
  1997 -2.095571101098
  1998 -2.095571101098
  1999 -2.095571101098
  2000 -2.095571101098
