     1 -0.899996684092
     2 -1.010382716807
     3 -1.265988104830
     4 -1.401949669486
     5 -1.482495482696
     6 -1.532701018210
     7 -1.566124142096
     8 -1.590178743437
     9 -1.608751923698
    10 -1.623906644765
    11 -1.636445367233
    12 -1.646029170066
    13 -1.652149741863
    14 -1.656315778847
    15 -1.660754433383
    16 -1.666480476899
    17 -1.673490766719
    18 -1.681114227884
    19 -1.688195044174
    20 -1.693519073595
    21 -1.696593916488
    22 -1.698517990508
    23 -1.699312813046
    24 -1.700595731700
    25 -1.700775324883
    26 -1.701995535044
    27 -1.703193874830
    28 -1.704374531923
    29 -1.705540684672
    30 -1.705626675938
    31 -1.707838785105
    32 -1.707906095777
    33 -1.710102318698
    34 -1.710156016164
    35 -1.712340495016
    36 -1.712383999986
    37 -1.712423354658
    38 -1.714595291502
    39 -1.714627777250
    40 -1.714657408637
    41 -1.718956961950
    42 -1.718981788253
    43 -1.719004585621
    44 -1.719025560998
    45 -1.719044895676
    46 -1.719062749044
    47 -1.719079261717
    48 -1.723367019042
    49 -1.723381209671
    50 -1.723394392874
    51 -1.812557017814
    52 -1.819491473800
    53 -1.810971424485
    54 -1.815010183632
    55 -1.802059315735
    56 -1.786751785482
    57 -1.774970778640
    58 -1.762676944672
    59 -1.754397202726
    60 -1.750260392222
    61 -1.741786107022
    62 -1.741823849672
    63 -1.741844693111
    64 -1.741856662466
    65 -1.741863841119
    66 -1.741868349275
    67 -1.741871316431
    68 -1.733328440710
    69 -1.733329917562
    70 -1.733331031251
    71 -1.733331906565
    72 -1.733332621249
    73 -1.733333224977
    74 -1.733333750170
    75 -1.733334218370
    76 -1.733334644107
    77 -1.733335037316
    78 -1.733335404878
    79 -1.733335751617
    80 -1.733336080965
    81 -1.733336395400
    82 -1.733336696746
    83 -1.733336986375
    84 -1.733337265339
    85 -1.733337534471
    86 -1.733337794443
    87 -1.733338045818
    88 -1.733338289072
    89 -1.733338524625
    90 -1.733338752848
    91 -1.733338974076
    92 -1.733339188620
    93 -1.733339396764
    94 -1.733339598775
    95 -1.733339794905
    96 -1.733339985390
    97 -1.733340170454
    98 -1.733340350310
    99 -1.733340525162
   100 -1.733340695202
   101 -1.847232628689
   102 -1.845037456409
   103 -1.806781172143
   104 -1.806106178449
   105 -1.782533663371
   106 -1.770659283772
   107 -1.758284563304
   108 -1.749951906830
   109 -1.750055907649
   110 -1.741563199573
   111 -1.741590194818
   112 -1.741604665183
   113 -1.741612775613
   114 -1.733072652167
   115 -1.733075675939
   116 -1.733077717746
   117 -1.733079196527
   118 -1.733080339672
   119 -1.733081274153
   120 -1.733082072998
   121 -1.733082779481
   122 -1.733083420030
   123 -1.733084011260
   124 -1.733084563929
   125 -1.733085085207
   126 -1.733085580011
   127 -1.733086051818
   128 -1.733086503166
   129 -1.733086935966
   130 -1.733087351707
   131 -1.733087751585
   132 -1.733088136594
   133 -1.733088507579
   134 -1.733088865280
   135 -1.733089210355
   136 -1.733089543402
   137 -1.733089864967
   138 -1.733090175560
   139 -1.733090475653
   140 -1.733090765693
   141 -1.733091046100
   142 -1.733091317271
   143 -1.733091579584
   144 -1.733091833398
   145 -1.733092079053
   146 -1.733092316876
   147 -1.733092547175
   148 -1.733092770247
   149 -1.733092986373
   150 -1.733093195824
   151 -1.795692871868
   152 -1.797121569137
   153 -1.866469063178
   154 -1.861564864398
   155 -1.809472599724
   156 -1.778463634046
   157 -1.761827436485
   158 -1.753488046807
   159 -1.745040862822
   160 -1.745090274296
   161 -1.745117106983
   162 -1.736587939768
   163 -1.736597954643
   164 -1.736604820198
   165 -1.736609856975
   166 -1.736613773795
   167 -1.736616970937
   168 -1.736619685260
   169 -1.736622062735
   170 -1.736624196420
   171 -1.736626147310
   172 -1.736627956313
   173 -1.736629651422
   174 -1.736631252149
   175 -1.736632772354
   176 -1.736634222078
   177 -1.736635608757
   178 -1.736636938037
   179 -1.736638214318
   180 -1.736639441126
   181 -1.736640621370
   182 -1.736641757513
   183 -1.736642851694
   184 -1.736643905812
   185 -1.736644921583
   186 -1.736645900582
   187 -1.736646844268
   188 -1.736647754010
   189 -1.736648631099
   190 -1.736649476757
   191 -1.736650292148
   192 -1.736651078383
   193 -1.736651836526
   194 -1.736652567596
   195 -1.736653272568
   196 -1.736653952384
   197 -1.736654607944
   198 -1.736655240117
   199 -1.736655849737
   200 -1.736656437608
   201 -1.830686573241
   202 -1.796223638424
   203 -1.802691318330
   204 -1.784747906661
   205 -1.769050661925
   206 -1.756856482327
   207 -1.748600708797
   208 -1.748741057843
   209 -1.740267986482
   210 -1.740307118538
   211 -1.740329968610
   212 -1.740344340896
   213 -1.740354076870
   214 -1.740361143007
   215 -1.740366588903
   216 -1.740370999408
   217 -1.740374714595
   218 -1.740377940403
   219 -1.740380806328
   220 -1.740383396664
   221 -1.740385768056
   222 -1.740387959736
   223 -1.740389999680
   224 -1.740391908421
   225 -1.740393701472
   226 -1.740395390893
   227 -1.740396986325
   228 -1.740398495681
   229 -1.740399925612
   230 -1.740401281829
   231 -1.740402569325
   232 -1.740403792531
   233 -1.740404955431
   234 -1.740406061638
   235 -1.740407114459
   236 -1.740408116936
   237 -1.740409071884
   238 -1.740409981916
   239 -1.740410849464
   240 -1.740411676800
   241 -1.740412466049
   242 -1.740413219203
   243 -1.740413938131
   244 -1.740414624586
   245 -1.740415280221
   246 -1.740415906589
   247 -1.740416505154
   248 -1.740417077297
   249 -1.740417624319
   250 -1.740418147451
   251 -1.818750466347
   252 -1.841020043021
   253 -1.818564015427
   254 -1.818318493396
   255 -1.793940789350
   256 -1.774562494618
   257 -1.764744554817
   258 -1.760907557439
   259 -1.752584042545
   260 -1.752698274355
   261 -1.744213604799
   262 -1.744246329661
   263 -1.744264752349
   264 -1.744275561643
   265 -1.744282199445
   266 -1.744286477286
   267 -1.735744452778
   268 -1.735746515579
   269 -1.735748057753
   270 -1.735749265627
   271 -1.735750253076
   272 -1.735751091547
   273 -1.735751826894
   274 -1.735752489113
   275 -1.735753098142
   276 -1.735753667420
   277 -1.735754206109
   278 -1.735754720534
   279 -1.735755215110
   280 -1.735755692959
   281 -1.735756156319
   282 -1.735756606828
   283 -1.735757045704
   284 -1.735757473876
   285 -1.735757892072
   286 -1.735758300879
   287 -1.735758700782
   288 -1.735759092193
   289 -1.735759475473
   290 -1.735759850944
   291 -1.735760218897
   292 -1.735760579603
   293 -1.735760933310
   294 -1.735761280255
   295 -1.735761620663
   296 -1.735761954743
   297 -1.735762282701
   298 -1.735762604730
   299 -1.735762921015
   300 -1.735763231737
   301 -1.859673118754
   302 -1.743954114806
   303 -1.793970236619
   304 -1.807235141763
   305 -1.780544644190
   306 -1.763332042507
   307 -1.753066921295
   308 -1.746855612494
   309 -1.742684555955
   310 -1.738468372201
   311 -1.738501929197
   312 -1.738523290830
   313 -1.734265260014
   314 -1.734275549472
   315 -1.734283257462
   316 -1.734289295625
   317 -1.734294217752
   318 -1.734298370987
   319 -1.734301978599
   320 -1.734305187286
   321 -1.734308095236
   322 -1.734310769314
   323 -1.734313255847
   324 -1.734315587531
   325 -1.734317787915
   326 -1.734319874352
   327 -1.734321859956
   328 -1.734323754901
   329 -1.734325567309
   330 -1.734327303833
   331 -1.734328970067
   332 -1.734330570818
   333 -1.734332110301
   334 -1.734333592268
   335 -1.734335020101
   336 -1.734336396886
   337 -1.734337725452
   338 -1.734339008414
   339 -1.734340248201
   340 -1.734341447071
   341 -1.734342607135
   342 -1.734343730368
   343 -1.734344818622
   344 -1.734345873634
   345 -1.734346897036
   346 -1.734347890363
   347 -1.734348855061
   348 -1.734349792490
   349 -1.734350703932
   350 -1.734351590596
   351 -1.734352453622
   352 -1.734353294088
   353 -1.734354113010
   354 -1.734354911348
   355 -1.734355690010
   356 -1.734356449853
   357 -1.734357191690
   358 -1.734357916288
   359 -1.734358624375
   360 -1.734359316639
   361 -1.734359993732
   362 -1.734360656273
   363 -1.734361304848
   364 -1.734361940013
   365 -1.734362562296
   366 -1.734363172196
   367 -1.734363770191
   368 -1.734364356731
   369 -1.734364932246
   370 -1.734365497144
   371 -1.734366051812
   372 -1.734366596621
   373 -1.734367131921
   374 -1.734367658046
   375 -1.734368175316
   376 -1.734368684034
   377 -1.734369184489
   378 -1.734369676956
   379 -1.734370161699
   380 -1.734370638969
   381 -1.734371109004
   382 -1.734371572034
   383 -1.734372028278
   384 -1.734372477942
   385 -1.734372921228
   386 -1.734373358326
   387 -1.734373789417
   388 -1.734374214677
   389 -1.734374634273
   390 -1.734375048364
   391 -1.734375457104
   392 -1.734375860640
   393 -1.734376259112
   394 -1.734376652655
   395 -1.734377041399
   396 -1.734377425467
   397 -1.734377804980
   398 -1.734378180051
   399 -1.734378550790
   400 -1.734378917304
   401 -1.734379279694
   402 -1.734379638057
   403 -1.734379992488
   404 -1.734380343077
   405 -1.734380689910
   406 -1.734381033073
   407 -1.734381372646
   408 -1.734381708706
   409 -1.734382041329
   410 -1.734382370587
   411 -1.734382696550
   412 -1.734383019286
   413 -1.734383338859
   414 -1.734383655333
   415 -1.734383968767
   416 -1.734384279222
   417 -1.734384586753
   418 -1.734384891416
   419 -1.734385193263
   420 -1.734385492346
   421 -1.734385788715
   422 -1.734386082418
   423 -1.734386373502
   424 -1.734386662012
   425 -1.734386947991
   426 -1.734387231483
   427 -1.734387512528
   428 -1.734387791167
   429 -1.734388067439
   430 -1.734388341381
   431 -1.734388613029
   432 -1.734388882421
   433 -1.734389149590
   434 -1.734389414569
   435 -1.734389677393
   436 -1.734389938091
   437 -1.734390196697
   438 -1.734390453239
   439 -1.734390707747
   440 -1.734390960250
   441 -1.734391210775
   442 -1.734391459351
   443 -1.734391706002
   444 -1.734391950756
   445 -1.734392193637
   446 -1.734392434670
   447 -1.734392673879
   448 -1.734392911287
   449 -1.734393146918
   450 -1.734393380793
   451 -1.734393612934
   452 -1.734393843363
   453 -1.734394072100
   454 -1.734394299167
   455 -1.734394524582
   456 -1.734394748365
   457 -1.734394970536
   458 -1.734395191113
   459 -1.734395410114
   460 -1.734395627557
   461 -1.734395843460
   462 -1.734396057840
   463 -1.734396270713
   464 -1.734396482096
   465 -1.734396692005
   466 -1.734396900456
   467 -1.734397107464
   468 -1.734397313045
   469 -1.734397517213
   470 -1.734397719983
   471 -1.734397921370
   472 -1.734398121387
   473 -1.734398320048
   474 -1.734398517367
   475 -1.734398713357
   476 -1.734398908031
   477 -1.734399101402
   478 -1.734399293483
   479 -1.734399484285
   480 -1.734399673822
   481 -1.734399862104
   482 -1.734400049144
   483 -1.734400234953
   484 -1.734400419543
   485 -1.734400602924
   486 -1.734400785108
   487 -1.734400966106
   488 -1.734401145927
   489 -1.734401324583
   490 -1.734401502084
   491 -1.734401678439
   492 -1.734401853660
   493 -1.734402027754
   494 -1.734402200733
   495 -1.734402372606
   496 -1.734402543381
   497 -1.734402713068
   498 -1.734402881677
   499 -1.734403049216
   500 -1.734403215693
   501 -1.734403381118
   502 -1.734403545499
   503 -1.734403708845
   504 -1.734403871163
   505 -1.734404032462
   506 -1.734404192749
   507 -1.734404352033
   508 -1.734404510322
   509 -1.734404667623
   510 -1.734404823944
   511 -1.734404979292
   512 -1.734405133674
   513 -1.734405287099
   514 -1.734405439572
   515 -1.734405591102
   516 -1.734405741694
   517 -1.734405891357
   518 -1.734406040096
   519 -1.734406187919
   520 -1.734406334832
   521 -1.734406480841
   522 -1.734406625953
   523 -1.734406770175
   524 -1.734406913512
   525 -1.734407055971
   526 -1.734407197558
   527 -1.734407338278
   528 -1.734407478139
   529 -1.734407617145
   530 -1.734407755303
   531 -1.734407892619
   532 -1.734408029097
   533 -1.734408164743
   534 -1.734408299564
   535 -1.734408433564
   536 -1.734408566750
   537 -1.734408699125
   538 -1.734408830696
   539 -1.734408961468
   540 -1.734409091445
   541 -1.734409220634
   542 -1.734409349038
   543 -1.734409476663
   544 -1.734409603514
   545 -1.734409729596
   546 -1.734409854913
   547 -1.734409979471
   548 -1.734410103273
   549 -1.734410226325
   550 -1.734410348631
   551 -1.734410470196
   552 -1.734410591023
   553 -1.734410711119
   554 -1.734410830486
   555 -1.734410949130
   556 -1.734411067054
   557 -1.734411184263
   558 -1.734411300761
   559 -1.734411416553
   560 -1.734411531641
   561 -1.734411646031
   562 -1.734411759727
   563 -1.734411872732
   564 -1.734411985051
   565 -1.734412096686
   566 -1.734412207643
   567 -1.734412317925
   568 -1.734412427536
   569 -1.734412536480
   570 -1.734412644760
   571 -1.734412752380
   572 -1.734412859343
   573 -1.734412965654
   574 -1.734413071316
   575 -1.734413176332
   576 -1.734413280706
   577 -1.734413384442
   578 -1.734413487543
   579 -1.734413590012
   580 -1.734413691852
   581 -1.734413793068
   582 -1.734413893663
   583 -1.734413993639
   584 -1.734414093000
   585 -1.734414191750
   586 -1.734414289891
   587 -1.734414387427
   588 -1.734414484361
   589 -1.734414580697
   590 -1.734414676436
   591 -1.734414771582
   592 -1.734414866140
   593 -1.734414960110
   594 -1.734415053497
   595 -1.734415146304
   596 -1.734415238533
   597 -1.734415330187
   598 -1.734415421270
   599 -1.734415511784
   600 -1.734415601732
   601 -1.734415691117
   602 -1.734415779942
   603 -1.734415868210
   604 -1.734415955924
   605 -1.734416043086
   606 -1.734416129698
   607 -1.734416215765
   608 -1.734416301289
   609 -1.734416386271
   610 -1.734416470716
   611 -1.734416554626
   612 -1.734416638002
   613 -1.734416720849
   614 -1.734416803169
   615 -1.734416884964
   616 -1.734416966236
   617 -1.734417046989
   618 -1.734417127225
   619 -1.734417206947
   620 -1.734417286157
   621 -1.734417364858
   622 -1.734417443051
   623 -1.734417520741
   624 -1.734417597928
   625 -1.734417674616
   626 -1.734417750807
   627 -1.734417826504
   628 -1.734417901708
   629 -1.734417976423
   630 -1.734418050651
   631 -1.734418124393
   632 -1.734418197654
   633 -1.734418270434
   634 -1.734418342736
   635 -1.734418414563
   636 -1.734418485917
   637 -1.734418556800
   638 -1.734418627215
   639 -1.734418697164
   640 -1.734418766648
   641 -1.734418835672
   642 -1.734418904235
   643 -1.734418972342
   644 -1.734419039994
   645 -1.734419107194
   646 -1.734419173943
   647 -1.734419240244
   648 -1.734419306099
   649 -1.734419371511
   650 -1.734419436481
   651 -1.734419501011
   652 -1.734419565105
   653 -1.734419628763
   654 -1.734419691989
   655 -1.734419754784
   656 -1.734419817151
   657 -1.734419879091
   658 -1.734419940607
   659 -1.734420001701
   660 -1.734420062375
   661 -1.734420122631
   662 -1.734420182471
   663 -1.734420241898
   664 -1.734420300913
   665 -1.734420359518
   666 -1.734420417716
   667 -1.734420475509
   668 -1.734420532898
   669 -1.734420589886
   670 -1.734420646474
   671 -1.734420702666
   672 -1.734420758462
   673 -1.734420813865
   674 -1.734420868877
   675 -1.734420923499
   676 -1.734420977735
   677 -1.734421031585
   678 -1.734421085052
   679 -1.734421138138
   680 -1.734421190845
   681 -1.734421243175
   682 -1.734421295129
   683 -1.734421346711
   684 -1.734421397920
   685 -1.734421448761
   686 -1.734421499234
   687 -1.734421549341
   688 -1.734421599085
   689 -1.734421648468
   690 -1.734421697491
   691 -1.734421746156
   692 -1.734421794465
   693 -1.734421842420
   694 -1.734421890023
   695 -1.734421937276
   696 -1.734421984180
   697 -1.734422030739
   698 -1.734422076953
   699 -1.734422122824
   700 -1.734422168354
   701 -1.734422213546
   702 -1.734422258400
   703 -1.734422302920
   704 -1.734422347106
   705 -1.734422390961
   706 -1.734422434486
   707 -1.734422477683
   708 -1.734422520554
   709 -1.734422563101
   710 -1.734422605326
   711 -1.734422647231
   712 -1.734422688816
   713 -1.734422730085
   714 -1.734422771039
   715 -1.734422811679
   716 -1.734422852008
   717 -1.734422892028
   718 -1.734422931739
   719 -1.734422971144
   720 -1.734423010245
   721 -1.734423049044
   722 -1.734423087541
   723 -1.734423125740
   724 -1.734423163641
   725 -1.734423201246
   726 -1.734423238558
   727 -1.734423275577
   728 -1.734423312307
   729 -1.734423348747
   730 -1.734423384901
   731 -1.734423420769
   732 -1.734423456354
   733 -1.734423491658
   734 -1.734423526681
   735 -1.734423561425
   736 -1.734423595894
   737 -1.734423630087
   738 -1.734423664006
   739 -1.734423697654
   740 -1.734423731032
   741 -1.734423764142
   742 -1.734423796985
   743 -1.734423829564
   744 -1.734423861878
   745 -1.734423893931
   746 -1.734423925725
   747 -1.734423957259
   748 -1.734423988537
   749 -1.734424019560
   750 -1.734424050329
   751 -1.734424080846
   752 -1.734424111113
   753 -1.734424141131
   754 -1.734424170902
   755 -1.734424200428
   756 -1.734424229709
   757 -1.734424258748
   758 -1.734424287547
   759 -1.734424316106
   760 -1.734424344427
   761 -1.734424372513
   762 -1.734424400364
   763 -1.734424427981
   764 -1.734424455368
   765 -1.734424482524
   766 -1.734424509452
   767 -1.734424536154
   768 -1.734424562630
   769 -1.734424588882
   770 -1.734424614912
   771 -1.734424640721
   772 -1.734424666310
   773 -1.734424691682
   774 -1.734424716837
   775 -1.734424741778
   776 -1.734424766505
   777 -1.734424791021
   778 -1.734424815326
   779 -1.734424839421
   780 -1.734424863310
   781 -1.734424886992
   782 -1.734424910470
   783 -1.734424933744
   784 -1.734424956816
   785 -1.734424979689
   786 -1.734425002362
   787 -1.734425024837
   788 -1.734425047117
   789 -1.734425069202
   790 -1.734425091093
   791 -1.734425112792
   792 -1.734425134301
   793 -1.734425155621
   794 -1.734425176752
   795 -1.734425197697
   796 -1.734425218457
   797 -1.734425239033
   798 -1.734425259427
   799 -1.734425279640
   800 -1.734425299673
   801 -1.734425319527
   802 -1.734425339204
   803 -1.734425358705
   804 -1.734425378032
   805 -1.734425397186
   806 -1.734425416167
   807 -1.734425434978
   808 -1.734425453620
   809 -1.734425472093
   810 -1.734425490399
   811 -1.734425508540
   812 -1.734425526517
   813 -1.734425544331
   814 -1.734425561982
   815 -1.734425579473
   816 -1.734425596805
   817 -1.734425613979
   818 -1.734425630995
   819 -1.734425647856
   820 -1.734425664563
   821 -1.734425681116
   822 -1.734425697516
   823 -1.734425713766
   824 -1.734425729867
   825 -1.734425745818
   826 -1.734425761622
   827 -1.734425777280
   828 -1.734425792793
   829 -1.734425808162
   830 -1.734425823388
   831 -1.734425838472
   832 -1.734425853416
   833 -1.734425868220
   834 -1.734425882886
   835 -1.734425897414
   836 -1.734425911807
   837 -1.734425926064
   838 -1.734425940188
   839 -1.734425954178
   840 -1.734425968037
   841 -1.734425981765
   842 -1.734425995364
   843 -1.734426008834
   844 -1.734426022176
   845 -1.734426035392
   846 -1.734426048483
   847 -1.734426061449
   848 -1.734426074291
   849 -1.734426087012
   850 -1.734426099611
   851 -1.734426112089
   852 -1.734426124448
   853 -1.734426136689
   854 -1.734426148813
   855 -1.734426160820
   856 -1.734426172711
   857 -1.734426184489
   858 -1.734426196153
   859 -1.734426207704
   860 -1.734426219144
   861 -1.734426230473
   862 -1.734426241692
   863 -1.734426252803
   864 -1.734426263806
   865 -1.734426274702
   866 -1.734426285492
   867 -1.734426296177
   868 -1.734426306757
   869 -1.734426317235
   870 -1.734426327610
   871 -1.734426337884
   872 -1.734426348057
   873 -1.734426358130
   874 -1.734426368105
   875 -1.734426377981
   876 -1.734426387760
   877 -1.734426397443
   878 -1.734426407031
   879 -1.734426416524
   880 -1.734426425923
   881 -1.734426435229
   882 -1.734426444443
   883 -1.734426453566
   884 -1.734426462598
   885 -1.734426471540
   886 -1.734426480394
   887 -1.734426489159
   888 -1.734426497837
   889 -1.734426506429
   890 -1.734426514935
   891 -1.734426523355
   892 -1.734426531692
   893 -1.734426539945
   894 -1.734426548115
   895 -1.734426556204
   896 -1.734426564211
   897 -1.734426572137
   898 -1.734426579984
   899 -1.734426587752
   900 -1.734426595441
   901 -1.734426603053
   902 -1.734426610588
   903 -1.734426618046
   904 -1.734426625429
   905 -1.734426632738
   906 -1.734426639972
   907 -1.734426647132
   908 -1.734426654220
   909 -1.734426661236
   910 -1.734426668181
   911 -1.734426675054
   912 -1.734426681858
   913 -1.734426688592
   914 -1.734426695257
   915 -1.734426701855
   916 -1.734426708384
   917 -1.734426714847
   918 -1.734426721243
   919 -1.734426727574
   920 -1.734426733840
   921 -1.734426740041
   922 -1.734426746179
   923 -1.734426752253
   924 -1.734426758265
   925 -1.734426764214
   926 -1.734426770102
   927 -1.734426775930
   928 -1.734426781697
   929 -1.734426787404
   930 -1.734426793052
   931 -1.734426798642
   932 -1.734426804174
   933 -1.734426809648
   934 -1.734426815065
   935 -1.734426820426
   936 -1.734426825731
   937 -1.734426830981
   938 -1.734426836176
   939 -1.734426841317
   940 -1.734426846404
   941 -1.734426851438
   942 -1.734426856420
   943 -1.734426861349
   944 -1.734426866226
   945 -1.734426871053
   946 -1.734426875829
   947 -1.734426880554
   948 -1.734426885230
   949 -1.734426889857
   950 -1.734426894435
   951 -1.734426898965
   952 -1.734426903447
   953 -1.734426907882
   954 -1.734426912270
   955 -1.734426916611
   956 -1.734426920907
   957 -1.734426925157
   958 -1.734426929363
   959 -1.734426933523
   960 -1.734426937640
   961 -1.734426941713
   962 -1.734426945743
   963 -1.734426949730
   964 -1.734426953674
   965 -1.734426957577
   966 -1.734426961438
   967 -1.734426965258
   968 -1.734426969037
   969 -1.734426972776
   970 -1.734426976475
   971 -1.734426980134
   972 -1.734426983754
   973 -1.734426987336
   974 -1.734426990879
   975 -1.734426994384
   976 -1.734426997852
   977 -1.734427001283
   978 -1.734427004676
   979 -1.734427008034
   980 -1.734427011355
   981 -1.734427014641
   982 -1.734427017891
   983 -1.734427021106
   984 -1.734427024287
   985 -1.734427027433
   986 -1.734427030545
   987 -1.734427033624
   988 -1.734427036670
   989 -1.734427039682
   990 -1.734427042662
   991 -1.734427045610
   992 -1.734427048526
   993 -1.734427051410
   994 -1.734427054264
   995 -1.734427057086
   996 -1.734427059877
   997 -1.734427062639
   998 -1.734427065370
   999 -1.734427068071
  1000 -1.734427070744
