     1 -0.996681468373
     2 -1.407697998242
     3 -1.687678094594
     4 -1.829445565895
     5 -1.908997205775
     6 -1.957361951227
     7 -1.988740263407
     8 -2.010129844185
     9 -2.025234669069
    10 -2.036162541444
    11 -2.044209388419
    12 -2.050201504145
    13 -2.054694846429
    14 -2.058093266493
    15 -2.060672181718
    16 -2.062646798476
    17 -2.064152038019
    18 -2.065309725999
    19 -2.066199629266
    20 -2.066884628219
    21 -2.067419141624
    22 -2.067828312012
    23 -2.068145584313
    24 -2.068396033200
    25 -2.068588028434
    26 -2.068734102511
    27 -2.068850954355
    28 -2.068942762277
    29 -2.069013702333
    30 -2.069072121503
    31 -2.069113848919
    32 -2.069147230142
    33 -2.069172265745
    34 -2.069193128413
    35 -2.069209818371
    36 -2.069222335761
    37 -2.069230680674
    38 -2.069239025490
    39 -2.069247370245
    40 -2.069251542636
    41 -2.069255715003
    42 -2.069259887355
    43 -2.069259887372
    44 -2.069264059707
    45 -2.069264059714
    46 -2.069264059718
    47 -2.069264059721
    48 -2.069268232048
    49 -2.069268232049
    50 -2.069268232050
    51 -2.157221979432
    52 -2.178257429369
    53 -2.184190738252
    54 -2.168409122282
    55 -2.145782455940
    56 -2.126828621595
    57 -2.112249687285
    58 -2.101566736658
    59 -2.093676579017
    60 -2.087770668391
    61 -2.083307039714
    62 -2.079922450140
    63 -2.077348764113
    64 -2.075392129886
    65 -2.073914348804
    66 -2.072788189227
    67 -2.071939778276
    68 -2.071290563595
    69 -2.070807594089
    70 -2.070432712172
    71 -2.070157726428
    72 -2.069941006221
    73 -2.069782607930
    74 -2.069657532082
    75 -2.069565799898
    76 -2.069499079841
    77 -2.069440690749
    78 -2.069403154679
    79 -2.069369785505
    80 -2.069348929875
    81 -2.069332244393
    82 -2.069315557529
    83 -2.069307214436
    84 -2.069298870781
    85 -2.069290526769
    86 -2.069286354853
    87 -2.069282182790
    88 -2.069282182959
    89 -2.069278010742
    90 -2.069278010812
    91 -2.069278010857
    92 -2.069273838560
    93 -2.069273838579
    94 -2.069273838591
    95 -2.069273838599
    96 -2.069273838604
    97 -2.069273838607
    98 -2.069273838609
    99 -2.069273838610
   100 -2.069273838611
   101 -2.140303008944
   102 -2.215375643845
   103 -2.227911809117
   104 -2.206384196002
   105 -2.181177251135
   106 -2.158648213217
   107 -2.139250851079
   108 -2.123668005736
   109 -2.111373376773
   110 -2.101762277855
   111 -2.094280520457
   112 -2.088481335609
   113 -2.083996538326
   114 -2.080541751281
   115 -2.077890375163
   116 -2.075854658127
   117 -2.074299378820
   118 -2.073113337947
   119 -2.072205601033
   120 -2.071514088538
   121 -2.070989031082
   122 -2.070584709810
   123 -2.070276195695
   124 -2.070042689581
   125 -2.069859194820
   126 -2.069725733784
   127 -2.069617285962
   128 -2.069542204127
   129 -2.069475459236
   130 -2.069429571254
   131 -2.069396197351
   132 -2.069362821661
   133 -2.069346134170
   134 -2.069329445997
   135 -2.069312757400
   136 -2.069304413189
   137 -2.069296068815
   138 -2.069291896663
   139 -2.069283552121
   140 -2.069283552190
   141 -2.069279379908
   142 -2.069279379935
   143 -2.069279379952
   144 -2.069275207638
   145 -2.069275207645
   146 -2.069275207649
   147 -2.069275207652
   148 -2.069275207654
   149 -2.069275207655
   150 -2.069271035330
   151 -2.129454005923
   152 -2.129377376867
   153 -2.119780138640
   154 -2.114319203883
   155 -2.109880744033
   156 -2.102597022911
   157 -2.095897236040
   158 -2.090275783147
   159 -2.085757053808
   160 -2.082185864543
   161 -2.079382565261
   162 -2.077189029454
   163 -2.075468285213
   164 -2.074125100652
   165 -2.073078734774
   166 -2.072255602922
   167 -2.071610672427
   168 -2.071111061449
   169 -2.070711163406
   170 -2.070402803448
   171 -2.070161048187
   172 -2.069973440684
   173 -2.069823327721
   174 -2.069706558807
   175 -2.069614802571
   176 -2.069539722485
   177 -2.069481323541
   178 -2.069439608820
   179 -2.069406235577
   180 -2.069372860348
   181 -2.069356173174
   182 -2.069339485217
   183 -2.069322796766
   184 -2.069314452654
   185 -2.069306108345
   186 -2.069297763911
   187 -2.069289419398
   188 -2.069289419486
   189 -2.069281074891
   190 -2.069281074927
   191 -2.069281074949
   192 -2.069276902639
   193 -2.069276902648
   194 -2.069276902654
   195 -2.069276902657
   196 -2.069272730335
   197 -2.069272730336
   198 -2.069272730337
   199 -2.069272730338
   200 -2.069272730338
   201 -2.176483417943
   202 -2.094135124666
   203 -2.143742059059
   204 -2.137664409953
   205 -2.125079128055
   206 -2.113991144567
   207 -2.104455346838
   208 -2.096749383918
   209 -2.090635896360
   210 -2.085838940891
   211 -2.082097614757
   212 -2.079189432859
   213 -2.076937670242
   214 -2.075190115416
   215 -2.073846142426
   216 -2.072803600151
   217 -2.072001175491
   218 -2.071381209547
   219 -2.070902427715
   220 -2.070535891861
   221 -2.070248384216
   222 -2.070027484624
   223 -2.069860734568
   224 -2.069727307816
   225 -2.069627225875
   226 -2.069543812532
   227 -2.069485420436
   228 -2.069435365174
   229 -2.069401994396
   230 -2.069368620643
   231 -2.069351934353
   232 -2.069331074599
   233 -2.069318558788
   234 -2.069310214863
   235 -2.069301870666
   236 -2.069293526298
   237 -2.069289354150
   238 -2.069285181935
   239 -2.069281009680
   240 -2.069281009723
   241 -2.069276837425
   242 -2.069276837442
   243 -2.069276837453
   244 -2.069276837460
   245 -2.069272665139
   246 -2.069272665142
   247 -2.069272665143
   248 -2.069272665144
   249 -2.069272665145
   250 -2.069272665145
   251 -2.150874057790
   252 -2.160647357585
   253 -2.187575993902
   254 -2.165443296039
   255 -2.147009268819
   256 -2.132223243819
   257 -2.119727606726
   258 -2.109439563352
   259 -2.101067913922
   260 -2.094322248604
   261 -2.088938620809
   262 -2.084672261415
   263 -2.081308307200
   264 -2.078669330468
   265 -2.076600459940
   266 -2.074987087164
   267 -2.073726248017
   268 -2.072743659001
   269 -2.071977235022
   270 -2.071385558854
   271 -2.070918750328
   272 -2.070560235624
   273 -2.070276707248
   274 -2.070059864459
   275 -2.069884700438
   276 -2.069751232007
   277 -2.069646952618
   278 -2.069563524104
   279 -2.069505122827
   280 -2.069455061998
   281 -2.069413343187
   282 -2.069379967378
   283 -2.069359107509
   284 -2.069342419315
   285 -2.069325730712
   286 -2.069313214176
   287 -2.069304869804
   288 -2.069296525329
   289 -2.069292353114
   290 -2.069284008534
   291 -2.069284008578
   292 -2.069284008607
   293 -2.069275663974
   294 -2.069275663985
   295 -2.069275663992
   296 -2.069275663997
   297 -2.069275664000
   298 -2.069275664002
   299 -2.069275664003
   300 -2.069271491678
   301 -2.176935015508
   302 -2.131884508491
   303 -2.172171003191
   304 -2.174784884037
   305 -2.156577828774
   306 -2.140714759664
   307 -2.126350086669
   308 -2.114480517214
   309 -2.104847894446
   310 -2.097140149243
   311 -2.091030358394
   312 -2.086212233952
   313 -2.082440915715
   314 -2.079499404672
   315 -2.077209153089
   316 -2.075431370577
   317 -2.074051109901
   318 -2.072977732829
   319 -2.072153536753
   320 -2.071508030377
   321 -2.071008106469
   322 -2.070624727183
   323 -2.070324618719
   324 -2.070091157178
   325 -2.069907694159
   326 -2.069770082985
   327 -2.069661650463
   328 -2.069578234413
   329 -2.069511496584
   330 -2.069457268699
   331 -2.069415553318
   332 -2.069382179742
   333 -2.069361321329
   334 -2.069340461758
   335 -2.069323773773
   336 -2.069315429966
   337 -2.069307085857
   338 -2.069298741554
   339 -2.069290397126
   340 -2.069290397270
   341 -2.069282052711
   342 -2.069282052771
   343 -2.069282052809
   344 -2.069277880508
   345 -2.069277880524
   346 -2.069277880534
   347 -2.069273708216
   348 -2.069273708220
   349 -2.069273708222
   350 -2.069273708224
   351 -2.069273708225
   352 -2.069273708226
   353 -2.069273708227
   354 -2.069273708227
   355 -2.069273708227
   356 -2.069273708227
   357 -2.069273708227
   358 -2.069273708227
   359 -2.069273708227
   360 -2.069273708227
   361 -2.069273708227
   362 -2.069273708227
   363 -2.069273708227
   364 -2.069273708227
   365 -2.069273708227
   366 -2.069273708227
   367 -2.069273708227
   368 -2.069273708227
   369 -2.069273708227
   370 -2.069273708227
   371 -2.069273708227
   372 -2.069273708227
   373 -2.069273708227
   374 -2.069273708227
   375 -2.069273708227
   376 -2.069273708227
   377 -2.069273708227
   378 -2.069273708227
   379 -2.069273708227
   380 -2.069273708227
   381 -2.069273708227
   382 -2.069273708227
   383 -2.069273708227
   384 -2.069273708227
   385 -2.069273708227
   386 -2.069273708227
   387 -2.069273708227
   388 -2.069273708227
   389 -2.069273708227
   390 -2.069273708227
   391 -2.069273708227
   392 -2.069273708227
   393 -2.069273708227
   394 -2.069273708227
   395 -2.069273708227
   396 -2.069273708227
   397 -2.069273708227
   398 -2.069273708227
   399 -2.069273708227
   400 -2.069273708227
   401 -2.069273708227
   402 -2.069273708227
   403 -2.069273708227
   404 -2.069273708227
   405 -2.069273708227
   406 -2.069273708227
   407 -2.069273708227
   408 -2.069273708227
   409 -2.069273708227
   410 -2.069273708227
   411 -2.069273708227
   412 -2.069273708227
   413 -2.069273708227
   414 -2.069273708227
   415 -2.069273708227
   416 -2.069273708227
   417 -2.069273708227
   418 -2.069273708227
   419 -2.069273708227
   420 -2.069273708227
   421 -2.069273708227
   422 -2.069273708227
   423 -2.069273708227
   424 -2.069273708227
   425 -2.069273708227
   426 -2.069273708227
   427 -2.069273708227
   428 -2.069273708227
   429 -2.069273708227
   430 -2.069273708227
   431 -2.069273708227
   432 -2.069273708227
   433 -2.069273708227
   434 -2.069273708227
   435 -2.069273708227
   436 -2.069273708227
   437 -2.069273708227
   438 -2.069273708227
   439 -2.069273708227
   440 -2.069273708227
   441 -2.069273708227
   442 -2.069273708227
   443 -2.069273708227
   444 -2.069273708227
   445 -2.069273708227
   446 -2.069273708227
   447 -2.069273708227
   448 -2.069273708227
   449 -2.069273708227
   450 -2.069273708227
   451 -2.069273708227
   452 -2.069273708227
   453 -2.069273708227
   454 -2.069273708227
   455 -2.069273708227
   456 -2.069273708227
   457 -2.069273708227
   458 -2.069273708227
   459 -2.069273708227
   460 -2.069273708227
   461 -2.069273708227
   462 -2.069273708227
   463 -2.069273708227
   464 -2.069273708227
   465 -2.069273708227
   466 -2.069273708227
   467 -2.069273708227
   468 -2.069273708227
   469 -2.069273708227
   470 -2.069273708227
   471 -2.069273708227
   472 -2.069273708227
   473 -2.069273708227
   474 -2.069273708227
   475 -2.069273708227
   476 -2.069273708227
   477 -2.069273708227
   478 -2.069273708227
   479 -2.069273708227
   480 -2.069273708227
   481 -2.069273708227
   482 -2.069273708227
   483 -2.069273708227
   484 -2.069273708227
   485 -2.069273708227
   486 -2.069273708227
   487 -2.069273708227
   488 -2.069273708227
   489 -2.069273708227
   490 -2.069273708227
   491 -2.069273708227
   492 -2.069273708227
   493 -2.069273708227
   494 -2.069273708227
   495 -2.069273708227
   496 -2.069273708227
   497 -2.069273708227
   498 -2.069273708227
   499 -2.069273708227
   500 -2.069273708227
   501 -2.069273708227
   502 -2.069273708227
   503 -2.069273708227
   504 -2.069273708227
   505 -2.069273708227
   506 -2.069273708227
   507 -2.069273708227
   508 -2.069273708227
   509 -2.069273708227
   510 -2.069273708227
   511 -2.069273708227
   512 -2.069273708227
   513 -2.069273708227
   514 -2.069273708227
   515 -2.069273708227
   516 -2.069273708227
   517 -2.069273708227
   518 -2.069273708227
   519 -2.069273708227
   520 -2.069273708227
   521 -2.069273708227
   522 -2.069273708227
   523 -2.069273708227
   524 -2.069273708227
   525 -2.069273708227
   526 -2.069273708227
   527 -2.069273708227
   528 -2.069273708227
   529 -2.069273708227
   530 -2.069273708227
   531 -2.069273708227
   532 -2.069273708227
   533 -2.069273708227
   534 -2.069273708227
   535 -2.069273708227
   536 -2.069273708227
   537 -2.069273708227
   538 -2.069273708227
   539 -2.069273708227
   540 -2.069273708227
   541 -2.069273708227
   542 -2.069273708227
   543 -2.069273708227
   544 -2.069273708227
   545 -2.069273708227
   546 -2.069273708227
   547 -2.069273708227
   548 -2.069273708227
   549 -2.069273708227
   550 -2.069273708227
   551 -2.069273708227
   552 -2.069273708227
   553 -2.069273708227
   554 -2.069273708227
   555 -2.069273708227
   556 -2.069273708227
   557 -2.069273708227
   558 -2.069273708227
   559 -2.069273708227
   560 -2.069273708227
   561 -2.069273708227
   562 -2.069273708227
   563 -2.069273708227
   564 -2.069273708227
   565 -2.069273708227
   566 -2.069273708227
   567 -2.069273708227
   568 -2.069273708227
   569 -2.069273708227
   570 -2.069273708227
   571 -2.069273708227
   572 -2.069273708227
   573 -2.069273708227
   574 -2.069273708227
   575 -2.069273708227
   576 -2.069273708227
   577 -2.069273708227
   578 -2.069273708227
   579 -2.069273708227
   580 -2.069273708227
   581 -2.069273708227
   582 -2.069273708227
   583 -2.069273708227
   584 -2.069273708227
   585 -2.069273708227
   586 -2.069273708227
   587 -2.069273708227
   588 -2.069273708227
   589 -2.069273708227
   590 -2.069273708227
   591 -2.069273708227
   592 -2.069273708227
   593 -2.069273708227
   594 -2.069273708227
   595 -2.069273708227
   596 -2.069273708227
   597 -2.069273708227
   598 -2.069273708227
   599 -2.069273708227
   600 -2.069273708227
   601 -2.069273708227
   602 -2.069273708227
   603 -2.069273708227
   604 -2.069273708227
   605 -2.069273708227
   606 -2.069273708227
   607 -2.069273708227
   608 -2.069273708227
   609 -2.069273708227
   610 -2.069273708227
   611 -2.069273708227
   612 -2.069273708227
   613 -2.069273708227
   614 -2.069273708227
   615 -2.069273708227
   616 -2.069273708227
   617 -2.069273708227
   618 -2.069273708227
   619 -2.069273708227
   620 -2.069273708227
   621 -2.069273708227
   622 -2.069273708227
   623 -2.069273708227
   624 -2.069273708227
   625 -2.069273708227
   626 -2.069273708227
   627 -2.069273708227
   628 -2.069273708227
   629 -2.069273708227
   630 -2.069273708227
   631 -2.069273708227
   632 -2.069273708227
   633 -2.069273708227
   634 -2.069273708227
   635 -2.069273708227
   636 -2.069273708227
   637 -2.069273708227
   638 -2.069273708227
   639 -2.069273708227
   640 -2.069273708227
   641 -2.069273708227
   642 -2.069273708227
   643 -2.069273708227
   644 -2.069273708227
   645 -2.069273708227
   646 -2.069273708227
   647 -2.069273708227
   648 -2.069273708227
   649 -2.069273708227
   650 -2.069273708227
   651 -2.069273708227
   652 -2.069273708227
   653 -2.069273708227
   654 -2.069273708227
   655 -2.069273708227
   656 -2.069273708227
   657 -2.069273708227
   658 -2.069273708227
   659 -2.069273708227
   660 -2.069273708227
   661 -2.069273708227
   662 -2.069273708227
   663 -2.069273708227
   664 -2.069273708227
   665 -2.069273708227
   666 -2.069273708227
   667 -2.069273708227
   668 -2.069273708227
   669 -2.069273708227
   670 -2.069273708227
   671 -2.069273708227
   672 -2.069273708227
   673 -2.069273708227
   674 -2.069273708227
   675 -2.069273708227
   676 -2.069273708227
   677 -2.069273708227
   678 -2.069273708227
   679 -2.069273708227
   680 -2.069273708227
   681 -2.069273708227
   682 -2.069273708227
   683 -2.069273708227
   684 -2.069273708227
   685 -2.069273708227
   686 -2.069273708227
   687 -2.069273708227
   688 -2.069273708227
   689 -2.069273708227
   690 -2.069273708227
   691 -2.069273708227
   692 -2.069273708227
   693 -2.069273708227
   694 -2.069273708227
   695 -2.069273708227
   696 -2.069273708227
   697 -2.069273708227
   698 -2.069273708227
   699 -2.069273708227
   700 -2.069273708227
   701 -2.069273708227
   702 -2.069273708227
   703 -2.069273708227
   704 -2.069273708227
   705 -2.069273708227
   706 -2.069273708227
   707 -2.069273708227
   708 -2.069273708227
   709 -2.069273708227
   710 -2.069273708227
   711 -2.069273708227
   712 -2.069273708227
   713 -2.069273708227
   714 -2.069273708227
   715 -2.069273708227
   716 -2.069273708227
   717 -2.069273708227
   718 -2.069273708227
   719 -2.069273708227
   720 -2.069273708227
   721 -2.069273708227
   722 -2.069273708227
   723 -2.069273708227
   724 -2.069273708227
   725 -2.069273708227
   726 -2.069273708227
   727 -2.069273708227
   728 -2.069273708227
   729 -2.069273708227
   730 -2.069273708227
   731 -2.069273708227
   732 -2.069273708227
   733 -2.069273708227
   734 -2.069273708227
   735 -2.069273708227
   736 -2.069273708227
   737 -2.069273708227
   738 -2.069273708227
   739 -2.069273708227
   740 -2.069273708227
   741 -2.069273708227
   742 -2.069273708227
   743 -2.069273708227
   744 -2.069273708227
   745 -2.069273708227
   746 -2.069273708227
   747 -2.069273708227
   748 -2.069273708227
   749 -2.069273708227
   750 -2.069273708227
   751 -2.069273708227
   752 -2.069273708227
   753 -2.069273708227
   754 -2.069273708227
   755 -2.069273708227
   756 -2.069273708227
   757 -2.069273708227
   758 -2.069273708227
   759 -2.069273708227
   760 -2.069273708227
   761 -2.069273708227
   762 -2.069273708227
   763 -2.069273708227
   764 -2.069273708227
   765 -2.069273708227
   766 -2.069273708227
   767 -2.069273708227
   768 -2.069273708227
   769 -2.069273708227
   770 -2.069273708227
   771 -2.069273708227
   772 -2.069273708227
   773 -2.069273708227
   774 -2.069273708227
   775 -2.069273708227
   776 -2.069273708227
   777 -2.069273708227
   778 -2.069273708227
   779 -2.069273708227
   780 -2.069273708227
   781 -2.069273708227
   782 -2.069273708227
   783 -2.069273708227
   784 -2.069273708227
   785 -2.069273708227
   786 -2.069273708227
   787 -2.069273708227
   788 -2.069273708227
   789 -2.069273708227
   790 -2.069273708227
   791 -2.069273708227
   792 -2.069273708227
   793 -2.069273708227
   794 -2.069273708227
   795 -2.069273708227
   796 -2.069273708227
   797 -2.069273708227
   798 -2.069273708227
   799 -2.069273708227
   800 -2.069273708227
   801 -2.069273708227
   802 -2.069273708227
   803 -2.069273708227
   804 -2.069273708227
   805 -2.069273708227
   806 -2.069273708227
   807 -2.069273708227
   808 -2.069273708227
   809 -2.069273708227
   810 -2.069273708227
   811 -2.069273708227
   812 -2.069273708227
   813 -2.069273708227
   814 -2.069273708227
   815 -2.069273708227
   816 -2.069273708227
   817 -2.069273708227
   818 -2.069273708227
   819 -2.069273708227
   820 -2.069273708227
   821 -2.069273708227
   822 -2.069273708227
   823 -2.069273708227
   824 -2.069273708227
   825 -2.069273708227
   826 -2.069273708227
   827 -2.069273708227
   828 -2.069273708227
   829 -2.069273708227
   830 -2.069273708227
   831 -2.069273708227
   832 -2.069273708227
   833 -2.069273708227
   834 -2.069273708227
   835 -2.069273708227
   836 -2.069273708227
   837 -2.069273708227
   838 -2.069273708227
   839 -2.069273708227
   840 -2.069273708227
   841 -2.069273708227
   842 -2.069273708227
   843 -2.069273708227
   844 -2.069273708227
   845 -2.069273708227
   846 -2.069273708227
   847 -2.069273708227
   848 -2.069273708227
   849 -2.069273708227
   850 -2.069273708227
   851 -2.069273708227
   852 -2.069273708227
   853 -2.069273708227
   854 -2.069273708227
   855 -2.069273708227
   856 -2.069273708227
   857 -2.069273708227
   858 -2.069273708227
   859 -2.069273708227
   860 -2.069273708227
   861 -2.069273708227
   862 -2.069273708227
   863 -2.069273708227
   864 -2.069273708227
   865 -2.069273708227
   866 -2.069273708227
   867 -2.069273708227
   868 -2.069273708227
   869 -2.069273708227
   870 -2.069273708227
   871 -2.069273708227
   872 -2.069273708227
   873 -2.069273708227
   874 -2.069273708227
   875 -2.069273708227
   876 -2.069273708227
   877 -2.069273708227
   878 -2.069273708227
   879 -2.069273708227
   880 -2.069273708227
   881 -2.069273708227
   882 -2.069273708227
   883 -2.069273708227
   884 -2.069273708227
   885 -2.069273708227
   886 -2.069273708227
   887 -2.069273708227
   888 -2.069273708227
   889 -2.069273708227
   890 -2.069273708227
   891 -2.069273708227
   892 -2.069273708227
   893 -2.069273708227
   894 -2.069273708227
   895 -2.069273708227
   896 -2.069273708227
   897 -2.069273708227
   898 -2.069273708227
   899 -2.069273708227
   900 -2.069273708227
   901 -2.069273708227
   902 -2.069273708227
   903 -2.069273708227
   904 -2.069273708227
   905 -2.069273708227
   906 -2.069273708227
   907 -2.069273708227
   908 -2.069273708227
   909 -2.069273708227
   910 -2.069273708227
   911 -2.069273708227
   912 -2.069273708227
   913 -2.069273708227
   914 -2.069273708227
   915 -2.069273708227
   916 -2.069273708227
   917 -2.069273708227
   918 -2.069273708227
   919 -2.069273708227
   920 -2.069273708227
   921 -2.069273708227
   922 -2.069273708227
   923 -2.069273708227
   924 -2.069273708227
   925 -2.069273708227
   926 -2.069273708227
   927 -2.069273708227
   928 -2.069273708227
   929 -2.069273708227
   930 -2.069273708227
   931 -2.069273708227
   932 -2.069273708227
   933 -2.069273708227
   934 -2.069273708227
   935 -2.069273708227
   936 -2.069273708227
   937 -2.069273708227
   938 -2.069273708227
   939 -2.069273708227
   940 -2.069273708227
   941 -2.069273708227
   942 -2.069273708227
   943 -2.069273708227
   944 -2.069273708227
   945 -2.069273708227
   946 -2.069273708227
   947 -2.069273708227
   948 -2.069273708227
   949 -2.069273708227
   950 -2.069273708227
   951 -2.069273708227
   952 -2.069273708227
   953 -2.069273708227
   954 -2.069273708227
   955 -2.069273708227
   956 -2.069273708227
   957 -2.069273708227
   958 -2.069273708227
   959 -2.069273708227
   960 -2.069273708227
   961 -2.069273708227
   962 -2.069273708227
   963 -2.069273708227
   964 -2.069273708227
   965 -2.069273708227
   966 -2.069273708227
   967 -2.069273708227
   968 -2.069273708227
   969 -2.069273708227
   970 -2.069273708227
   971 -2.069273708227
   972 -2.069273708227
   973 -2.069273708227
   974 -2.069273708227
   975 -2.069273708227
   976 -2.069273708227
   977 -2.069273708227
   978 -2.069273708227
   979 -2.069273708227
   980 -2.069273708227
   981 -2.069273708227
   982 -2.069273708227
   983 -2.069273708227
   984 -2.069273708227
   985 -2.069273708227
   986 -2.069273708227
   987 -2.069273708227
   988 -2.069273708227
   989 -2.069273708227
   990 -2.069273708227
   991 -2.069273708227
   992 -2.069273708227
   993 -2.069273708227
   994 -2.069273708227
   995 -2.069273708227
   996 -2.069273708227
   997 -2.069273708227
   998 -2.069273708227
   999 -2.069273708227
  1000 -2.069273708227
  1001 -2.069273708227
  1002 -2.069273708227
  1003 -2.069273708227
  1004 -2.069273708227
  1005 -2.069273708227
  1006 -2.069273708227
  1007 -2.069273708227
  1008 -2.069273708227
  1009 -2.069273708227
  1010 -2.069273708227
  1011 -2.069273708227
  1012 -2.069273708227
  1013 -2.069273708227
  1014 -2.069273708227
  1015 -2.069273708227
  1016 -2.069273708227
  1017 -2.069273708227
  1018 -2.069273708227
  1019 -2.069273708227
  1020 -2.069273708227
  1021 -2.069273708227
  1022 -2.069273708227
  1023 -2.069273708227
  1024 -2.069273708227
  1025 -2.069273708227
  1026 -2.069273708227
  1027 -2.069273708227
  1028 -2.069273708227
  1029 -2.069273708227
  1030 -2.069273708227
  1031 -2.069273708227
  1032 -2.069273708227
  1033 -2.069273708227
  1034 -2.069273708227
  1035 -2.069273708227
  1036 -2.069273708227
  1037 -2.069273708227
  1038 -2.069273708227
  1039 -2.069273708227
  1040 -2.069273708227
  1041 -2.069273708227
  1042 -2.069273708227
  1043 -2.069273708227
  1044 -2.069273708227
  1045 -2.069273708227
  1046 -2.069273708227
  1047 -2.069273708227
  1048 -2.069273708227
  1049 -2.069273708227
  1050 -2.069273708227
  1051 -2.069273708227
  1052 -2.069273708227
  1053 -2.069273708227
  1054 -2.069273708227
  1055 -2.069273708227
  1056 -2.069273708227
  1057 -2.069273708227
  1058 -2.069273708227
  1059 -2.069273708227
  1060 -2.069273708227
  1061 -2.069273708227
  1062 -2.069273708227
  1063 -2.069273708227
  1064 -2.069273708227
  1065 -2.069273708227
  1066 -2.069273708227
  1067 -2.069273708227
  1068 -2.069273708227
  1069 -2.069273708227
  1070 -2.069273708227
  1071 -2.069273708227
  1072 -2.069273708227
  1073 -2.069273708227
  1074 -2.069273708227
  1075 -2.069273708227
  1076 -2.069273708227
  1077 -2.069273708227
  1078 -2.069273708227
  1079 -2.069273708227
  1080 -2.069273708227
  1081 -2.069273708227
  1082 -2.069273708227
  1083 -2.069273708227
  1084 -2.069273708227
  1085 -2.069273708227
  1086 -2.069273708227
  1087 -2.069273708227
  1088 -2.069273708227
  1089 -2.069273708227
  1090 -2.069273708227
  1091 -2.069273708227
  1092 -2.069273708227
  1093 -2.069273708227
  1094 -2.069273708227
  1095 -2.069273708227
  1096 -2.069273708227
  1097 -2.069273708227
  1098 -2.069273708227
  1099 -2.069273708227
  1100 -2.069273708227
  1101 -2.069273708227
  1102 -2.069273708227
  1103 -2.069273708227
  1104 -2.069273708227
  1105 -2.069273708227
  1106 -2.069273708227
  1107 -2.069273708227
  1108 -2.069273708227
  1109 -2.069273708227
  1110 -2.069273708227
  1111 -2.069273708227
  1112 -2.069273708227
  1113 -2.069273708227
  1114 -2.069273708227
  1115 -2.069273708227
  1116 -2.069273708227
  1117 -2.069273708227
  1118 -2.069273708227
  1119 -2.069273708227
  1120 -2.069273708227
  1121 -2.069273708227
  1122 -2.069273708227
  1123 -2.069273708227
  1124 -2.069273708227
  1125 -2.069273708227
  1126 -2.069273708227
  1127 -2.069273708227
  1128 -2.069273708227
  1129 -2.069273708227
  1130 -2.069273708227
  1131 -2.069273708227
  1132 -2.069273708227
  1133 -2.069273708227
  1134 -2.069273708227
  1135 -2.069273708227
  1136 -2.069273708227
  1137 -2.069273708227
  1138 -2.069273708227
  1139 -2.069273708227
  1140 -2.069273708227
  1141 -2.069273708227
  1142 -2.069273708227
  1143 -2.069273708227
  1144 -2.069273708227
  1145 -2.069273708227
  1146 -2.069273708227
  1147 -2.069273708227
  1148 -2.069273708227
  1149 -2.069273708227
  1150 -2.069273708227
  1151 -2.069273708227
  1152 -2.069273708227
  1153 -2.069273708227
  1154 -2.069273708227
  1155 -2.069273708227
  1156 -2.069273708227
  1157 -2.069273708227
  1158 -2.069273708227
  1159 -2.069273708227
  1160 -2.069273708227
  1161 -2.069273708227
  1162 -2.069273708227
  1163 -2.069273708227
  1164 -2.069273708227
  1165 -2.069273708227
  1166 -2.069273708227
  1167 -2.069273708227
  1168 -2.069273708227
  1169 -2.069273708227
  1170 -2.069273708227
  1171 -2.069273708227
  1172 -2.069273708227
  1173 -2.069273708227
  1174 -2.069273708227
  1175 -2.069273708227
  1176 -2.069273708227
  1177 -2.069273708227
  1178 -2.069273708227
  1179 -2.069273708227
  1180 -2.069273708227
  1181 -2.069273708227
  1182 -2.069273708227
  1183 -2.069273708227
  1184 -2.069273708227
  1185 -2.069273708227
  1186 -2.069273708227
  1187 -2.069273708227
  1188 -2.069273708227
  1189 -2.069273708227
  1190 -2.069273708227
  1191 -2.069273708227
  1192 -2.069273708227
  1193 -2.069273708227
  1194 -2.069273708227
  1195 -2.069273708227
  1196 -2.069273708227
  1197 -2.069273708227
  1198 -2.069273708227
  1199 -2.069273708227
  1200 -2.069273708227
  1201 -2.069273708227
  1202 -2.069273708227
  1203 -2.069273708227
  1204 -2.069273708227
  1205 -2.069273708227
  1206 -2.069273708227
  1207 -2.069273708227
  1208 -2.069273708227
  1209 -2.069273708227
  1210 -2.069273708227
  1211 -2.069273708227
  1212 -2.069273708227
  1213 -2.069273708227
  1214 -2.069273708227
  1215 -2.069273708227
  1216 -2.069273708227
  1217 -2.069273708227
  1218 -2.069273708227
  1219 -2.069273708227
  1220 -2.069273708227
  1221 -2.069273708227
  1222 -2.069273708227
  1223 -2.069273708227
  1224 -2.069273708227
  1225 -2.069273708227
  1226 -2.069273708227
  1227 -2.069273708227
  1228 -2.069273708227
  1229 -2.069273708227
  1230 -2.069273708227
  1231 -2.069273708227
  1232 -2.069273708227
  1233 -2.069273708227
  1234 -2.069273708227
  1235 -2.069273708227
  1236 -2.069273708227
  1237 -2.069273708227
  1238 -2.069273708227
  1239 -2.069273708227
  1240 -2.069273708227
  1241 -2.069273708227
  1242 -2.069273708227
  1243 -2.069273708227
  1244 -2.069273708227
  1245 -2.069273708227
  1246 -2.069273708227
  1247 -2.069273708227
  1248 -2.069273708227
  1249 -2.069273708227
  1250 -2.069273708227
  1251 -2.069273708227
  1252 -2.069273708227
  1253 -2.069273708227
  1254 -2.069273708227
  1255 -2.069273708227
  1256 -2.069273708227
  1257 -2.069273708227
  1258 -2.069273708227
  1259 -2.069273708227
  1260 -2.069273708227
  1261 -2.069273708227
  1262 -2.069273708227
  1263 -2.069273708227
  1264 -2.069273708227
  1265 -2.069273708227
  1266 -2.069273708227
  1267 -2.069273708227
  1268 -2.069273708227
  1269 -2.069273708227
  1270 -2.069273708227
  1271 -2.069273708227
  1272 -2.069273708227
  1273 -2.069273708227
  1274 -2.069273708227
  1275 -2.069273708227
  1276 -2.069273708227
  1277 -2.069273708227
  1278 -2.069273708227
  1279 -2.069273708227
  1280 -2.069273708227
  1281 -2.069273708227
  1282 -2.069273708227
  1283 -2.069273708227
  1284 -2.069273708227
  1285 -2.069273708227
  1286 -2.069273708227
  1287 -2.069273708227
  1288 -2.069273708227
  1289 -2.069273708227
  1290 -2.069273708227
  1291 -2.069273708227
  1292 -2.069273708227
  1293 -2.069273708227
  1294 -2.069273708227
  1295 -2.069273708227
  1296 -2.069273708227
  1297 -2.069273708227
  1298 -2.069273708227
  1299 -2.069273708227
  1300 -2.069273708227
  1301 -2.069273708227
  1302 -2.069273708227
  1303 -2.069273708227
  1304 -2.069273708227
  1305 -2.069273708227
  1306 -2.069273708227
  1307 -2.069273708227
  1308 -2.069273708227
  1309 -2.069273708227
  1310 -2.069273708227
  1311 -2.069273708227
  1312 -2.069273708227
  1313 -2.069273708227
  1314 -2.069273708227
  1315 -2.069273708227
  1316 -2.069273708227
  1317 -2.069273708227
  1318 -2.069273708227
  1319 -2.069273708227
  1320 -2.069273708227
  1321 -2.069273708227
  1322 -2.069273708227
  1323 -2.069273708227
  1324 -2.069273708227
  1325 -2.069273708227
  1326 -2.069273708227
  1327 -2.069273708227
  1328 -2.069273708227
  1329 -2.069273708227
  1330 -2.069273708227
  1331 -2.069273708227
  1332 -2.069273708227
  1333 -2.069273708227
  1334 -2.069273708227
  1335 -2.069273708227
  1336 -2.069273708227
  1337 -2.069273708227
  1338 -2.069273708227
  1339 -2.069273708227
  1340 -2.069273708227
  1341 -2.069273708227
  1342 -2.069273708227
  1343 -2.069273708227
  1344 -2.069273708227
  1345 -2.069273708227
  1346 -2.069273708227
  1347 -2.069273708227
  1348 -2.069273708227
  1349 -2.069273708227
  1350 -2.069273708227
  1351 -2.069273708227
  1352 -2.069273708227
  1353 -2.069273708227
  1354 -2.069273708227
  1355 -2.069273708227
  1356 -2.069273708227
  1357 -2.069273708227
  1358 -2.069273708227
  1359 -2.069273708227
  1360 -2.069273708227
  1361 -2.069273708227
  1362 -2.069273708227
  1363 -2.069273708227
  1364 -2.069273708227
  1365 -2.069273708227
  1366 -2.069273708227
  1367 -2.069273708227
  1368 -2.069273708227
  1369 -2.069273708227
  1370 -2.069273708227
  1371 -2.069273708227
  1372 -2.069273708227
  1373 -2.069273708227
  1374 -2.069273708227
  1375 -2.069273708227
  1376 -2.069273708227
  1377 -2.069273708227
  1378 -2.069273708227
  1379 -2.069273708227
  1380 -2.069273708227
  1381 -2.069273708227
  1382 -2.069273708227
  1383 -2.069273708227
  1384 -2.069273708227
  1385 -2.069273708227
  1386 -2.069273708227
  1387 -2.069273708227
  1388 -2.069273708227
  1389 -2.069273708227
  1390 -2.069273708227
  1391 -2.069273708227
  1392 -2.069273708227
  1393 -2.069273708227
  1394 -2.069273708227
  1395 -2.069273708227
  1396 -2.069273708227
  1397 -2.069273708227
  1398 -2.069273708227
  1399 -2.069273708227
  1400 -2.069273708227
  1401 -2.069273708227
  1402 -2.069273708227
  1403 -2.069273708227
  1404 -2.069273708227
  1405 -2.069273708227
  1406 -2.069273708227
  1407 -2.069273708227
  1408 -2.069273708227
  1409 -2.069273708227
  1410 -2.069273708227
  1411 -2.069273708227
  1412 -2.069273708227
  1413 -2.069273708227
  1414 -2.069273708227
  1415 -2.069273708227
  1416 -2.069273708227
  1417 -2.069273708227
  1418 -2.069273708227
  1419 -2.069273708227
  1420 -2.069273708227
  1421 -2.069273708227
  1422 -2.069273708227
  1423 -2.069273708227
  1424 -2.069273708227
  1425 -2.069273708227
  1426 -2.069273708227
  1427 -2.069273708227
  1428 -2.069273708227
  1429 -2.069273708227
  1430 -2.069273708227
  1431 -2.069273708227
  1432 -2.069273708227
  1433 -2.069273708227
  1434 -2.069273708227
  1435 -2.069273708227
  1436 -2.069273708227
  1437 -2.069273708227
  1438 -2.069273708227
  1439 -2.069273708227
  1440 -2.069273708227
  1441 -2.069273708227
  1442 -2.069273708227
  1443 -2.069273708227
  1444 -2.069273708227
  1445 -2.069273708227
  1446 -2.069273708227
  1447 -2.069273708227
  1448 -2.069273708227
  1449 -2.069273708227
  1450 -2.069273708227
  1451 -2.069273708227
  1452 -2.069273708227
  1453 -2.069273708227
  1454 -2.069273708227
  1455 -2.069273708227
  1456 -2.069273708227
  1457 -2.069273708227
  1458 -2.069273708227
  1459 -2.069273708227
  1460 -2.069273708227
  1461 -2.069273708227
  1462 -2.069273708227
  1463 -2.069273708227
  1464 -2.069273708227
  1465 -2.069273708227
  1466 -2.069273708227
  1467 -2.069273708227
  1468 -2.069273708227
  1469 -2.069273708227
  1470 -2.069273708227
  1471 -2.069273708227
  1472 -2.069273708227
  1473 -2.069273708227
  1474 -2.069273708227
  1475 -2.069273708227
  1476 -2.069273708227
  1477 -2.069273708227
  1478 -2.069273708227
  1479 -2.069273708227
  1480 -2.069273708227
  1481 -2.069273708227
  1482 -2.069273708227
  1483 -2.069273708227
  1484 -2.069273708227
  1485 -2.069273708227
  1486 -2.069273708227
  1487 -2.069273708227
  1488 -2.069273708227
  1489 -2.069273708227
  1490 -2.069273708227
  1491 -2.069273708227
  1492 -2.069273708227
  1493 -2.069273708227
  1494 -2.069273708227
  1495 -2.069273708227
  1496 -2.069273708227
  1497 -2.069273708227
  1498 -2.069273708227
  1499 -2.069273708227
  1500 -2.069273708227
  1501 -2.069273708227
  1502 -2.069273708227
  1503 -2.069273708227
  1504 -2.069273708227
  1505 -2.069273708227
  1506 -2.069273708227
  1507 -2.069273708227
  1508 -2.069273708227
  1509 -2.069273708227
  1510 -2.069273708227
  1511 -2.069273708227
  1512 -2.069273708227
  1513 -2.069273708227
  1514 -2.069273708227
  1515 -2.069273708227
  1516 -2.069273708227
  1517 -2.069273708227
  1518 -2.069273708227
  1519 -2.069273708227
  1520 -2.069273708227
  1521 -2.069273708227
  1522 -2.069273708227
  1523 -2.069273708227
  1524 -2.069273708227
  1525 -2.069273708227
  1526 -2.069273708227
  1527 -2.069273708227
  1528 -2.069273708227
  1529 -2.069273708227
  1530 -2.069273708227
  1531 -2.069273708227
  1532 -2.069273708227
  1533 -2.069273708227
  1534 -2.069273708227
  1535 -2.069273708227
  1536 -2.069273708227
  1537 -2.069273708227
  1538 -2.069273708227
  1539 -2.069273708227
  1540 -2.069273708227
  1541 -2.069273708227
  1542 -2.069273708227
  1543 -2.069273708227
  1544 -2.069273708227
  1545 -2.069273708227
  1546 -2.069273708227
  1547 -2.069273708227
  1548 -2.069273708227
  1549 -2.069273708227
  1550 -2.069273708227
  1551 -2.069273708227
  1552 -2.069273708227
  1553 -2.069273708227
  1554 -2.069273708227
  1555 -2.069273708227
  1556 -2.069273708227
  1557 -2.069273708227
  1558 -2.069273708227
  1559 -2.069273708227
  1560 -2.069273708227
  1561 -2.069273708227
  1562 -2.069273708227
  1563 -2.069273708227
  1564 -2.069273708227
  1565 -2.069273708227
  1566 -2.069273708227
  1567 -2.069273708227
  1568 -2.069273708227
  1569 -2.069273708227
  1570 -2.069273708227
  1571 -2.069273708227
  1572 -2.069273708227
  1573 -2.069273708227
  1574 -2.069273708227
  1575 -2.069273708227
  1576 -2.069273708227
  1577 -2.069273708227
  1578 -2.069273708227
  1579 -2.069273708227
  1580 -2.069273708227
  1581 -2.069273708227
  1582 -2.069273708227
  1583 -2.069273708227
  1584 -2.069273708227
  1585 -2.069273708227
  1586 -2.069273708227
  1587 -2.069273708227
  1588 -2.069273708227
  1589 -2.069273708227
  1590 -2.069273708227
  1591 -2.069273708227
  1592 -2.069273708227
  1593 -2.069273708227
  1594 -2.069273708227
  1595 -2.069273708227
  1596 -2.069273708227
  1597 -2.069273708227
  1598 -2.069273708227
  1599 -2.069273708227
  1600 -2.069273708227
  1601 -2.069273708227
  1602 -2.069273708227
  1603 -2.069273708227
  1604 -2.069273708227
  1605 -2.069273708227
  1606 -2.069273708227
  1607 -2.069273708227
  1608 -2.069273708227
  1609 -2.069273708227
  1610 -2.069273708227
  1611 -2.069273708227
  1612 -2.069273708227
  1613 -2.069273708227
  1614 -2.069273708227
  1615 -2.069273708227
  1616 -2.069273708227
  1617 -2.069273708227
  1618 -2.069273708227
  1619 -2.069273708227
  1620 -2.069273708227
  1621 -2.069273708227
  1622 -2.069273708227
  1623 -2.069273708227
  1624 -2.069273708227
  1625 -2.069273708227
  1626 -2.069273708227
  1627 -2.069273708227
  1628 -2.069273708227
  1629 -2.069273708227
  1630 -2.069273708227
  1631 -2.069273708227
  1632 -2.069273708227
  1633 -2.069273708227
  1634 -2.069273708227
  1635 -2.069273708227
  1636 -2.069273708227
  1637 -2.069273708227
  1638 -2.069273708227
  1639 -2.069273708227
  1640 -2.069273708227
  1641 -2.069273708227
  1642 -2.069273708227
  1643 -2.069273708227
  1644 -2.069273708227
  1645 -2.069273708227
  1646 -2.069273708227
  1647 -2.069273708227
  1648 -2.069273708227
  1649 -2.069273708227
  1650 -2.069273708227
  1651 -2.069273708227
  1652 -2.069273708227
  1653 -2.069273708227
  1654 -2.069273708227
  1655 -2.069273708227
  1656 -2.069273708227
  1657 -2.069273708227
  1658 -2.069273708227
  1659 -2.069273708227
  1660 -2.069273708227
  1661 -2.069273708227
  1662 -2.069273708227
  1663 -2.069273708227
  1664 -2.069273708227
  1665 -2.069273708227
  1666 -2.069273708227
  1667 -2.069273708227
  1668 -2.069273708227
  1669 -2.069273708227
  1670 -2.069273708227
  1671 -2.069273708227
  1672 -2.069273708227
  1673 -2.069273708227
  1674 -2.069273708227
  1675 -2.069273708227
  1676 -2.069273708227
  1677 -2.069273708227
  1678 -2.069273708227
  1679 -2.069273708227
  1680 -2.069273708227
  1681 -2.069273708227
  1682 -2.069273708227
  1683 -2.069273708227
  1684 -2.069273708227
  1685 -2.069273708227
  1686 -2.069273708227
  1687 -2.069273708227
  1688 -2.069273708227
  1689 -2.069273708227
  1690 -2.069273708227
  1691 -2.069273708227
  1692 -2.069273708227
  1693 -2.069273708227
  1694 -2.069273708227
  1695 -2.069273708227
  1696 -2.069273708227
  1697 -2.069273708227
  1698 -2.069273708227
  1699 -2.069273708227
  1700 -2.069273708227
  1701 -2.069273708227
  1702 -2.069273708227
  1703 -2.069273708227
  1704 -2.069273708227
  1705 -2.069273708227
  1706 -2.069273708227
  1707 -2.069273708227
  1708 -2.069273708227
  1709 -2.069273708227
  1710 -2.069273708227
  1711 -2.069273708227
  1712 -2.069273708227
  1713 -2.069273708227
  1714 -2.069273708227
  1715 -2.069273708227
  1716 -2.069273708227
  1717 -2.069273708227
  1718 -2.069273708227
  1719 -2.069273708227
  1720 -2.069273708227
  1721 -2.069273708227
  1722 -2.069273708227
  1723 -2.069273708227
  1724 -2.069273708227
  1725 -2.069273708227
  1726 -2.069273708227
  1727 -2.069273708227
  1728 -2.069273708227
  1729 -2.069273708227
  1730 -2.069273708227
  1731 -2.069273708227
  1732 -2.069273708227
  1733 -2.069273708227
  1734 -2.069273708227
  1735 -2.069273708227
  1736 -2.069273708227
  1737 -2.069273708227
  1738 -2.069273708227
  1739 -2.069273708227
  1740 -2.069273708227
  1741 -2.069273708227
  1742 -2.069273708227
  1743 -2.069273708227
  1744 -2.069273708227
  1745 -2.069273708227
  1746 -2.069273708227
  1747 -2.069273708227
  1748 -2.069273708227
  1749 -2.069273708227
  1750 -2.069273708227
  1751 -2.069273708227
  1752 -2.069273708227
  1753 -2.069273708227
  1754 -2.069273708227
  1755 -2.069273708227
  1756 -2.069273708227
  1757 -2.069273708227
  1758 -2.069273708227
  1759 -2.069273708227
  1760 -2.069273708227
  1761 -2.069273708227
  1762 -2.069273708227
  1763 -2.069273708227
  1764 -2.069273708227
  1765 -2.069273708227
  1766 -2.069273708227
  1767 -2.069273708227
  1768 -2.069273708227
  1769 -2.069273708227
  1770 -2.069273708227
  1771 -2.069273708227
  1772 -2.069273708227
  1773 -2.069273708227
  1774 -2.069273708227
  1775 -2.069273708227
  1776 -2.069273708227
  1777 -2.069273708227
  1778 -2.069273708227
  1779 -2.069273708227
  1780 -2.069273708227
  1781 -2.069273708227
  1782 -2.069273708227
  1783 -2.069273708227
  1784 -2.069273708227
  1785 -2.069273708227
  1786 -2.069273708227
  1787 -2.069273708227
  1788 -2.069273708227
  1789 -2.069273708227
  1790 -2.069273708227
  1791 -2.069273708227
  1792 -2.069273708227
  1793 -2.069273708227
  1794 -2.069273708227
  1795 -2.069273708227
  1796 -2.069273708227
  1797 -2.069273708227
  1798 -2.069273708227
  1799 -2.069273708227
  1800 -2.069273708227
  1801 -2.069273708227
  1802 -2.069273708227
  1803 -2.069273708227
  1804 -2.069273708227
  1805 -2.069273708227
  1806 -2.069273708227
  1807 -2.069273708227
  1808 -2.069273708227
  1809 -2.069273708227
  1810 -2.069273708227
  1811 -2.069273708227
  1812 -2.069273708227
  1813 -2.069273708227
  1814 -2.069273708227
  1815 -2.069273708227
  1816 -2.069273708227
  1817 -2.069273708227
  1818 -2.069273708227
  1819 -2.069273708227
  1820 -2.069273708227
  1821 -2.069273708227
  1822 -2.069273708227
  1823 -2.069273708227
  1824 -2.069273708227
  1825 -2.069273708227
  1826 -2.069273708227
  1827 -2.069273708227
  1828 -2.069273708227
  1829 -2.069273708227
  1830 -2.069273708227
  1831 -2.069273708227
  1832 -2.069273708227
  1833 -2.069273708227
  1834 -2.069273708227
  1835 -2.069273708227
  1836 -2.069273708227
  1837 -2.069273708227
  1838 -2.069273708227
  1839 -2.069273708227
  1840 -2.069273708227
  1841 -2.069273708227
  1842 -2.069273708227
  1843 -2.069273708227
  1844 -2.069273708227
  1845 -2.069273708227
  1846 -2.069273708227
  1847 -2.069273708227
  1848 -2.069273708227
  1849 -2.069273708227
  1850 -2.069273708227
  1851 -2.069273708227
  1852 -2.069273708227
  1853 -2.069273708227
  1854 -2.069273708227
  1855 -2.069273708227
  1856 -2.069273708227
  1857 -2.069273708227
  1858 -2.069273708227
  1859 -2.069273708227
  1860 -2.069273708227
  1861 -2.069273708227
  1862 -2.069273708227
  1863 -2.069273708227
  1864 -2.069273708227
  1865 -2.069273708227
  1866 -2.069273708227
  1867 -2.069273708227
  1868 -2.069273708227
  1869 -2.069273708227
  1870 -2.069273708227
  1871 -2.069273708227
  1872 -2.069273708227
  1873 -2.069273708227
  1874 -2.069273708227
  1875 -2.069273708227
  1876 -2.069273708227
  1877 -2.069273708227
  1878 -2.069273708227
  1879 -2.069273708227
  1880 -2.069273708227
  1881 -2.069273708227
  1882 -2.069273708227
  1883 -2.069273708227
  1884 -2.069273708227
  1885 -2.069273708227
  1886 -2.069273708227
  1887 -2.069273708227
  1888 -2.069273708227
  1889 -2.069273708227
  1890 -2.069273708227
  1891 -2.069273708227
  1892 -2.069273708227
  1893 -2.069273708227
  1894 -2.069273708227
  1895 -2.069273708227
  1896 -2.069273708227
  1897 -2.069273708227
  1898 -2.069273708227
  1899 -2.069273708227
  1900 -2.069273708227
  1901 -2.069273708227
  1902 -2.069273708227
  1903 -2.069273708227
  1904 -2.069273708227
  1905 -2.069273708227
  1906 -2.069273708227
  1907 -2.069273708227
  1908 -2.069273708227
  1909 -2.069273708227
  1910 -2.069273708227
  1911 -2.069273708227
  1912 -2.069273708227
  1913 -2.069273708227
  1914 -2.069273708227
  1915 -2.069273708227
  1916 -2.069273708227
  1917 -2.069273708227
  1918 -2.069273708227
  1919 -2.069273708227
  1920 -2.069273708227
  1921 -2.069273708227
  1922 -2.069273708227
  1923 -2.069273708227
  1924 -2.069273708227
  1925 -2.069273708227
  1926 -2.069273708227
  1927 -2.069273708227
  1928 -2.069273708227
  1929 -2.069273708227
  1930 -2.069273708227
  1931 -2.069273708227
  1932 -2.069273708227
  1933 -2.069273708227
  1934 -2.069273708227
  1935 -2.069273708227
  1936 -2.069273708227
  1937 -2.069273708227
  1938 -2.069273708227
  1939 -2.069273708227
  1940 -2.069273708227
  1941 -2.069273708227
  1942 -2.069273708227
  1943 -2.069273708227
  1944 -2.069273708227
  1945 -2.069273708227
  1946 -2.069273708227
  1947 -2.069273708227
  1948 -2.069273708227
  1949 -2.069273708227
  1950 -2.069273708227
  1951 -2.069273708227
  1952 -2.069273708227
  1953 -2.069273708227
  1954 -2.069273708227
  1955 -2.069273708227
  1956 -2.069273708227
  1957 -2.069273708227
  1958 -2.069273708227
  1959 -2.069273708227
  1960 -2.069273708227
  1961 -2.069273708227
  1962 -2.069273708227
  1963 -2.069273708227
  1964 -2.069273708227
  1965 -2.069273708227
  1966 -2.069273708227
  1967 -2.069273708227
  1968 -2.069273708227
  1969 -2.069273708227
  1970 -2.069273708227
  1971 -2.069273708227
  1972 -2.069273708227
  1973 -2.069273708227
  1974 -2.069273708227
  1975 -2.069273708227
  1976 -2.069273708227
  1977 -2.069273708227
  1978 -2.069273708227
  1979 -2.069273708227
  1980 -2.069273708227
  1981 -2.069273708227
  1982 -2.069273708227
  1983 -2.069273708227
  1984 -2.069273708227
  1985 -2.069273708227
  1986 -2.069273708227
  1987 -2.069273708227
  1988 -2.069273708227
  1989 -2.069273708227
  1990 -2.069273708227
  1991 -2.069273708227
  1992 -2.069273708227
  1993 -2.069273708227
  1994 -2.069273708227
  1995 -2.069273708227
  1996 -2.069273708227
  1997 -2.069273708227
  1998 -2.069273708227
  1999 -2.069273708227
  2000 -2.069273708227
