     1 -0.938200317897
     2 -1.063069866607
     3 -1.095410457303
     4 -1.090768462872
     5 -1.081181275409
     6 -1.073353149072
     7 -1.067871450134
     8 -1.064211955810
     9 -1.061813345196
    10 -1.060253719701
    11 -1.059243503248
    12 -1.058590440732
    13 -1.058168711156
    14 -1.057896538722
    15 -1.057720960316
    16 -1.057607720216
    17 -1.057534682945
    18 -1.057487584274
    19 -1.057457219747
    20 -1.057437648151
    21 -1.057425022551
    22 -1.057416882403
    23 -1.057411632771
    24 -1.057408250660
    25 -1.057406071110
    26 -1.057404658715
    27 -1.057403758239
    28 -1.057403180448
    29 -1.057402798981
    30 -1.057402554144
    31 -1.057402399990
    32 -1.057402297945
    33 -1.057402225686
    34 -1.057402186000
    35 -1.057402158355
    36 -1.057402151328
    37 -1.057402135627
    38 -1.057402130087
    39 -1.057402120253
    40 -1.057402125057
    41 -1.057402110913
    42 -1.057402111303
    43 -1.057402111874
    44 -1.057402112427
    45 -1.057402112971
    46 -1.057402113505
    47 -1.057402114030
    48 -1.057402114545
    49 -1.057402115051
    50 -1.057402115549
    51 -1.182441555482
    52 -1.070057039766
    53 -1.055345095126
    54 -1.053928380034
    55 -1.054352114335
    56 -1.055013181562
    57 -1.055674463791
    58 -1.056189321943
    59 -1.056564443051
    60 -1.056829085286
    61 -1.057012686622
    62 -1.057138815638
    63 -1.057224838312
    64 -1.057283183823
    65 -1.057322575242
    66 -1.057349075003
    67 -1.057366839042
    68 -1.057378696182
    69 -1.057386602834
    70 -1.057391856532
    71 -1.057395344269
    72 -1.057397646466
    73 -1.057399174035
    74 -1.057400177263
    75 -1.057400841892
    76 -1.057401281887
    77 -1.057401566888
    78 -1.057401754931
    79 -1.057401870920
    80 -1.057401958342
    81 -1.057402013292
    82 -1.057402045041
    83 -1.057402069459
    84 -1.057402080289
    85 -1.057402099598
    86 -1.057402108546
    87 -1.057402102600
    88 -1.057402106058
    89 -1.057402102285
    90 -1.057402107986
    91 -1.057402106434
    92 -1.057402104806
    93 -1.057402112729
    94 -1.057402113363
    95 -1.057402113890
    96 -1.057402114410
    97 -1.057402114919
    98 -1.057402115420
    99 -1.057402115911
   100 -1.057402116393
   101 -1.176169968890
   102 -1.060978115422
   103 -1.054561957565
   104 -1.050214094131
   105 -1.050766537701
   106 -1.052450584135
   107 -1.053962575800
   108 -1.055082610196
   109 -1.055858856860
   110 -1.056381850123
   111 -1.056729893631
   112 -1.056960094125
   113 -1.057111863127
   114 -1.057211719196
   115 -1.057277324964
   116 -1.057320391990
   117 -1.057348625624
   118 -1.057367134035
   119 -1.057379249932
   120 -1.057387175816
   121 -1.057392354702
   122 -1.057395744937
   123 -1.057397961565
   124 -1.057399400593
   125 -1.057400351454
   126 -1.057400964449
   127 -1.057401370137
   128 -1.057401633665
   129 -1.057401798133
   130 -1.057401898645
   131 -1.057401972801
   132 -1.057402018308
   133 -1.057402055853
   134 -1.057402076931
   135 -1.057402091809
   136 -1.057402096262
   137 -1.057402104975
   138 -1.057402108553
   139 -1.057402104717
   140 -1.057402110369
   141 -1.057402108770
   142 -1.057402107098
   143 -1.057402105457
   144 -1.057402113364
   145 -1.057402113985
   146 -1.057402114499
   147 -1.057402115007
   148 -1.057402115506
   149 -1.057402115995
   150 -1.057402116476
   151 -1.145531759170
   152 -1.070326252227
   153 -1.044938358808
   154 -1.041987106226
   155 -1.044681719804
   156 -1.048109712420
   157 -1.050867011649
   158 -1.052886732384
   159 -1.054312722552
   160 -1.055302038463
   161 -1.055981975220
   162 -1.056445871730
   163 -1.056760607537
   164 -1.056973116457
   165 -1.057116020621
   166 -1.057211765342
   167 -1.057275740852
   168 -1.057318374772
   169 -1.057346705447
   170 -1.057365502717
   171 -1.057377963784
   172 -1.057386198660
   173 -1.057391638220
   174 -1.057395224876
   175 -1.057397586702
   176 -1.057399140076
   177 -1.057400169276
   178 -1.057400836955
   179 -1.057401281076
   180 -1.057401567603
   181 -1.057401751297
   182 -1.057401882842
   183 -1.057401962252
   184 -1.057402016593
   185 -1.057402048027
   186 -1.057402062714
   187 -1.057402080718
   188 -1.057402100060
   189 -1.057402108964
   190 -1.057402102992
   191 -1.057402106432
   192 -1.057402102645
   193 -1.057402108337
   194 -1.057402106775
   195 -1.057402105141
   196 -1.057402113057
   197 -1.057402113685
   198 -1.057402114205
   199 -1.057402114719
   200 -1.057402115224
   201 -1.163436022269
   202 -1.043444260182
   203 -1.043332852708
   204 -1.042379411140
   205 -1.047272063814
   206 -1.050316057854
   207 -1.052653047662
   208 -1.054230203854
   209 -1.055296596774
   210 -1.056007911499
   211 -1.056480779669
   212 -1.056794196969
   213 -1.057001526195
   214 -1.057138457586
   215 -1.057228775012
   216 -1.057288260110
   217 -1.057327401931
   218 -1.057353133890
   219 -1.057370025620
   220 -1.057381103764
   221 -1.057388365314
   222 -1.057393120797
   223 -1.057396240973
   224 -1.057398271788
   225 -1.057399604926
   226 -1.057400481485
   227 -1.057401047445
   228 -1.057401413183
   229 -1.057401652716
   230 -1.057401818147
   231 -1.057401915267
   232 -1.057401981439
   233 -1.057402033535
   234 -1.057402058665
   235 -1.057402081818
   236 -1.057402098915
   237 -1.057402105534
   238 -1.057402097328
   239 -1.057402108098
   240 -1.057402104370
   241 -1.057402110025
   242 -1.057402108432
   243 -1.057402106767
   244 -1.057402105132
   245 -1.057402113045
   246 -1.057402113671
   247 -1.057402114191
   248 -1.057402114704
   249 -1.057402115208
   250 -1.057402115703
   251 -1.177952059832
   252 -1.036236952863
   253 -1.039801089014
   254 -1.044235883444
   255 -1.048732256107
   256 -1.051773362144
   257 -1.053740463935
   258 -1.055021467776
   259 -1.055852943744
   260 -1.056393383626
   261 -1.056745143052
   262 -1.056974233833
   263 -1.057123491203
   264 -1.057220737029
   265 -1.057284085758
   266 -1.057325338875
   267 -1.057352187017
   268 -1.057369662932
   269 -1.057381018034
   270 -1.057388414778
   271 -1.057393212684
   272 -1.057396332655
   273 -1.057398363884
   274 -1.057399681349
   275 -1.057400531993
   276 -1.057401093878
   277 -1.057401443588
   278 -1.057401679694
   279 -1.057401838927
   280 -1.057401926338
   281 -1.057401998038
   282 -1.057402037066
   283 -1.057402063870
   284 -1.057402079474
   285 -1.057402096380
   286 -1.057402102960
   287 -1.057402104267
   288 -1.057402107735
   289 -1.057402103897
   290 -1.057402109551
   291 -1.057402107959
   292 -1.057402106297
   293 -1.057402104667
   294 -1.057402112586
   295 -1.057402113219
   296 -1.057402113746
   297 -1.057402114267
   298 -1.057402114779
   299 -1.057402115281
   300 -1.057402115774
   301 -1.194514797410
   302 -1.087860688584
   303 -1.046121070592
   304 -1.040030845366
   305 -1.043335739181
   306 -1.047202965109
   307 -1.050375182057
   308 -1.052660310695
   309 -1.054235897532
   310 -1.055299959422
   311 -1.056011199763
   312 -1.056483898688
   313 -1.056796970525
   314 -1.057003818534
   315 -1.057140257335
   316 -1.057230124460
   317 -1.057289236193
   318 -1.057328093248
   319 -1.057353611144
   320 -1.057370343883
   321 -1.057381323716
   322 -1.057388506090
   323 -1.057393220423
   324 -1.057396302586
   325 -1.057398314898
   326 -1.057399634092
   327 -1.057400501765
   328 -1.057401065227
   329 -1.057401426997
   330 -1.057401670257
   331 -1.057401820621
   332 -1.057401917354
   333 -1.057401983407
   334 -1.057402035419
   335 -1.057402060489
   336 -1.057402083596
   337 -1.057402091132
   338 -1.057402095509
   339 -1.057402104241
   340 -1.057402107833
   341 -1.057402104011
   342 -1.057402109676
   343 -1.057402108090
   344 -1.057402106431
   345 -1.057402104802
   346 -1.057402112721
   347 -1.057402113353
   348 -1.057402113878
   349 -1.057402114398
   350 -1.057402114907
   351 -1.057402115407
   352 -1.057402115898
   353 -1.057402116381
   354 -1.057402116854
   355 -1.057402117319
   356 -1.057402117776
   357 -1.057402118225
   358 -1.057402118665
   359 -1.057402119098
   360 -1.057402119523
   361 -1.057402119941
   362 -1.057402120351
   363 -1.057402120753
   364 -1.057402111627
   365 -1.057402109807
   366 -1.057402108115
   367 -1.057402106448
   368 -1.057402104812
   369 -1.057402112726
   370 -1.057402113355
   371 -1.057402113879
   372 -1.057402114397
   373 -1.057402114906
   374 -1.057402115405
   375 -1.057402115896
   376 -1.057402116378
   377 -1.057402116852
   378 -1.057402117317
   379 -1.057402117774
   380 -1.057402118222
   381 -1.057402118663
   382 -1.057402119096
   383 -1.057402119521
   384 -1.057402119938
   385 -1.057402120348
   386 -1.057402120751
   387 -1.057402111625
   388 -1.057402109805
   389 -1.057402108113
   390 -1.057402106446
   391 -1.057402104810
   392 -1.057402112724
   393 -1.057402113353
   394 -1.057402113877
   395 -1.057402114395
   396 -1.057402114904
   397 -1.057402115404
   398 -1.057402115894
   399 -1.057402116376
   400 -1.057402116850
   401 -1.057402117315
   402 -1.057402117772
   403 -1.057402118221
   404 -1.057402118661
   405 -1.057402119094
   406 -1.057402119519
   407 -1.057402119937
   408 -1.057402120347
   409 -1.057402120750
   410 -1.057402111623
   411 -1.057402109804
   412 -1.057402108111
   413 -1.057402106445
   414 -1.057402104808
   415 -1.057402112723
   416 -1.057402113352
   417 -1.057402113876
   418 -1.057402114394
   419 -1.057402114903
   420 -1.057402115402
   421 -1.057402115893
   422 -1.057402116375
   423 -1.057402116849
   424 -1.057402117314
   425 -1.057402117771
   426 -1.057402118219
   427 -1.057402118660
   428 -1.057402119093
   429 -1.057402119518
   430 -1.057402119936
   431 -1.057402120346
   432 -1.057402120749
   433 -1.057402111622
   434 -1.057402109803
   435 -1.057402108110
   436 -1.057402106444
   437 -1.057402104807
   438 -1.057402112722
   439 -1.057402113351
   440 -1.057402113875
   441 -1.057402114393
   442 -1.057402114902
   443 -1.057402115402
   444 -1.057402115892
   445 -1.057402116375
   446 -1.057402116848
   447 -1.057402117313
   448 -1.057402117770
   449 -1.057402118219
   450 -1.057402118659
   451 -1.057402119092
   452 -1.057402119517
   453 -1.057402119935
   454 -1.057402120345
   455 -1.057402120748
   456 -1.057402111622
   457 -1.057402109802
   458 -1.057402108110
   459 -1.057402106443
   460 -1.057402104807
   461 -1.057402112721
   462 -1.057402113351
   463 -1.057402113874
   464 -1.057402114392
   465 -1.057402114901
   466 -1.057402115401
   467 -1.057402115892
   468 -1.057402116374
   469 -1.057402116848
   470 -1.057402117313
   471 -1.057402117770
   472 -1.057402118218
   473 -1.057402118659
   474 -1.057402119092
   475 -1.057402119517
   476 -1.057402119935
   477 -1.057402120345
   478 -1.057402120748
   479 -1.057402111621
   480 -1.057402109802
   481 -1.057402108109
   482 -1.057402106443
   483 -1.057402104806
   484 -1.057402112721
   485 -1.057402113350
   486 -1.057402113874
   487 -1.057402114392
   488 -1.057402114901
   489 -1.057402115401
   490 -1.057402115892
   491 -1.057402116374
   492 -1.057402116847
   493 -1.057402117312
   494 -1.057402117769
   495 -1.057402118218
   496 -1.057402118659
   497 -1.057402119092
   498 -1.057402119517
   499 -1.057402119934
   500 -1.057402120345
   501 -1.057402120747
   502 -1.057402111621
   503 -1.057402109802
   504 -1.057402108109
   505 -1.057402106443
   506 -1.057402104806
   507 -1.057402112721
   508 -1.057402113350
   509 -1.057402113874
   510 -1.057402114392
   511 -1.057402114901
   512 -1.057402115400
   513 -1.057402115891
   514 -1.057402116373
   515 -1.057402116847
   516 -1.057402117312
   517 -1.057402117769
   518 -1.057402118218
   519 -1.057402118658
   520 -1.057402119091
   521 -1.057402119517
   522 -1.057402119934
   523 -1.057402120344
   524 -1.057402120747
   525 -1.057402111621
   526 -1.057402109801
   527 -1.057402108109
   528 -1.057402106442
   529 -1.057402104806
   530 -1.057402112721
   531 -1.057402113350
   532 -1.057402113873
   533 -1.057402114392
   534 -1.057402114900
   535 -1.057402115400
   536 -1.057402115891
   537 -1.057402116373
   538 -1.057402116847
   539 -1.057402117312
   540 -1.057402117769
   541 -1.057402118218
   542 -1.057402118658
   543 -1.057402119091
   544 -1.057402119516
   545 -1.057402119934
   546 -1.057402120344
   547 -1.057402120747
   548 -1.057402111621
   549 -1.057402109801
   550 -1.057402108109
   551 -1.057402106442
   552 -1.057402104806
   553 -1.057402112721
   554 -1.057402113350
   555 -1.057402113873
   556 -1.057402114392
   557 -1.057402114900
   558 -1.057402115400
   559 -1.057402115891
   560 -1.057402116373
   561 -1.057402116847
   562 -1.057402117312
   563 -1.057402117769
   564 -1.057402118218
   565 -1.057402118658
   566 -1.057402119091
   567 -1.057402119516
   568 -1.057402119934
   569 -1.057402120344
   570 -1.057402120747
   571 -1.057402111621
   572 -1.057402109801
   573 -1.057402108109
   574 -1.057402106442
   575 -1.057402104806
   576 -1.057402112720
   577 -1.057402113350
   578 -1.057402113873
   579 -1.057402114391
   580 -1.057402114900
   581 -1.057402115400
   582 -1.057402115891
   583 -1.057402116373
   584 -1.057402116847
   585 -1.057402117312
   586 -1.057402117769
   587 -1.057402118217
   588 -1.057402118658
   589 -1.057402119091
   590 -1.057402119516
   591 -1.057402119934
   592 -1.057402120344
   593 -1.057402120747
   594 -1.057402111620
   595 -1.057402109801
   596 -1.057402108109
   597 -1.057402106442
   598 -1.057402104806
   599 -1.057402112720
   600 -1.057402113350
   601 -1.057402113873
   602 -1.057402114391
   603 -1.057402114900
   604 -1.057402115400
   605 -1.057402115891
   606 -1.057402116373
   607 -1.057402116847
   608 -1.057402117312
   609 -1.057402117769
   610 -1.057402118217
   611 -1.057402118658
   612 -1.057402119091
   613 -1.057402119516
   614 -1.057402119934
   615 -1.057402120344
   616 -1.057402120747
   617 -1.057402111620
   618 -1.057402109801
   619 -1.057402108109
   620 -1.057402106442
   621 -1.057402104806
   622 -1.057402112720
   623 -1.057402113350
   624 -1.057402113873
   625 -1.057402114391
   626 -1.057402114900
   627 -1.057402115400
   628 -1.057402115891
   629 -1.057402116373
   630 -1.057402116847
   631 -1.057402117312
   632 -1.057402117769
   633 -1.057402118217
   634 -1.057402118658
   635 -1.057402119091
   636 -1.057402119516
   637 -1.057402119934
   638 -1.057402120344
   639 -1.057402120747
   640 -1.057402111620
   641 -1.057402109801
   642 -1.057402108109
   643 -1.057402106442
   644 -1.057402104806
   645 -1.057402112720
   646 -1.057402113350
   647 -1.057402113873
   648 -1.057402114391
   649 -1.057402114900
   650 -1.057402115400
   651 -1.057402115891
   652 -1.057402116373
   653 -1.057402116847
   654 -1.057402117312
   655 -1.057402117769
   656 -1.057402118217
   657 -1.057402118658
   658 -1.057402119091
   659 -1.057402119516
   660 -1.057402119934
   661 -1.057402120344
   662 -1.057402120747
   663 -1.057402111620
   664 -1.057402109801
   665 -1.057402108109
   666 -1.057402106442
   667 -1.057402104806
   668 -1.057402112720
   669 -1.057402113349
   670 -1.057402113873
   671 -1.057402114391
   672 -1.057402114900
   673 -1.057402115400
   674 -1.057402115891
   675 -1.057402116373
   676 -1.057402116847
   677 -1.057402117312
   678 -1.057402117769
   679 -1.057402118217
   680 -1.057402118658
   681 -1.057402119091
   682 -1.057402119516
   683 -1.057402119934
   684 -1.057402120344
   685 -1.057402120747
   686 -1.057402111620
   687 -1.057402109801
   688 -1.057402108109
   689 -1.057402106442
   690 -1.057402104806
   691 -1.057402112720
   692 -1.057402113349
   693 -1.057402113873
   694 -1.057402114391
   695 -1.057402114900
   696 -1.057402115400
   697 -1.057402115891
   698 -1.057402116373
   699 -1.057402116847
   700 -1.057402117312
   701 -1.057402117769
   702 -1.057402118217
   703 -1.057402118658
   704 -1.057402119091
   705 -1.057402119516
   706 -1.057402119934
   707 -1.057402120344
   708 -1.057402120747
   709 -1.057402111620
   710 -1.057402109801
   711 -1.057402108109
   712 -1.057402106442
   713 -1.057402104806
   714 -1.057402112720
   715 -1.057402113349
   716 -1.057402113873
   717 -1.057402114391
   718 -1.057402114900
   719 -1.057402115400
   720 -1.057402115891
   721 -1.057402116373
   722 -1.057402116847
   723 -1.057402117312
   724 -1.057402117769
   725 -1.057402118217
   726 -1.057402118658
   727 -1.057402119091
   728 -1.057402119516
   729 -1.057402119934
   730 -1.057402120344
   731 -1.057402120747
   732 -1.057402111620
   733 -1.057402109801
   734 -1.057402108109
   735 -1.057402106442
   736 -1.057402104806
   737 -1.057402112720
   738 -1.057402113349
   739 -1.057402113873
   740 -1.057402114391
   741 -1.057402114900
   742 -1.057402115400
   743 -1.057402115891
   744 -1.057402116373
   745 -1.057402116847
   746 -1.057402117312
   747 -1.057402117769
   748 -1.057402118217
   749 -1.057402118658
   750 -1.057402119091
   751 -1.057402119516
   752 -1.057402119934
   753 -1.057402120344
   754 -1.057402120747
   755 -1.057402111620
   756 -1.057402109801
   757 -1.057402108109
   758 -1.057402106442
   759 -1.057402104806
   760 -1.057402112720
   761 -1.057402113349
   762 -1.057402113873
   763 -1.057402114391
   764 -1.057402114900
   765 -1.057402115400
   766 -1.057402115891
   767 -1.057402116373
   768 -1.057402116847
   769 -1.057402117312
   770 -1.057402117769
   771 -1.057402118217
   772 -1.057402118658
   773 -1.057402119091
   774 -1.057402119516
   775 -1.057402119934
   776 -1.057402120344
   777 -1.057402120747
   778 -1.057402111620
   779 -1.057402109801
   780 -1.057402108109
   781 -1.057402106442
   782 -1.057402104806
   783 -1.057402112720
   784 -1.057402113349
   785 -1.057402113873
   786 -1.057402114391
   787 -1.057402114900
   788 -1.057402115400
   789 -1.057402115891
   790 -1.057402116373
   791 -1.057402116847
   792 -1.057402117312
   793 -1.057402117769
   794 -1.057402118217
   795 -1.057402118658
   796 -1.057402119091
   797 -1.057402119516
   798 -1.057402119934
   799 -1.057402120344
   800 -1.057402120747
   801 -1.057402111620
   802 -1.057402109801
   803 -1.057402108109
   804 -1.057402106442
   805 -1.057402104806
   806 -1.057402112720
   807 -1.057402113349
   808 -1.057402113873
   809 -1.057402114391
   810 -1.057402114900
   811 -1.057402115400
   812 -1.057402115891
   813 -1.057402116373
   814 -1.057402116847
   815 -1.057402117312
   816 -1.057402117769
   817 -1.057402118217
   818 -1.057402118658
   819 -1.057402119091
   820 -1.057402119516
   821 -1.057402119934
   822 -1.057402120344
   823 -1.057402120747
   824 -1.057402111620
   825 -1.057402109801
   826 -1.057402108109
   827 -1.057402106442
   828 -1.057402104806
   829 -1.057402112720
   830 -1.057402113349
   831 -1.057402113873
   832 -1.057402114391
   833 -1.057402114900
   834 -1.057402115400
   835 -1.057402115891
   836 -1.057402116373
   837 -1.057402116847
   838 -1.057402117312
   839 -1.057402117769
   840 -1.057402118217
   841 -1.057402118658
   842 -1.057402119091
   843 -1.057402119516
   844 -1.057402119934
   845 -1.057402120344
   846 -1.057402120747
   847 -1.057402111620
   848 -1.057402109801
   849 -1.057402108109
   850 -1.057402106442
   851 -1.057402104806
   852 -1.057402112720
   853 -1.057402113349
   854 -1.057402113873
   855 -1.057402114391
   856 -1.057402114900
   857 -1.057402115400
   858 -1.057402115891
   859 -1.057402116373
   860 -1.057402116847
   861 -1.057402117312
   862 -1.057402117769
   863 -1.057402118217
   864 -1.057402118658
   865 -1.057402119091
   866 -1.057402119516
   867 -1.057402119934
   868 -1.057402120344
   869 -1.057402120747
   870 -1.057402111620
   871 -1.057402109801
   872 -1.057402108109
   873 -1.057402106442
   874 -1.057402104806
   875 -1.057402112720
   876 -1.057402113349
   877 -1.057402113873
   878 -1.057402114391
   879 -1.057402114900
   880 -1.057402115400
   881 -1.057402115891
   882 -1.057402116373
   883 -1.057402116847
   884 -1.057402117312
   885 -1.057402117769
   886 -1.057402118217
   887 -1.057402118658
   888 -1.057402119091
   889 -1.057402119516
   890 -1.057402119934
   891 -1.057402120344
   892 -1.057402120747
   893 -1.057402111620
   894 -1.057402109801
   895 -1.057402108109
   896 -1.057402106442
   897 -1.057402104806
   898 -1.057402112720
   899 -1.057402113349
   900 -1.057402113873
   901 -1.057402114391
   902 -1.057402114900
   903 -1.057402115400
   904 -1.057402115891
   905 -1.057402116373
   906 -1.057402116847
   907 -1.057402117312
   908 -1.057402117769
   909 -1.057402118217
   910 -1.057402118658
   911 -1.057402119091
   912 -1.057402119516
   913 -1.057402119934
   914 -1.057402120344
   915 -1.057402120747
   916 -1.057402111620
   917 -1.057402109801
   918 -1.057402108109
   919 -1.057402106442
   920 -1.057402104806
   921 -1.057402112720
   922 -1.057402113349
   923 -1.057402113873
   924 -1.057402114391
   925 -1.057402114900
   926 -1.057402115400
   927 -1.057402115891
   928 -1.057402116373
   929 -1.057402116847
   930 -1.057402117312
   931 -1.057402117769
   932 -1.057402118217
   933 -1.057402118658
   934 -1.057402119091
   935 -1.057402119516
   936 -1.057402119934
   937 -1.057402120344
   938 -1.057402120747
   939 -1.057402111620
   940 -1.057402109801
   941 -1.057402108109
   942 -1.057402106442
   943 -1.057402104806
   944 -1.057402112720
   945 -1.057402113349
   946 -1.057402113873
   947 -1.057402114391
   948 -1.057402114900
   949 -1.057402115400
   950 -1.057402115891
   951 -1.057402116373
   952 -1.057402116847
   953 -1.057402117312
   954 -1.057402117769
   955 -1.057402118217
   956 -1.057402118658
   957 -1.057402119091
   958 -1.057402119516
   959 -1.057402119934
   960 -1.057402120344
   961 -1.057402120747
   962 -1.057402111620
   963 -1.057402109801
   964 -1.057402108109
   965 -1.057402106442
   966 -1.057402104806
   967 -1.057402112720
   968 -1.057402113349
   969 -1.057402113873
   970 -1.057402114391
   971 -1.057402114900
   972 -1.057402115400
   973 -1.057402115891
   974 -1.057402116373
   975 -1.057402116847
   976 -1.057402117312
   977 -1.057402117769
   978 -1.057402118217
   979 -1.057402118658
   980 -1.057402119091
   981 -1.057402119516
   982 -1.057402119934
   983 -1.057402120344
   984 -1.057402120747
   985 -1.057402111620
   986 -1.057402109801
   987 -1.057402108109
   988 -1.057402106442
   989 -1.057402104806
   990 -1.057402112720
   991 -1.057402113349
   992 -1.057402113873
   993 -1.057402114391
   994 -1.057402114900
   995 -1.057402115400
   996 -1.057402115891
   997 -1.057402116373
   998 -1.057402116847
   999 -1.057402117312
  1000 -1.057402117769
