     1 -1.056462298918
     2 -1.195617897584
     3 -1.203080696895
     4 -1.185427862058
     5 -1.173238328761
     6 -1.166739129397
     7 -1.163430528038
     8 -1.161755294178
     9 -1.160905331167
    10 -1.160473066119
    11 -1.160252891732
    12 -1.160140644018
    13 -1.160083397464
    14 -1.160054187513
    15 -1.160039281756
    16 -1.160031675920
    17 -1.160027798168
    18 -1.160025814867
    19 -1.160024809097
    20 -1.160024291824
    21 -1.160024029819
    22 -1.160023893288
    23 -1.160023826070
    24 -1.160023793223
    25 -1.160023777377
    26 -1.160023769892
    27 -1.160023758332
    28 -1.160023760049
    29 -1.160023761285
    30 -1.160023762221
    31 -1.160023754781
    32 -1.160023754414
    33 -1.160023754103
    34 -1.160023753865
    35 -1.160023753685
    36 -1.160023753548
    37 -1.160023753444
    38 -1.160023753365
    39 -1.160023753305
    40 -1.160023753259
    41 -1.160023753224
    42 -1.160023753198
    43 -1.160023753178
    44 -1.160023753163
    45 -1.160023753151
    46 -1.160023753143
    47 -1.160023753136
    48 -1.160023753131
    49 -1.160023753127
    50 -1.160023753124
    51 -1.239177052803
    52 -1.206419084202
    53 -1.142190758702
    54 -1.141449936895
    55 -1.144433053838
    56 -1.150951323745
    57 -1.155043062901
    58 -1.157400989853
    59 -1.158661336606
    60 -1.159321142335
    61 -1.159662719593
    62 -1.159838629929
    63 -1.159928954102
    64 -1.159975254980
    65 -1.159998958635
    66 -1.160011081805
    67 -1.160017284691
    68 -1.160020451501
    69 -1.160022071366
    70 -1.160022889444
    71 -1.160023313708
    72 -1.160023529866
    73 -1.160023639919
    74 -1.160023701999
    75 -1.160023724983
    76 -1.160023743827
    77 -1.160023753516
    78 -1.160023750445
    79 -1.160023756335
    80 -1.160023755526
    81 -1.160023754945
    82 -1.160023754505
    83 -1.160023754170
    84 -1.160023753917
    85 -1.160023753724
    86 -1.160023753577
    87 -1.160023753466
    88 -1.160023753382
    89 -1.160023753317
    90 -1.160023753269
    91 -1.160023753232
    92 -1.160023753204
    93 -1.160023753182
    94 -1.160023753166
    95 -1.160023753154
    96 -1.160023753145
    97 -1.160023753137
    98 -1.160023753132
    99 -1.160023753128
   100 -1.160023753125
   101 -1.278061527527
   102 -1.148870824168
   103 -1.145720027721
   104 -1.140896312376
   105 -1.147892135708
   106 -1.152642003462
   107 -1.155983829679
   108 -1.157884885953
   109 -1.158911621969
   110 -1.159450098096
   111 -1.159729080364
   112 -1.159872739962
   113 -1.159946465615
   114 -1.159984229853
   115 -1.160003553521
   116 -1.160013434064
   117 -1.160018482496
   118 -1.160021064770
   119 -1.160022383098
   120 -1.160023057777
   121 -1.160023400943
   122 -1.160023573256
   123 -1.160023661467
   124 -1.160023708590
   125 -1.160023735895
   126 -1.160023741616
   127 -1.160023751905
   128 -1.160023749224
   129 -1.160023755408
   130 -1.160023754821
   131 -1.160023754410
   132 -1.160023754098
   133 -1.160023753862
   134 -1.160023753682
   135 -1.160023753546
   136 -1.160023753442
   137 -1.160023753363
   138 -1.160023753304
   139 -1.160023753258
   140 -1.160023753224
   141 -1.160023753198
   142 -1.160023753178
   143 -1.160023753163
   144 -1.160023753151
   145 -1.160023753143
   146 -1.160023753136
   147 -1.160023753131
   148 -1.160023753127
   149 -1.160023753124
   150 -1.160023753122
   151 -1.233881456430
   152 -1.165572086656
   153 -1.144562795600
   154 -1.135130576915
   155 -1.135366948737
   156 -1.135497518994
   157 -1.138403033834
   158 -1.143479290347
   159 -1.149467613747
   160 -1.153976726372
   161 -1.156758757958
   162 -1.158307197639
   163 -1.159132629354
   164 -1.159564059914
   165 -1.159787436589
   166 -1.159902517931
   167 -1.159961642021
   168 -1.159991967259
   169 -1.160007496455
   170 -1.160015441959
   171 -1.160019506093
   172 -1.160021584117
   173 -1.160022650228
   174 -1.160023193184
   175 -1.160023467437
   176 -1.160023613746
   177 -1.160023677850
   178 -1.160023716522
   179 -1.160023731497
   180 -1.160023746499
   181 -1.160023750332
   182 -1.160023756214
   183 -1.160023755433
   184 -1.160023754875
   185 -1.160023754451
   186 -1.160023754130
   187 -1.160023753886
   188 -1.160023753700
   189 -1.160023753559
   190 -1.160023753453
   191 -1.160023753371
   192 -1.160023753310
   193 -1.160023753263
   194 -1.160023753227
   195 -1.160023753200
   196 -1.160023753180
   197 -1.160023753164
   198 -1.160023753152
   199 -1.160023753143
   200 -1.160023753137
   201 -1.258800586335
   202 -1.181327383558
   203 -1.151367770945
   204 -1.137023627791
   205 -1.143599345902
   206 -1.149362305200
   207 -1.154099296951
   208 -1.156857014272
   209 -1.158369846878
   210 -1.159168185833
   211 -1.159583398866
   212 -1.159797723232
   213 -1.159907933797
   214 -1.159964465158
   215 -1.159993433981
   216 -1.160008255788
   217 -1.160015829541
   218 -1.160019705829
   219 -1.160021693172
   220 -1.160022699900
   221 -1.160023217074
   222 -1.160023478668
   223 -1.160023614751
   224 -1.160023681572
   225 -1.160023722246
   226 -1.160023738743
   227 -1.160023746751
   228 -1.160023750558
   229 -1.160023756386
   230 -1.160023755564
   231 -1.160023754974
   232 -1.160023754527
   233 -1.160023754187
   234 -1.160023753929
   235 -1.160023753733
   236 -1.160023753585
   237 -1.160023753472
   238 -1.160023753386
   239 -1.160023753321
   240 -1.160023753271
   241 -1.160023753234
   242 -1.160023753205
   243 -1.160023753183
   244 -1.160023753167
   245 -1.160023753154
   246 -1.160023753145
   247 -1.160023753138
   248 -1.160023753132
   249 -1.160023753128
   250 -1.160023753125
   251 -1.222723375860
   252 -1.227769225158
   253 -1.148549607773
   254 -1.138122028062
   255 -1.144637211363
   256 -1.150711899347
   257 -1.154935055829
   258 -1.157334128278
   259 -1.158625326112
   260 -1.159302214654
   261 -1.159652969477
   262 -1.159833648508
   263 -1.159926416361
   264 -1.159973962578
   265 -1.159998302135
   266 -1.160010749099
   267 -1.160017108344
   268 -1.160020359704
   269 -1.160022021288
   270 -1.160022867952
   271 -1.160023307080
   272 -1.160023527057
   273 -1.160023634841
   274 -1.160023695239
   275 -1.160023725097
   276 -1.160023743879
   277 -1.160023753554
   278 -1.160023750474
   279 -1.160023756357
   280 -1.160023755543
   281 -1.160023754958
   282 -1.160023754514
   283 -1.160023754178
   284 -1.160023753922
   285 -1.160023753728
   286 -1.160023753580
   287 -1.160023753469
   288 -1.160023753383
   289 -1.160023753319
   290 -1.160023753270
   291 -1.160023753233
   292 -1.160023753204
   293 -1.160023753183
   294 -1.160023753167
   295 -1.160023753154
   296 -1.160023753145
   297 -1.160023753138
   298 -1.160023753132
   299 -1.160023753128
   300 -1.160023753125
   301 -1.276182823013
   302 -1.124710481829
   303 -1.133958583678
   304 -1.143534506854
   305 -1.150646331077
   306 -1.154917889692
   307 -1.157344982948
   308 -1.158636264128
   309 -1.159309702276
   310 -1.159657384065
   311 -1.159836084916
   312 -1.159927720546
   313 -1.159974644770
   314 -1.159998658614
   315 -1.160010928697
   316 -1.160017208442
   317 -1.160020413625
   318 -1.160022048563
   319 -1.160022881838
   320 -1.160023310135
   321 -1.160023532348
   322 -1.160023641762
   323 -1.160023695244
   324 -1.160023725136
   325 -1.160023743909
   326 -1.160023753577
   327 -1.160023750492
   328 -1.160023756370
   329 -1.160023755553
   330 -1.160023754965
   331 -1.160023754520
   332 -1.160023754182
   333 -1.160023753925
   334 -1.160023753730
   335 -1.160023753582
   336 -1.160023753470
   337 -1.160023753385
   338 -1.160023753320
   339 -1.160023753270
   340 -1.160023753233
   341 -1.160023753205
   342 -1.160023753183
   343 -1.160023753167
   344 -1.160023753154
   345 -1.160023753145
   346 -1.160023753138
   347 -1.160023753132
   348 -1.160023753128
   349 -1.160023753125
   350 -1.160023753123
   351 -1.160023753121
   352 -1.160023753119
   353 -1.160023753118
   354 -1.160023753118
   355 -1.160023753117
   356 -1.160023753116
   357 -1.160023753116
   358 -1.160023753116
   359 -1.160023753116
   360 -1.160023753116
   361 -1.160023753115
   362 -1.160023753115
   363 -1.160023753115
   364 -1.160023753115
   365 -1.160023753115
   366 -1.160023753115
   367 -1.160023753115
   368 -1.160023753115
   369 -1.160023753115
   370 -1.160023753115
   371 -1.160023753115
   372 -1.160023753115
   373 -1.160023753115
   374 -1.160023753115
   375 -1.160023753115
   376 -1.160023753115
   377 -1.160023753115
   378 -1.160023753115
   379 -1.160023753115
   380 -1.160023753115
   381 -1.160023753115
   382 -1.160023753115
   383 -1.160023753115
   384 -1.160023753115
   385 -1.160023753115
   386 -1.160023753115
   387 -1.160023753115
   388 -1.160023753115
   389 -1.160023753115
   390 -1.160023753115
   391 -1.160023753115
   392 -1.160023753115
   393 -1.160023753115
   394 -1.160023753115
   395 -1.160023753115
   396 -1.160023753115
   397 -1.160023753115
   398 -1.160023753115
   399 -1.160023753115
   400 -1.160023753115
   401 -1.160023753115
   402 -1.160023753115
   403 -1.160023753115
   404 -1.160023753115
   405 -1.160023753115
   406 -1.160023753115
   407 -1.160023753115
   408 -1.160023753115
   409 -1.160023753115
   410 -1.160023753115
   411 -1.160023753115
   412 -1.160023753115
   413 -1.160023753115
   414 -1.160023753115
   415 -1.160023753115
   416 -1.160023753115
   417 -1.160023753115
   418 -1.160023753115
   419 -1.160023753115
   420 -1.160023753115
   421 -1.160023753115
   422 -1.160023753115
   423 -1.160023753115
   424 -1.160023753115
   425 -1.160023753115
   426 -1.160023753115
   427 -1.160023753115
   428 -1.160023753115
   429 -1.160023753115
   430 -1.160023753115
   431 -1.160023753115
   432 -1.160023753115
   433 -1.160023753115
   434 -1.160023753115
   435 -1.160023753115
   436 -1.160023753115
   437 -1.160023753115
   438 -1.160023753115
   439 -1.160023753115
   440 -1.160023753115
   441 -1.160023753115
   442 -1.160023753115
   443 -1.160023753115
   444 -1.160023753115
   445 -1.160023753115
   446 -1.160023753115
   447 -1.160023753115
   448 -1.160023753115
   449 -1.160023753115
   450 -1.160023753115
   451 -1.160023753115
   452 -1.160023753115
   453 -1.160023753115
   454 -1.160023753115
   455 -1.160023753115
   456 -1.160023753115
   457 -1.160023753115
   458 -1.160023753115
   459 -1.160023753115
   460 -1.160023753115
   461 -1.160023753115
   462 -1.160023753115
   463 -1.160023753115
   464 -1.160023753115
   465 -1.160023753115
   466 -1.160023753115
   467 -1.160023753115
   468 -1.160023753115
   469 -1.160023753115
   470 -1.160023753115
   471 -1.160023753115
   472 -1.160023753115
   473 -1.160023753115
   474 -1.160023753115
   475 -1.160023753115
   476 -1.160023753115
   477 -1.160023753115
   478 -1.160023753115
   479 -1.160023753115
   480 -1.160023753115
   481 -1.160023753115
   482 -1.160023753115
   483 -1.160023753115
   484 -1.160023753115
   485 -1.160023753115
   486 -1.160023753115
   487 -1.160023753115
   488 -1.160023753115
   489 -1.160023753115
   490 -1.160023753115
   491 -1.160023753115
   492 -1.160023753115
   493 -1.160023753115
   494 -1.160023753115
   495 -1.160023753115
   496 -1.160023753115
   497 -1.160023753115
   498 -1.160023753115
   499 -1.160023753115
   500 -1.160023753115
   501 -1.160023753115
   502 -1.160023753115
   503 -1.160023753115
   504 -1.160023753115
   505 -1.160023753115
   506 -1.160023753115
   507 -1.160023753115
   508 -1.160023753115
   509 -1.160023753115
   510 -1.160023753115
   511 -1.160023753115
   512 -1.160023753115
   513 -1.160023753115
   514 -1.160023753115
   515 -1.160023753115
   516 -1.160023753115
   517 -1.160023753115
   518 -1.160023753115
   519 -1.160023753115
   520 -1.160023753115
   521 -1.160023753115
   522 -1.160023753115
   523 -1.160023753115
   524 -1.160023753115
   525 -1.160023753115
   526 -1.160023753115
   527 -1.160023753115
   528 -1.160023753115
   529 -1.160023753115
   530 -1.160023753115
   531 -1.160023753115
   532 -1.160023753115
   533 -1.160023753115
   534 -1.160023753115
   535 -1.160023753115
   536 -1.160023753115
   537 -1.160023753115
   538 -1.160023753115
   539 -1.160023753115
   540 -1.160023753115
   541 -1.160023753115
   542 -1.160023753115
   543 -1.160023753115
   544 -1.160023753115
   545 -1.160023753115
   546 -1.160023753115
   547 -1.160023753115
   548 -1.160023753115
   549 -1.160023753115
   550 -1.160023753115
   551 -1.160023753115
   552 -1.160023753115
   553 -1.160023753115
   554 -1.160023753115
   555 -1.160023753115
   556 -1.160023753115
   557 -1.160023753115
   558 -1.160023753115
   559 -1.160023753115
   560 -1.160023753115
   561 -1.160023753115
   562 -1.160023753115
   563 -1.160023753115
   564 -1.160023753115
   565 -1.160023753115
   566 -1.160023753115
   567 -1.160023753115
   568 -1.160023753115
   569 -1.160023753115
   570 -1.160023753115
   571 -1.160023753115
   572 -1.160023753115
   573 -1.160023753115
   574 -1.160023753115
   575 -1.160023753115
   576 -1.160023753115
   577 -1.160023753115
   578 -1.160023753115
   579 -1.160023753115
   580 -1.160023753115
   581 -1.160023753115
   582 -1.160023753115
   583 -1.160023753115
   584 -1.160023753115
   585 -1.160023753115
   586 -1.160023753115
   587 -1.160023753115
   588 -1.160023753115
   589 -1.160023753115
   590 -1.160023753115
   591 -1.160023753115
   592 -1.160023753115
   593 -1.160023753115
   594 -1.160023753115
   595 -1.160023753115
   596 -1.160023753115
   597 -1.160023753115
   598 -1.160023753115
   599 -1.160023753115
   600 -1.160023753115
   601 -1.160023753115
   602 -1.160023753115
   603 -1.160023753115
   604 -1.160023753115
   605 -1.160023753115
   606 -1.160023753115
   607 -1.160023753115
   608 -1.160023753115
   609 -1.160023753115
   610 -1.160023753115
   611 -1.160023753115
   612 -1.160023753115
   613 -1.160023753115
   614 -1.160023753115
   615 -1.160023753115
   616 -1.160023753115
   617 -1.160023753115
   618 -1.160023753115
   619 -1.160023753115
   620 -1.160023753115
   621 -1.160023753115
   622 -1.160023753115
   623 -1.160023753115
   624 -1.160023753115
   625 -1.160023753115
   626 -1.160023753115
   627 -1.160023753115
   628 -1.160023753115
   629 -1.160023753115
   630 -1.160023753115
   631 -1.160023753115
   632 -1.160023753115
   633 -1.160023753115
   634 -1.160023753115
   635 -1.160023753115
   636 -1.160023753115
   637 -1.160023753115
   638 -1.160023753115
   639 -1.160023753115
   640 -1.160023753115
   641 -1.160023753115
   642 -1.160023753115
   643 -1.160023753115
   644 -1.160023753115
   645 -1.160023753115
   646 -1.160023753115
   647 -1.160023753115
   648 -1.160023753115
   649 -1.160023753115
   650 -1.160023753115
   651 -1.160023753115
   652 -1.160023753115
   653 -1.160023753115
   654 -1.160023753115
   655 -1.160023753115
   656 -1.160023753115
   657 -1.160023753115
   658 -1.160023753115
   659 -1.160023753115
   660 -1.160023753115
   661 -1.160023753115
   662 -1.160023753115
   663 -1.160023753115
   664 -1.160023753115
   665 -1.160023753115
   666 -1.160023753115
   667 -1.160023753115
   668 -1.160023753115
   669 -1.160023753115
   670 -1.160023753115
   671 -1.160023753115
   672 -1.160023753115
   673 -1.160023753115
   674 -1.160023753115
   675 -1.160023753115
   676 -1.160023753115
   677 -1.160023753115
   678 -1.160023753115
   679 -1.160023753115
   680 -1.160023753115
   681 -1.160023753115
   682 -1.160023753115
   683 -1.160023753115
   684 -1.160023753115
   685 -1.160023753115
   686 -1.160023753115
   687 -1.160023753115
   688 -1.160023753115
   689 -1.160023753115
   690 -1.160023753115
   691 -1.160023753115
   692 -1.160023753115
   693 -1.160023753115
   694 -1.160023753115
   695 -1.160023753115
   696 -1.160023753115
   697 -1.160023753115
   698 -1.160023753115
   699 -1.160023753115
   700 -1.160023753115
   701 -1.160023753115
   702 -1.160023753115
   703 -1.160023753115
   704 -1.160023753115
   705 -1.160023753115
   706 -1.160023753115
   707 -1.160023753115
   708 -1.160023753115
   709 -1.160023753115
   710 -1.160023753115
   711 -1.160023753115
   712 -1.160023753115
   713 -1.160023753115
   714 -1.160023753115
   715 -1.160023753115
   716 -1.160023753115
   717 -1.160023753115
   718 -1.160023753115
   719 -1.160023753115
   720 -1.160023753115
   721 -1.160023753115
   722 -1.160023753115
   723 -1.160023753115
   724 -1.160023753115
   725 -1.160023753115
   726 -1.160023753115
   727 -1.160023753115
   728 -1.160023753115
   729 -1.160023753115
   730 -1.160023753115
   731 -1.160023753115
   732 -1.160023753115
   733 -1.160023753115
   734 -1.160023753115
   735 -1.160023753115
   736 -1.160023753115
   737 -1.160023753115
   738 -1.160023753115
   739 -1.160023753115
   740 -1.160023753115
   741 -1.160023753115
   742 -1.160023753115
   743 -1.160023753115
   744 -1.160023753115
   745 -1.160023753115
   746 -1.160023753115
   747 -1.160023753115
   748 -1.160023753115
   749 -1.160023753115
   750 -1.160023753115
   751 -1.160023753115
   752 -1.160023753115
   753 -1.160023753115
   754 -1.160023753115
   755 -1.160023753115
   756 -1.160023753115
   757 -1.160023753115
   758 -1.160023753115
   759 -1.160023753115
   760 -1.160023753115
   761 -1.160023753115
   762 -1.160023753115
   763 -1.160023753115
   764 -1.160023753115
   765 -1.160023753115
   766 -1.160023753115
   767 -1.160023753115
   768 -1.160023753115
   769 -1.160023753115
   770 -1.160023753115
   771 -1.160023753115
   772 -1.160023753115
   773 -1.160023753115
   774 -1.160023753115
   775 -1.160023753115
   776 -1.160023753115
   777 -1.160023753115
   778 -1.160023753115
   779 -1.160023753115
   780 -1.160023753115
   781 -1.160023753115
   782 -1.160023753115
   783 -1.160023753115
   784 -1.160023753115
   785 -1.160023753115
   786 -1.160023753115
   787 -1.160023753115
   788 -1.160023753115
   789 -1.160023753115
   790 -1.160023753115
   791 -1.160023753115
   792 -1.160023753115
   793 -1.160023753115
   794 -1.160023753115
   795 -1.160023753115
   796 -1.160023753115
   797 -1.160023753115
   798 -1.160023753115
   799 -1.160023753115
   800 -1.160023753115
   801 -1.160023753115
   802 -1.160023753115
   803 -1.160023753115
   804 -1.160023753115
   805 -1.160023753115
   806 -1.160023753115
   807 -1.160023753115
   808 -1.160023753115
   809 -1.160023753115
   810 -1.160023753115
   811 -1.160023753115
   812 -1.160023753115
   813 -1.160023753115
   814 -1.160023753115
   815 -1.160023753115
   816 -1.160023753115
   817 -1.160023753115
   818 -1.160023753115
   819 -1.160023753115
   820 -1.160023753115
   821 -1.160023753115
   822 -1.160023753115
   823 -1.160023753115
   824 -1.160023753115
   825 -1.160023753115
   826 -1.160023753115
   827 -1.160023753115
   828 -1.160023753115
   829 -1.160023753115
   830 -1.160023753115
   831 -1.160023753115
   832 -1.160023753115
   833 -1.160023753115
   834 -1.160023753115
   835 -1.160023753115
   836 -1.160023753115
   837 -1.160023753115
   838 -1.160023753115
   839 -1.160023753115
   840 -1.160023753115
   841 -1.160023753115
   842 -1.160023753115
   843 -1.160023753115
   844 -1.160023753115
   845 -1.160023753115
   846 -1.160023753115
   847 -1.160023753115
   848 -1.160023753115
   849 -1.160023753115
   850 -1.160023753115
   851 -1.160023753115
   852 -1.160023753115
   853 -1.160023753115
   854 -1.160023753115
   855 -1.160023753115
   856 -1.160023753115
   857 -1.160023753115
   858 -1.160023753115
   859 -1.160023753115
   860 -1.160023753115
   861 -1.160023753115
   862 -1.160023753115
   863 -1.160023753115
   864 -1.160023753115
   865 -1.160023753115
   866 -1.160023753115
   867 -1.160023753115
   868 -1.160023753115
   869 -1.160023753115
   870 -1.160023753115
   871 -1.160023753115
   872 -1.160023753115
   873 -1.160023753115
   874 -1.160023753115
   875 -1.160023753115
   876 -1.160023753115
   877 -1.160023753115
   878 -1.160023753115
   879 -1.160023753115
   880 -1.160023753115
   881 -1.160023753115
   882 -1.160023753115
   883 -1.160023753115
   884 -1.160023753115
   885 -1.160023753115
   886 -1.160023753115
   887 -1.160023753115
   888 -1.160023753115
   889 -1.160023753115
   890 -1.160023753115
   891 -1.160023753115
   892 -1.160023753115
   893 -1.160023753115
   894 -1.160023753115
   895 -1.160023753115
   896 -1.160023753115
   897 -1.160023753115
   898 -1.160023753115
   899 -1.160023753115
   900 -1.160023753115
   901 -1.160023753115
   902 -1.160023753115
   903 -1.160023753115
   904 -1.160023753115
   905 -1.160023753115
   906 -1.160023753115
   907 -1.160023753115
   908 -1.160023753115
   909 -1.160023753115
   910 -1.160023753115
   911 -1.160023753115
   912 -1.160023753115
   913 -1.160023753115
   914 -1.160023753115
   915 -1.160023753115
   916 -1.160023753115
   917 -1.160023753115
   918 -1.160023753115
   919 -1.160023753115
   920 -1.160023753115
   921 -1.160023753115
   922 -1.160023753115
   923 -1.160023753115
   924 -1.160023753115
   925 -1.160023753115
   926 -1.160023753115
   927 -1.160023753115
   928 -1.160023753115
   929 -1.160023753115
   930 -1.160023753115
   931 -1.160023753115
   932 -1.160023753115
   933 -1.160023753115
   934 -1.160023753115
   935 -1.160023753115
   936 -1.160023753115
   937 -1.160023753115
   938 -1.160023753115
   939 -1.160023753115
   940 -1.160023753115
   941 -1.160023753115
   942 -1.160023753115
   943 -1.160023753115
   944 -1.160023753115
   945 -1.160023753115
   946 -1.160023753115
   947 -1.160023753115
   948 -1.160023753115
   949 -1.160023753115
   950 -1.160023753115
   951 -1.160023753115
   952 -1.160023753115
   953 -1.160023753115
   954 -1.160023753115
   955 -1.160023753115
   956 -1.160023753115
   957 -1.160023753115
   958 -1.160023753115
   959 -1.160023753115
   960 -1.160023753115
   961 -1.160023753115
   962 -1.160023753115
   963 -1.160023753115
   964 -1.160023753115
   965 -1.160023753115
   966 -1.160023753115
   967 -1.160023753115
   968 -1.160023753115
   969 -1.160023753115
   970 -1.160023753115
   971 -1.160023753115
   972 -1.160023753115
   973 -1.160023753115
   974 -1.160023753115
   975 -1.160023753115
   976 -1.160023753115
   977 -1.160023753115
   978 -1.160023753115
   979 -1.160023753115
   980 -1.160023753115
   981 -1.160023753115
   982 -1.160023753115
   983 -1.160023753115
   984 -1.160023753115
   985 -1.160023753115
   986 -1.160023753115
   987 -1.160023753115
   988 -1.160023753115
   989 -1.160023753115
   990 -1.160023753115
   991 -1.160023753115
   992 -1.160023753115
   993 -1.160023753115
   994 -1.160023753115
   995 -1.160023753115
   996 -1.160023753115
   997 -1.160023753115
   998 -1.160023753115
   999 -1.160023753115
  1000 -1.160023753115
