     1 -1.082456804111
     2 -1.194132111810
     3 -1.186642495338
     4 -1.184880955452
     5 -1.184562167476
     6 -1.184507282196
     7 -1.184497591574
     8 -1.184495747009
     9 -1.184495361592
    10 -1.184495274136
    11 -1.184495253098
    12 -1.184495247849
    13 -1.184495246514
    14 -1.184495246169
    15 -1.184495246080
    16 -1.184495246057
    17 -1.184495246051
    18 -1.184495246049
    19 -1.184495246049
    20 -1.184495246049
    21 -1.184495246049
    22 -1.184495246049
    23 -1.184495246049
    24 -1.184495246049
    25 -1.184495246049
    26 -1.184495246049
    27 -1.184495246049
    28 -1.184495246049
    29 -1.184495246049
    30 -1.184495246049
    31 -1.184495246049
    32 -1.184495246049
    33 -1.184495246049
    34 -1.184495246049
    35 -1.184495246049
    36 -1.184495246049
    37 -1.184495246049
    38 -1.184495246049
    39 -1.184495246049
    40 -1.184495246049
    41 -1.184495246049
    42 -1.184495246049
    43 -1.184495246049
    44 -1.184495246049
    45 -1.184495246049
    46 -1.184495246049
    47 -1.184495246049
    48 -1.184495246049
    49 -1.184495246049
    50 -1.184495246049
    51 -1.258518534987
    52 -1.175567323101
    53 -1.174720763067
    54 -1.180162735528
    55 -1.183013421157
    56 -1.183969018410
    57 -1.184300931317
    58 -1.184420795810
    59 -1.184466229189
    60 -1.184483814161
    61 -1.184490707619
    62 -1.184493433479
    63 -1.184494518622
    64 -1.184494952956
    65 -1.184495127576
    66 -1.184495198035
    67 -1.184495226549
    68 -1.184495238116
    69 -1.184495242817
    70 -1.184495244731
    71 -1.184495245511
    72 -1.184495245829
    73 -1.184495245959
    74 -1.184495246012
    75 -1.184495246034
    76 -1.184495246043
    77 -1.184495246046
    78 -1.184495246048
    79 -1.184495246049
    80 -1.184495246049
    81 -1.184495246049
    82 -1.184495246049
    83 -1.184495246049
    84 -1.184495246049
    85 -1.184495246049
    86 -1.184495246049
    87 -1.184495246049
    88 -1.184495246049
    89 -1.184495246049
    90 -1.184495246049
    91 -1.184495246049
    92 -1.184495246049
    93 -1.184495246049
    94 -1.184495246049
    95 -1.184495246049
    96 -1.184495246049
    97 -1.184495246049
    98 -1.184495246049
    99 -1.184495246049
   100 -1.184495246049
   101 -1.259133222388
   102 -1.172931631052
   103 -1.178301650496
   104 -1.182032842263
   105 -1.183574349250
   106 -1.184169308475
   107 -1.184374175396
   108 -1.184449251733
   109 -1.184477523765
   110 -1.184488354088
   111 -1.184492545082
   112 -1.184494180183
   113 -1.184494822823
   114 -1.184495077084
   115 -1.184495178278
   116 -1.184495218759
   117 -1.184495235024
   118 -1.184495241583
   119 -1.184495244236
   120 -1.184495245312
   121 -1.184495245749
   122 -1.184495245927
   123 -1.184495245999
   124 -1.184495246029
   125 -1.184495246041
   126 -1.184495246046
   127 -1.184495246048
   128 -1.184495246048
   129 -1.184495246049
   130 -1.184495246049
   131 -1.184495246049
   132 -1.184495246049
   133 -1.184495246049
   134 -1.184495246049
   135 -1.184495246049
   136 -1.184495246049
   137 -1.184495246049
   138 -1.184495246049
   139 -1.184495246049
   140 -1.184495246049
   141 -1.184495246049
   142 -1.184495246049
   143 -1.184495246049
   144 -1.184495246049
   145 -1.184495246049
   146 -1.184495246049
   147 -1.184495246049
   148 -1.184495246049
   149 -1.184495246049
   150 -1.184495246049
   151 -1.211385157914
   152 -1.164916794160
   153 -1.168387056202
   154 -1.171373722925
   155 -1.174215641185
   156 -1.177452496189
   157 -1.180638075595
   158 -1.182812630881
   159 -1.183816902181
   160 -1.184218676380
   161 -1.184380767316
   162 -1.184447832322
   163 -1.184475680483
   164 -1.184487200146
   165 -1.184491945077
   166 -1.184493893621
   167 -1.184494692349
   168 -1.184495019432
   169 -1.184495153310
   170 -1.184495208097
   171 -1.184495230517
   172 -1.184495239692
   173 -1.184495243447
   174 -1.184495244984
   175 -1.184495245613
   176 -1.184495245870
   177 -1.184495245976
   178 -1.184495246019
   179 -1.184495246037
   180 -1.184495246044
   181 -1.184495246047
   182 -1.184495246048
   183 -1.184495246049
   184 -1.184495246049
   185 -1.184495246049
   186 -1.184495246049
   187 -1.184495246049
   188 -1.184495246049
   189 -1.184495246049
   190 -1.184495246049
   191 -1.184495246049
   192 -1.184495246049
   193 -1.184495246049
   194 -1.184495246049
   195 -1.184495246049
   196 -1.184495246049
   197 -1.184495246049
   198 -1.184495246049
   199 -1.184495246049
   200 -1.184495246049
   201 -1.261439739279
   202 -1.174972864527
   203 -1.176328456989
   204 -1.180529402805
   205 -1.182926817618
   206 -1.183930801072
   207 -1.184275508088
   208 -1.184407185543
   209 -1.184459497860
   210 -1.184480690796
   211 -1.184489314826
   212 -1.184492828047
   213 -1.184494259818
   214 -1.184494843583
   215 -1.184495081718
   216 -1.184495178918
   217 -1.184495218613
   218 -1.184495234832
   219 -1.184495241461
   220 -1.184495244172
   221 -1.184495245281
   222 -1.184495245735
   223 -1.184495245920
   224 -1.184495245996
   225 -1.184495246027
   226 -1.184495246040
   227 -1.184495246045
   228 -1.184495246047
   229 -1.184495246048
   230 -1.184495246049
   231 -1.184495246049
   232 -1.184495246049
   233 -1.184495246049
   234 -1.184495246049
   235 -1.184495246049
   236 -1.184495246049
   237 -1.184495246049
   238 -1.184495246049
   239 -1.184495246049
   240 -1.184495246049
   241 -1.184495246049
   242 -1.184495246049
   243 -1.184495246049
   244 -1.184495246049
   245 -1.184495246049
   246 -1.184495246049
   247 -1.184495246049
   248 -1.184495246049
   249 -1.184495246049
   250 -1.184495246049
   251 -1.264232221664
   252 -1.180471755714
   253 -1.175811206447
   254 -1.180960154964
   255 -1.183281745180
   256 -1.184075037278
   257 -1.184336927078
   258 -1.184433285231
   259 -1.184470588748
   260 -1.184485362069
   261 -1.184491267509
   262 -1.184493639749
   263 -1.184494595911
   264 -1.184494982354
   265 -1.184495138903
   266 -1.184495202447
   267 -1.184495228284
   268 -1.184495238803
   269 -1.184495243091
   270 -1.184495244841
   271 -1.184495245555
   272 -1.184495245847
   273 -1.184495245966
   274 -1.184495246015
   275 -1.184495246035
   276 -1.184495246043
   277 -1.184495246047
   278 -1.184495246048
   279 -1.184495246049
   280 -1.184495246049
   281 -1.184495246049
   282 -1.184495246049
   283 -1.184495246049
   284 -1.184495246049
   285 -1.184495246049
   286 -1.184495246049
   287 -1.184495246049
   288 -1.184495246049
   289 -1.184495246049
   290 -1.184495246049
   291 -1.184495246049
   292 -1.184495246049
   293 -1.184495246049
   294 -1.184495246049
   295 -1.184495246049
   296 -1.184495246049
   297 -1.184495246049
   298 -1.184495246049
   299 -1.184495246049
   300 -1.184495246049
   301 -1.233345035345
   302 -1.171362059462
   303 -1.179392903237
   304 -1.182697956991
   305 -1.183867153102
   306 -1.184271237045
   307 -1.184412908186
   308 -1.184464383861
   309 -1.184483495316
   310 -1.184490713162
   311 -1.184493477997
   312 -1.184494549970
   313 -1.184494969880
   314 -1.184495135783
   315 -1.184495201797
   316 -1.184495228216
   317 -1.184495238839
   318 -1.184495243126
   319 -1.184495244862
   320 -1.184495245566
   321 -1.184495245852
   322 -1.184495245969
   323 -1.184495246016
   324 -1.184495246036
   325 -1.184495246043
   326 -1.184495246047
   327 -1.184495246048
   328 -1.184495246049
   329 -1.184495246049
   330 -1.184495246049
   331 -1.184495246049
   332 -1.184495246049
   333 -1.184495246049
   334 -1.184495246049
   335 -1.184495246049
   336 -1.184495246049
   337 -1.184495246049
   338 -1.184495246049
   339 -1.184495246049
   340 -1.184495246049
   341 -1.184495246049
   342 -1.184495246049
   343 -1.184495246049
   344 -1.184495246049
   345 -1.184495246049
   346 -1.184495246049
   347 -1.184495246049
   348 -1.184495246049
   349 -1.184495246049
   350 -1.184495246049
   351 -1.184495246049
   352 -1.184495246049
   353 -1.184495246049
   354 -1.184495246049
   355 -1.184495246049
   356 -1.184495246049
   357 -1.184495246049
   358 -1.184495246049
   359 -1.184495246049
   360 -1.184495246049
   361 -1.184495246049
   362 -1.184495246049
   363 -1.184495246049
   364 -1.184495246049
   365 -1.184495246049
   366 -1.184495246049
   367 -1.184495246049
   368 -1.184495246049
   369 -1.184495246049
   370 -1.184495246049
   371 -1.184495246049
   372 -1.184495246049
   373 -1.184495246049
   374 -1.184495246049
   375 -1.184495246049
   376 -1.184495246049
   377 -1.184495246049
   378 -1.184495246049
   379 -1.184495246049
   380 -1.184495246049
   381 -1.184495246049
   382 -1.184495246049
   383 -1.184495246049
   384 -1.184495246049
   385 -1.184495246049
   386 -1.184495246049
   387 -1.184495246049
   388 -1.184495246049
   389 -1.184495246049
   390 -1.184495246049
   391 -1.184495246049
   392 -1.184495246049
   393 -1.184495246049
   394 -1.184495246049
   395 -1.184495246049
   396 -1.184495246049
   397 -1.184495246049
   398 -1.184495246049
   399 -1.184495246049
   400 -1.184495246049
   401 -1.184495246049
   402 -1.184495246049
   403 -1.184495246049
   404 -1.184495246049
   405 -1.184495246049
   406 -1.184495246049
   407 -1.184495246049
   408 -1.184495246049
   409 -1.184495246049
   410 -1.184495246049
   411 -1.184495246049
   412 -1.184495246049
   413 -1.184495246049
   414 -1.184495246049
   415 -1.184495246049
   416 -1.184495246049
   417 -1.184495246049
   418 -1.184495246049
   419 -1.184495246049
   420 -1.184495246049
   421 -1.184495246049
   422 -1.184495246049
   423 -1.184495246049
   424 -1.184495246049
   425 -1.184495246049
   426 -1.184495246049
   427 -1.184495246049
   428 -1.184495246049
   429 -1.184495246049
   430 -1.184495246049
   431 -1.184495246049
   432 -1.184495246049
   433 -1.184495246049
   434 -1.184495246049
   435 -1.184495246049
   436 -1.184495246049
   437 -1.184495246049
   438 -1.184495246049
   439 -1.184495246049
   440 -1.184495246049
   441 -1.184495246049
   442 -1.184495246049
   443 -1.184495246049
   444 -1.184495246049
   445 -1.184495246049
   446 -1.184495246049
   447 -1.184495246049
   448 -1.184495246049
   449 -1.184495246049
   450 -1.184495246049
   451 -1.184495246049
   452 -1.184495246049
   453 -1.184495246049
   454 -1.184495246049
   455 -1.184495246049
   456 -1.184495246049
   457 -1.184495246049
   458 -1.184495246049
   459 -1.184495246049
   460 -1.184495246049
   461 -1.184495246049
   462 -1.184495246049
   463 -1.184495246049
   464 -1.184495246049
   465 -1.184495246049
   466 -1.184495246049
   467 -1.184495246049
   468 -1.184495246049
   469 -1.184495246049
   470 -1.184495246049
   471 -1.184495246049
   472 -1.184495246049
   473 -1.184495246049
   474 -1.184495246049
   475 -1.184495246049
   476 -1.184495246049
   477 -1.184495246049
   478 -1.184495246049
   479 -1.184495246049
   480 -1.184495246049
   481 -1.184495246049
   482 -1.184495246049
   483 -1.184495246049
   484 -1.184495246049
   485 -1.184495246049
   486 -1.184495246049
   487 -1.184495246049
   488 -1.184495246049
   489 -1.184495246049
   490 -1.184495246049
   491 -1.184495246049
   492 -1.184495246049
   493 -1.184495246049
   494 -1.184495246049
   495 -1.184495246049
   496 -1.184495246049
   497 -1.184495246049
   498 -1.184495246049
   499 -1.184495246049
   500 -1.184495246049
   501 -1.184495246049
   502 -1.184495246049
   503 -1.184495246049
   504 -1.184495246049
   505 -1.184495246049
   506 -1.184495246049
   507 -1.184495246049
   508 -1.184495246049
   509 -1.184495246049
   510 -1.184495246049
   511 -1.184495246049
   512 -1.184495246049
   513 -1.184495246049
   514 -1.184495246049
   515 -1.184495246049
   516 -1.184495246049
   517 -1.184495246049
   518 -1.184495246049
   519 -1.184495246049
   520 -1.184495246049
   521 -1.184495246049
   522 -1.184495246049
   523 -1.184495246049
   524 -1.184495246049
   525 -1.184495246049
   526 -1.184495246049
   527 -1.184495246049
   528 -1.184495246049
   529 -1.184495246049
   530 -1.184495246049
   531 -1.184495246049
   532 -1.184495246049
   533 -1.184495246049
   534 -1.184495246049
   535 -1.184495246049
   536 -1.184495246049
   537 -1.184495246049
   538 -1.184495246049
   539 -1.184495246049
   540 -1.184495246049
   541 -1.184495246049
   542 -1.184495246049
   543 -1.184495246049
   544 -1.184495246049
   545 -1.184495246049
   546 -1.184495246049
   547 -1.184495246049
   548 -1.184495246049
   549 -1.184495246049
   550 -1.184495246049
   551 -1.184495246049
   552 -1.184495246049
   553 -1.184495246049
   554 -1.184495246049
   555 -1.184495246049
   556 -1.184495246049
   557 -1.184495246049
   558 -1.184495246049
   559 -1.184495246049
   560 -1.184495246049
   561 -1.184495246049
   562 -1.184495246049
   563 -1.184495246049
   564 -1.184495246049
   565 -1.184495246049
   566 -1.184495246049
   567 -1.184495246049
   568 -1.184495246049
   569 -1.184495246049
   570 -1.184495246049
   571 -1.184495246049
   572 -1.184495246049
   573 -1.184495246049
   574 -1.184495246049
   575 -1.184495246049
   576 -1.184495246049
   577 -1.184495246049
   578 -1.184495246049
   579 -1.184495246049
   580 -1.184495246049
   581 -1.184495246049
   582 -1.184495246049
   583 -1.184495246049
   584 -1.184495246049
   585 -1.184495246049
   586 -1.184495246049
   587 -1.184495246049
   588 -1.184495246049
   589 -1.184495246049
   590 -1.184495246049
   591 -1.184495246049
   592 -1.184495246049
   593 -1.184495246049
   594 -1.184495246049
   595 -1.184495246049
   596 -1.184495246049
   597 -1.184495246049
   598 -1.184495246049
   599 -1.184495246049
   600 -1.184495246049
   601 -1.184495246049
   602 -1.184495246049
   603 -1.184495246049
   604 -1.184495246049
   605 -1.184495246049
   606 -1.184495246049
   607 -1.184495246049
   608 -1.184495246049
   609 -1.184495246049
   610 -1.184495246049
   611 -1.184495246049
   612 -1.184495246049
   613 -1.184495246049
   614 -1.184495246049
   615 -1.184495246049
   616 -1.184495246049
   617 -1.184495246049
   618 -1.184495246049
   619 -1.184495246049
   620 -1.184495246049
   621 -1.184495246049
   622 -1.184495246049
   623 -1.184495246049
   624 -1.184495246049
   625 -1.184495246049
   626 -1.184495246049
   627 -1.184495246049
   628 -1.184495246049
   629 -1.184495246049
   630 -1.184495246049
   631 -1.184495246049
   632 -1.184495246049
   633 -1.184495246049
   634 -1.184495246049
   635 -1.184495246049
   636 -1.184495246049
   637 -1.184495246049
   638 -1.184495246049
   639 -1.184495246049
   640 -1.184495246049
   641 -1.184495246049
   642 -1.184495246049
   643 -1.184495246049
   644 -1.184495246049
   645 -1.184495246049
   646 -1.184495246049
   647 -1.184495246049
   648 -1.184495246049
   649 -1.184495246049
   650 -1.184495246049
   651 -1.184495246049
   652 -1.184495246049
   653 -1.184495246049
   654 -1.184495246049
   655 -1.184495246049
   656 -1.184495246049
   657 -1.184495246049
   658 -1.184495246049
   659 -1.184495246049
   660 -1.184495246049
   661 -1.184495246049
   662 -1.184495246049
   663 -1.184495246049
   664 -1.184495246049
   665 -1.184495246049
   666 -1.184495246049
   667 -1.184495246049
   668 -1.184495246049
   669 -1.184495246049
   670 -1.184495246049
   671 -1.184495246049
   672 -1.184495246049
   673 -1.184495246049
   674 -1.184495246049
   675 -1.184495246049
   676 -1.184495246049
   677 -1.184495246049
   678 -1.184495246049
   679 -1.184495246049
   680 -1.184495246049
   681 -1.184495246049
   682 -1.184495246049
   683 -1.184495246049
   684 -1.184495246049
   685 -1.184495246049
   686 -1.184495246049
   687 -1.184495246049
   688 -1.184495246049
   689 -1.184495246049
   690 -1.184495246049
   691 -1.184495246049
   692 -1.184495246049
   693 -1.184495246049
   694 -1.184495246049
   695 -1.184495246049
   696 -1.184495246049
   697 -1.184495246049
   698 -1.184495246049
   699 -1.184495246049
   700 -1.184495246049
   701 -1.184495246049
   702 -1.184495246049
   703 -1.184495246049
   704 -1.184495246049
   705 -1.184495246049
   706 -1.184495246049
   707 -1.184495246049
   708 -1.184495246049
   709 -1.184495246049
   710 -1.184495246049
   711 -1.184495246049
   712 -1.184495246049
   713 -1.184495246049
   714 -1.184495246049
   715 -1.184495246049
   716 -1.184495246049
   717 -1.184495246049
   718 -1.184495246049
   719 -1.184495246049
   720 -1.184495246049
   721 -1.184495246049
   722 -1.184495246049
   723 -1.184495246049
   724 -1.184495246049
   725 -1.184495246049
   726 -1.184495246049
   727 -1.184495246049
   728 -1.184495246049
   729 -1.184495246049
   730 -1.184495246049
   731 -1.184495246049
   732 -1.184495246049
   733 -1.184495246049
   734 -1.184495246049
   735 -1.184495246049
   736 -1.184495246049
   737 -1.184495246049
   738 -1.184495246049
   739 -1.184495246049
   740 -1.184495246049
   741 -1.184495246049
   742 -1.184495246049
   743 -1.184495246049
   744 -1.184495246049
   745 -1.184495246049
   746 -1.184495246049
   747 -1.184495246049
   748 -1.184495246049
   749 -1.184495246049
   750 -1.184495246049
   751 -1.184495246049
   752 -1.184495246049
   753 -1.184495246049
   754 -1.184495246049
   755 -1.184495246049
   756 -1.184495246049
   757 -1.184495246049
   758 -1.184495246049
   759 -1.184495246049
   760 -1.184495246049
   761 -1.184495246049
   762 -1.184495246049
   763 -1.184495246049
   764 -1.184495246049
   765 -1.184495246049
   766 -1.184495246049
   767 -1.184495246049
   768 -1.184495246049
   769 -1.184495246049
   770 -1.184495246049
   771 -1.184495246049
   772 -1.184495246049
   773 -1.184495246049
   774 -1.184495246049
   775 -1.184495246049
   776 -1.184495246049
   777 -1.184495246049
   778 -1.184495246049
   779 -1.184495246049
   780 -1.184495246049
   781 -1.184495246049
   782 -1.184495246049
   783 -1.184495246049
   784 -1.184495246049
   785 -1.184495246049
   786 -1.184495246049
   787 -1.184495246049
   788 -1.184495246049
   789 -1.184495246049
   790 -1.184495246049
   791 -1.184495246049
   792 -1.184495246049
   793 -1.184495246049
   794 -1.184495246049
   795 -1.184495246049
   796 -1.184495246049
   797 -1.184495246049
   798 -1.184495246049
   799 -1.184495246049
   800 -1.184495246049
   801 -1.184495246049
   802 -1.184495246049
   803 -1.184495246049
   804 -1.184495246049
   805 -1.184495246049
   806 -1.184495246049
   807 -1.184495246049
   808 -1.184495246049
   809 -1.184495246049
   810 -1.184495246049
   811 -1.184495246049
   812 -1.184495246049
   813 -1.184495246049
   814 -1.184495246049
   815 -1.184495246049
   816 -1.184495246049
   817 -1.184495246049
   818 -1.184495246049
   819 -1.184495246049
   820 -1.184495246049
   821 -1.184495246049
   822 -1.184495246049
   823 -1.184495246049
   824 -1.184495246049
   825 -1.184495246049
   826 -1.184495246049
   827 -1.184495246049
   828 -1.184495246049
   829 -1.184495246049
   830 -1.184495246049
   831 -1.184495246049
   832 -1.184495246049
   833 -1.184495246049
   834 -1.184495246049
   835 -1.184495246049
   836 -1.184495246049
   837 -1.184495246049
   838 -1.184495246049
   839 -1.184495246049
   840 -1.184495246049
   841 -1.184495246049
   842 -1.184495246049
   843 -1.184495246049
   844 -1.184495246049
   845 -1.184495246049
   846 -1.184495246049
   847 -1.184495246049
   848 -1.184495246049
   849 -1.184495246049
   850 -1.184495246049
   851 -1.184495246049
   852 -1.184495246049
   853 -1.184495246049
   854 -1.184495246049
   855 -1.184495246049
   856 -1.184495246049
   857 -1.184495246049
   858 -1.184495246049
   859 -1.184495246049
   860 -1.184495246049
   861 -1.184495246049
   862 -1.184495246049
   863 -1.184495246049
   864 -1.184495246049
   865 -1.184495246049
   866 -1.184495246049
   867 -1.184495246049
   868 -1.184495246049
   869 -1.184495246049
   870 -1.184495246049
   871 -1.184495246049
   872 -1.184495246049
   873 -1.184495246049
   874 -1.184495246049
   875 -1.184495246049
   876 -1.184495246049
   877 -1.184495246049
   878 -1.184495246049
   879 -1.184495246049
   880 -1.184495246049
   881 -1.184495246049
   882 -1.184495246049
   883 -1.184495246049
   884 -1.184495246049
   885 -1.184495246049
   886 -1.184495246049
   887 -1.184495246049
   888 -1.184495246049
   889 -1.184495246049
   890 -1.184495246049
   891 -1.184495246049
   892 -1.184495246049
   893 -1.184495246049
   894 -1.184495246049
   895 -1.184495246049
   896 -1.184495246049
   897 -1.184495246049
   898 -1.184495246049
   899 -1.184495246049
   900 -1.184495246049
   901 -1.184495246049
   902 -1.184495246049
   903 -1.184495246049
   904 -1.184495246049
   905 -1.184495246049
   906 -1.184495246049
   907 -1.184495246049
   908 -1.184495246049
   909 -1.184495246049
   910 -1.184495246049
   911 -1.184495246049
   912 -1.184495246049
   913 -1.184495246049
   914 -1.184495246049
   915 -1.184495246049
   916 -1.184495246049
   917 -1.184495246049
   918 -1.184495246049
   919 -1.184495246049
   920 -1.184495246049
   921 -1.184495246049
   922 -1.184495246049
   923 -1.184495246049
   924 -1.184495246049
   925 -1.184495246049
   926 -1.184495246049
   927 -1.184495246049
   928 -1.184495246049
   929 -1.184495246049
   930 -1.184495246049
   931 -1.184495246049
   932 -1.184495246049
   933 -1.184495246049
   934 -1.184495246049
   935 -1.184495246049
   936 -1.184495246049
   937 -1.184495246049
   938 -1.184495246049
   939 -1.184495246049
   940 -1.184495246049
   941 -1.184495246049
   942 -1.184495246049
   943 -1.184495246049
   944 -1.184495246049
   945 -1.184495246049
   946 -1.184495246049
   947 -1.184495246049
   948 -1.184495246049
   949 -1.184495246049
   950 -1.184495246049
   951 -1.184495246049
   952 -1.184495246049
   953 -1.184495246049
   954 -1.184495246049
   955 -1.184495246049
   956 -1.184495246049
   957 -1.184495246049
   958 -1.184495246049
   959 -1.184495246049
   960 -1.184495246049
   961 -1.184495246049
   962 -1.184495246049
   963 -1.184495246049
   964 -1.184495246049
   965 -1.184495246049
   966 -1.184495246049
   967 -1.184495246049
   968 -1.184495246049
   969 -1.184495246049
   970 -1.184495246049
   971 -1.184495246049
   972 -1.184495246049
   973 -1.184495246049
   974 -1.184495246049
   975 -1.184495246049
   976 -1.184495246049
   977 -1.184495246049
   978 -1.184495246049
   979 -1.184495246049
   980 -1.184495246049
   981 -1.184495246049
   982 -1.184495246049
   983 -1.184495246049
   984 -1.184495246049
   985 -1.184495246049
   986 -1.184495246049
   987 -1.184495246049
   988 -1.184495246049
   989 -1.184495246049
   990 -1.184495246049
   991 -1.184495246049
   992 -1.184495246049
   993 -1.184495246049
   994 -1.184495246049
   995 -1.184495246049
   996 -1.184495246049
   997 -1.184495246049
   998 -1.184495246049
   999 -1.184495246049
  1000 -1.184495246049