     1 -1.082456804111
     2 -1.254783018335
     3 -1.490988172480
     4 -1.602571479352
     5 -1.656504473507
     6 -1.682828787925
     7 -1.695843922906
     8 -1.702357538895
     9 -1.705645206455
    10 -1.707313071163
    11 -1.708161564154
    12 -1.708593867202
    13 -1.708814281981
    14 -1.708926722539
    15 -1.708984091920
    16 -1.709013363365
    17 -1.709028292460
    18 -1.709035919991
    19 -1.709039798949
    20 -1.709041787323
    21 -1.709042797808
    22 -1.709043319348
    23 -1.709043580119
    24 -1.709043710504
    25 -1.709043775696
    26 -1.709043808293
    27 -1.709043840889
    28 -1.709043840889
    29 -1.709043840889
    30 -1.709043840889
    31 -1.709043857187
    32 -1.709043857187
    33 -1.709043857187
    34 -1.709043857187
    35 -1.709043857187
    36 -1.709043857187
    37 -1.709043857187
    38 -1.709043857187
    39 -1.709043857187
    40 -1.709043857187
    41 -1.709043857187
    42 -1.709043857187
    43 -1.709043857187
    44 -1.709043857187
    45 -1.709043857187
    46 -1.709043857187
    47 -1.709043857187
    48 -1.709043857187
    49 -1.709043857187
    50 -1.709043857187
    51 -1.783067146125
    52 -1.686621396095
    53 -1.786501789303
    54 -1.784834315313
    55 -1.766259149788
    56 -1.742882806237
    57 -1.727695592826
    58 -1.718937156886
    59 -1.714209401417
    60 -1.711718066238
    61 -1.710421792614
    62 -1.709751828834
    63 -1.709406936954
    64 -1.709229819296
    65 -1.709139017670
    66 -1.709092524329
    67 -1.709068724954
    68 -1.709056561807
    69 -1.709050340617
    70 -1.709047180691
    71 -1.709045551656
    72 -1.709044720769
    73 -1.709044297147
    74 -1.709044069026
    75 -1.709043971259
    76 -1.709043906075
    77 -1.709043873483
    78 -1.709043873484
    79 -1.709043857187
    80 -1.709043857187
    81 -1.709043857187
    82 -1.709043857187
    83 -1.709043857187
    84 -1.709043857187
    85 -1.709043857187
    86 -1.709043857187
    87 -1.709043857187
    88 -1.709043857187
    89 -1.709043857187
    90 -1.709043857187
    91 -1.709043857187
    92 -1.709043857187
    93 -1.709043857187
    94 -1.709043857187
    95 -1.709043857187
    96 -1.709043857187
    97 -1.709043857187
    98 -1.709043857187
    99 -1.709043857187
   100 -1.709043857187
   101 -1.783681833526
   102 -1.774085402911
   103 -1.786636140594
   104 -1.780898436047
   105 -1.756048568621
   106 -1.737039401854
   107 -1.724379735429
   108 -1.717175832010
   109 -1.713283226690
   110 -1.711235438311
   111 -1.710171579262
   112 -1.709622565235
   113 -1.709340337270
   114 -1.709195586934
   115 -1.709121450077
   116 -1.709083515881
   117 -1.709064121055
   118 -1.709054202043
   119 -1.709049135973
   120 -1.709046545644
   121 -1.709045225931
   122 -1.709044557885
   123 -1.709044215696
   124 -1.709044036446
   125 -1.709043938669
   126 -1.709043906078
   127 -1.709043873484
   128 -1.709043873485
   129 -1.709043857187
   130 -1.709043857187
   131 -1.709043857187
   132 -1.709043857187
   133 -1.709043857187
   134 -1.709043857187
   135 -1.709043857187
   136 -1.709043857187
   137 -1.709043857187
   138 -1.709043857187
   139 -1.709043857187
   140 -1.709043857187
   141 -1.709043857187
   142 -1.709043857187
   143 -1.709043857187
   144 -1.709043857187
   145 -1.709043857187
   146 -1.709043857187
   147 -1.709043857187
   148 -1.709043857187
   149 -1.709043857187
   150 -1.709043857187
   151 -1.735933769052
   152 -1.771113212098
   153 -1.812252513007
   154 -1.824307614322
   155 -1.821539971824
   156 -1.813462410058
   157 -1.796906176743
   158 -1.773228011310
   159 -1.749239452025
   160 -1.731882734774
   161 -1.721374071584
   162 -1.715542234863
   163 -1.712427328010
   164 -1.710793908489
   165 -1.709945510719
   166 -1.709507246365
   167 -1.709281598666
   168 -1.709165671080
   169 -1.709106218940
   170 -1.709075763599
   171 -1.709060172396
   172 -1.709052195480
   173 -1.709048108401
   174 -1.709046023775
   175 -1.709044965025
   176 -1.709044411145
   177 -1.709044150480
   178 -1.709044003840
   179 -1.709043938665
   180 -1.709043889778
   181 -1.709043873483
   182 -1.709043857186
   183 -1.709043857187
   184 -1.709043857187
   185 -1.709043857187
   186 -1.709043857187
   187 -1.709043857187
   188 -1.709043857187
   189 -1.709043857187
   190 -1.709043857187
   191 -1.709043857187
   192 -1.709043857187
   193 -1.709043857187
   194 -1.709043857187
   195 -1.709043857187
   196 -1.709043857187
   197 -1.709043857187
   198 -1.709043857187
   199 -1.709043857187
   200 -1.709043857187
   201 -1.785988350417
   202 -1.740220421187
   203 -1.789970454323
   204 -1.797886366727
   205 -1.773205195840
   206 -1.749217342895
   207 -1.731427609150
   208 -1.721025567282
   209 -1.715322385250
   210 -1.712301040467
   211 -1.710724246139
   212 -1.709907962663
   213 -1.709487272477
   214 -1.709271090913
   215 -1.709160175699
   216 -1.709103359776
   217 -1.709074290984
   218 -1.709059410698
   219 -1.709051789796
   220 -1.709047913548
   221 -1.709045926283
   222 -1.709044916252
   223 -1.709044394897
   224 -1.709044134203
   225 -1.709043987551
   226 -1.709043922371
   227 -1.709043889780
   228 -1.709043873484
   229 -1.709043857186
   230 -1.709043857187
   231 -1.709043857187
   232 -1.709043857187
   233 -1.709043857187
   234 -1.709043857187
   235 -1.709043857187
   236 -1.709043857187
   237 -1.709043857187
   238 -1.709043857187
   239 -1.709043857187
   240 -1.709043857187
   241 -1.709043857187
   242 -1.709043857187
   243 -1.709043857187
   244 -1.709043857187
   245 -1.709043857187
   246 -1.709043857187
   247 -1.709043857187
   248 -1.709043857187
   249 -1.709043857187
   250 -1.709043857187
   251 -1.788780832802
   252 -1.666852392872
   253 -1.786968959021
   254 -1.792633238586
   255 -1.767595589045
   256 -1.744088966195
   257 -1.728268971025
   258 -1.719241350508
   259 -1.714363915786
   260 -1.711796166533
   261 -1.710461109492
   262 -1.709771625475
   263 -1.709416923515
   264 -1.709234868522
   265 -1.709141571507
   266 -1.709093816294
   267 -1.709069394914
   268 -1.709056904756
   269 -1.709050520171
   270 -1.709047262291
   271 -1.709045584297
   272 -1.709044737085
   273 -1.709044313452
   274 -1.709044085327
   275 -1.709043971260
   276 -1.709043906076
   277 -1.709043873483
   278 -1.709043873484
   279 -1.709043857187
   280 -1.709043857187
   281 -1.709043857187
   282 -1.709043857187
   283 -1.709043857187
   284 -1.709043857187
   285 -1.709043857187
   286 -1.709043857187
   287 -1.709043857187
   288 -1.709043857187
   289 -1.709043857187
   290 -1.709043857187
   291 -1.709043857187
   292 -1.709043857187
   293 -1.709043857187
   294 -1.709043857187
   295 -1.709043857187
   296 -1.709043857187
   297 -1.709043857187
   298 -1.709043857187
   299 -1.709043857187
   300 -1.709043857187
   301 -1.757893646483
   302 -1.815893768138
   303 -1.796554419802
   304 -1.767565644421
   305 -1.743450876181
   306 -1.728000271297
   307 -1.719097922467
   308 -1.714289780231
   309 -1.711757580059
   310 -1.710441160352
   311 -1.709761358873
   312 -1.709411645869
   313 -1.709232166854
   314 -1.709140183045
   315 -1.709093114824
   316 -1.709069019988
   317 -1.709056709213
   318 -1.709050422416
   319 -1.709047213417
   320 -1.709045568009
   321 -1.709044720792
   322 -1.709044297157
   323 -1.709044085328
   324 -1.709043971261
   325 -1.709043906076
   326 -1.709043873483
   327 -1.709043873484
   328 -1.709043857187
   329 -1.709043857187
   330 -1.709043857187
   331 -1.709043857187
   332 -1.709043857187
   333 -1.709043857187
   334 -1.709043857187
   335 -1.709043857187
   336 -1.709043857187
   337 -1.709043857187
   338 -1.709043857187
   339 -1.709043857187
   340 -1.709043857187
   341 -1.709043857187
   342 -1.709043857187
   343 -1.709043857187
   344 -1.709043857187
   345 -1.709043857187
   346 -1.709043857187
   347 -1.709043857187
   348 -1.709043857187
   349 -1.709043857187
   350 -1.709043857187
   351 -1.709043857187
   352 -1.709043857187
   353 -1.709043857187
   354 -1.709043857187
   355 -1.709043857187
   356 -1.709043857187
   357 -1.709043857187
   358 -1.709043857187
   359 -1.709043857187
   360 -1.709043857187
   361 -1.709043857187
   362 -1.709043857187
   363 -1.709043857187
   364 -1.709043857187
   365 -1.709043857187
   366 -1.709043857187
   367 -1.709043857187
   368 -1.709043857187
   369 -1.709043857187
   370 -1.709043857187
   371 -1.709043857187
   372 -1.709043857187
   373 -1.709043857187
   374 -1.709043857187
   375 -1.709043857187
   376 -1.709043857187
   377 -1.709043857187
   378 -1.709043857187
   379 -1.709043857187
   380 -1.709043857187
   381 -1.709043857187
   382 -1.709043857187
   383 -1.709043857187
   384 -1.709043857187
   385 -1.709043857187
   386 -1.709043857187
   387 -1.709043857187
   388 -1.709043857187
   389 -1.709043857187
   390 -1.709043857187
   391 -1.709043857187
   392 -1.709043857187
   393 -1.709043857187
   394 -1.709043857187
   395 -1.709043857187
   396 -1.709043857187
   397 -1.709043857187
   398 -1.709043857187
   399 -1.709043857187
   400 -1.709043857187
   401 -1.709043857187
   402 -1.709043857187
   403 -1.709043857187
   404 -1.709043857187
   405 -1.709043857187
   406 -1.709043857187
   407 -1.709043857187
   408 -1.709043857187
   409 -1.709043857187
   410 -1.709043857187
   411 -1.709043857187
   412 -1.709043857187
   413 -1.709043857187
   414 -1.709043857187
   415 -1.709043857187
   416 -1.709043857187
   417 -1.709043857187
   418 -1.709043857187
   419 -1.709043857187
   420 -1.709043857187
   421 -1.709043857187
   422 -1.709043857187
   423 -1.709043857187
   424 -1.709043857187
   425 -1.709043857187
   426 -1.709043857187
   427 -1.709043857187
   428 -1.709043857187
   429 -1.709043857187
   430 -1.709043857187
   431 -1.709043857187
   432 -1.709043857187
   433 -1.709043857187
   434 -1.709043857187
   435 -1.709043857187
   436 -1.709043857187
   437 -1.709043857187
   438 -1.709043857187
   439 -1.709043857187
   440 -1.709043857187
   441 -1.709043857187
   442 -1.709043857187
   443 -1.709043857187
   444 -1.709043857187
   445 -1.709043857187
   446 -1.709043857187
   447 -1.709043857187
   448 -1.709043857187
   449 -1.709043857187
   450 -1.709043857187
   451 -1.709043857187
   452 -1.709043857187
   453 -1.709043857187
   454 -1.709043857187
   455 -1.709043857187
   456 -1.709043857187
   457 -1.709043857187
   458 -1.709043857187
   459 -1.709043857187
   460 -1.709043857187
   461 -1.709043857187
   462 -1.709043857187
   463 -1.709043857187
   464 -1.709043857187
   465 -1.709043857187
   466 -1.709043857187
   467 -1.709043857187
   468 -1.709043857187
   469 -1.709043857187
   470 -1.709043857187
   471 -1.709043857187
   472 -1.709043857187
   473 -1.709043857187
   474 -1.709043857187
   475 -1.709043857187
   476 -1.709043857187
   477 -1.709043857187
   478 -1.709043857187
   479 -1.709043857187
   480 -1.709043857187
   481 -1.709043857187
   482 -1.709043857187
   483 -1.709043857187
   484 -1.709043857187
   485 -1.709043857187
   486 -1.709043857187
   487 -1.709043857187
   488 -1.709043857187
   489 -1.709043857187
   490 -1.709043857187
   491 -1.709043857187
   492 -1.709043857187
   493 -1.709043857187
   494 -1.709043857187
   495 -1.709043857187
   496 -1.709043857187
   497 -1.709043857187
   498 -1.709043857187
   499 -1.709043857187
   500 -1.709043857187
   501 -1.709043857187
   502 -1.709043857187
   503 -1.709043857187
   504 -1.709043857187
   505 -1.709043857187
   506 -1.709043857187
   507 -1.709043857187
   508 -1.709043857187
   509 -1.709043857187
   510 -1.709043857187
   511 -1.709043857187
   512 -1.709043857187
   513 -1.709043857187
   514 -1.709043857187
   515 -1.709043857187
   516 -1.709043857187
   517 -1.709043857187
   518 -1.709043857187
   519 -1.709043857187
   520 -1.709043857187
   521 -1.709043857187
   522 -1.709043857187
   523 -1.709043857187
   524 -1.709043857187
   525 -1.709043857187
   526 -1.709043857187
   527 -1.709043857187
   528 -1.709043857187
   529 -1.709043857187
   530 -1.709043857187
   531 -1.709043857187
   532 -1.709043857187
   533 -1.709043857187
   534 -1.709043857187
   535 -1.709043857187
   536 -1.709043857187
   537 -1.709043857187
   538 -1.709043857187
   539 -1.709043857187
   540 -1.709043857187
   541 -1.709043857187
   542 -1.709043857187
   543 -1.709043857187
   544 -1.709043857187
   545 -1.709043857187
   546 -1.709043857187
   547 -1.709043857187
   548 -1.709043857187
   549 -1.709043857187
   550 -1.709043857187
   551 -1.709043857187
   552 -1.709043857187
   553 -1.709043857187
   554 -1.709043857187
   555 -1.709043857187
   556 -1.709043857187
   557 -1.709043857187
   558 -1.709043857187
   559 -1.709043857187
   560 -1.709043857187
   561 -1.709043857187
   562 -1.709043857187
   563 -1.709043857187
   564 -1.709043857187
   565 -1.709043857187
   566 -1.709043857187
   567 -1.709043857187
   568 -1.709043857187
   569 -1.709043857187
   570 -1.709043857187
   571 -1.709043857187
   572 -1.709043857187
   573 -1.709043857187
   574 -1.709043857187
   575 -1.709043857187
   576 -1.709043857187
   577 -1.709043857187
   578 -1.709043857187
   579 -1.709043857187
   580 -1.709043857187
   581 -1.709043857187
   582 -1.709043857187
   583 -1.709043857187
   584 -1.709043857187
   585 -1.709043857187
   586 -1.709043857187
   587 -1.709043857187
   588 -1.709043857187
   589 -1.709043857187
   590 -1.709043857187
   591 -1.709043857187
   592 -1.709043857187
   593 -1.709043857187
   594 -1.709043857187
   595 -1.709043857187
   596 -1.709043857187
   597 -1.709043857187
   598 -1.709043857187
   599 -1.709043857187
   600 -1.709043857187
   601 -1.709043857187
   602 -1.709043857187
   603 -1.709043857187
   604 -1.709043857187
   605 -1.709043857187
   606 -1.709043857187
   607 -1.709043857187
   608 -1.709043857187
   609 -1.709043857187
   610 -1.709043857187
   611 -1.709043857187
   612 -1.709043857187
   613 -1.709043857187
   614 -1.709043857187
   615 -1.709043857187
   616 -1.709043857187
   617 -1.709043857187
   618 -1.709043857187
   619 -1.709043857187
   620 -1.709043857187
   621 -1.709043857187
   622 -1.709043857187
   623 -1.709043857187
   624 -1.709043857187
   625 -1.709043857187
   626 -1.709043857187
   627 -1.709043857187
   628 -1.709043857187
   629 -1.709043857187
   630 -1.709043857187
   631 -1.709043857187
   632 -1.709043857187
   633 -1.709043857187
   634 -1.709043857187
   635 -1.709043857187
   636 -1.709043857187
   637 -1.709043857187
   638 -1.709043857187
   639 -1.709043857187
   640 -1.709043857187
   641 -1.709043857187
   642 -1.709043857187
   643 -1.709043857187
   644 -1.709043857187
   645 -1.709043857187
   646 -1.709043857187
   647 -1.709043857187
   648 -1.709043857187
   649 -1.709043857187
   650 -1.709043857187
   651 -1.709043857187
   652 -1.709043857187
   653 -1.709043857187
   654 -1.709043857187
   655 -1.709043857187
   656 -1.709043857187
   657 -1.709043857187
   658 -1.709043857187
   659 -1.709043857187
   660 -1.709043857187
   661 -1.709043857187
   662 -1.709043857187
   663 -1.709043857187
   664 -1.709043857187
   665 -1.709043857187
   666 -1.709043857187
   667 -1.709043857187
   668 -1.709043857187
   669 -1.709043857187
   670 -1.709043857187
   671 -1.709043857187
   672 -1.709043857187
   673 -1.709043857187
   674 -1.709043857187
   675 -1.709043857187
   676 -1.709043857187
   677 -1.709043857187
   678 -1.709043857187
   679 -1.709043857187
   680 -1.709043857187
   681 -1.709043857187
   682 -1.709043857187
   683 -1.709043857187
   684 -1.709043857187
   685 -1.709043857187
   686 -1.709043857187
   687 -1.709043857187
   688 -1.709043857187
   689 -1.709043857187
   690 -1.709043857187
   691 -1.709043857187
   692 -1.709043857187
   693 -1.709043857187
   694 -1.709043857187
   695 -1.709043857187
   696 -1.709043857187
   697 -1.709043857187
   698 -1.709043857187
   699 -1.709043857187
   700 -1.709043857187
   701 -1.709043857187
   702 -1.709043857187
   703 -1.709043857187
   704 -1.709043857187
   705 -1.709043857187
   706 -1.709043857187
   707 -1.709043857187
   708 -1.709043857187
   709 -1.709043857187
   710 -1.709043857187
   711 -1.709043857187
   712 -1.709043857187
   713 -1.709043857187
   714 -1.709043857187
   715 -1.709043857187
   716 -1.709043857187
   717 -1.709043857187
   718 -1.709043857187
   719 -1.709043857187
   720 -1.709043857187
   721 -1.709043857187
   722 -1.709043857187
   723 -1.709043857187
   724 -1.709043857187
   725 -1.709043857187
   726 -1.709043857187
   727 -1.709043857187
   728 -1.709043857187
   729 -1.709043857187
   730 -1.709043857187
   731 -1.709043857187
   732 -1.709043857187
   733 -1.709043857187
   734 -1.709043857187
   735 -1.709043857187
   736 -1.709043857187
   737 -1.709043857187
   738 -1.709043857187
   739 -1.709043857187
   740 -1.709043857187
   741 -1.709043857187
   742 -1.709043857187
   743 -1.709043857187
   744 -1.709043857187
   745 -1.709043857187
   746 -1.709043857187
   747 -1.709043857187
   748 -1.709043857187
   749 -1.709043857187
   750 -1.709043857187
   751 -1.709043857187
   752 -1.709043857187
   753 -1.709043857187
   754 -1.709043857187
   755 -1.709043857187
   756 -1.709043857187
   757 -1.709043857187
   758 -1.709043857187
   759 -1.709043857187
   760 -1.709043857187
   761 -1.709043857187
   762 -1.709043857187
   763 -1.709043857187
   764 -1.709043857187
   765 -1.709043857187
   766 -1.709043857187
   767 -1.709043857187
   768 -1.709043857187
   769 -1.709043857187
   770 -1.709043857187
   771 -1.709043857187
   772 -1.709043857187
   773 -1.709043857187
   774 -1.709043857187
   775 -1.709043857187
   776 -1.709043857187
   777 -1.709043857187
   778 -1.709043857187
   779 -1.709043857187
   780 -1.709043857187
   781 -1.709043857187
   782 -1.709043857187
   783 -1.709043857187
   784 -1.709043857187
   785 -1.709043857187
   786 -1.709043857187
   787 -1.709043857187
   788 -1.709043857187
   789 -1.709043857187
   790 -1.709043857187
   791 -1.709043857187
   792 -1.709043857187
   793 -1.709043857187
   794 -1.709043857187
   795 -1.709043857187
   796 -1.709043857187
   797 -1.709043857187
   798 -1.709043857187
   799 -1.709043857187
   800 -1.709043857187
   801 -1.709043857187
   802 -1.709043857187
   803 -1.709043857187
   804 -1.709043857187
   805 -1.709043857187
   806 -1.709043857187
   807 -1.709043857187
   808 -1.709043857187
   809 -1.709043857187
   810 -1.709043857187
   811 -1.709043857187
   812 -1.709043857187
   813 -1.709043857187
   814 -1.709043857187
   815 -1.709043857187
   816 -1.709043857187
   817 -1.709043857187
   818 -1.709043857187
   819 -1.709043857187
   820 -1.709043857187
   821 -1.709043857187
   822 -1.709043857187
   823 -1.709043857187
   824 -1.709043857187
   825 -1.709043857187
   826 -1.709043857187
   827 -1.709043857187
   828 -1.709043857187
   829 -1.709043857187
   830 -1.709043857187
   831 -1.709043857187
   832 -1.709043857187
   833 -1.709043857187
   834 -1.709043857187
   835 -1.709043857187
   836 -1.709043857187
   837 -1.709043857187
   838 -1.709043857187
   839 -1.709043857187
   840 -1.709043857187
   841 -1.709043857187
   842 -1.709043857187
   843 -1.709043857187
   844 -1.709043857187
   845 -1.709043857187
   846 -1.709043857187
   847 -1.709043857187
   848 -1.709043857187
   849 -1.709043857187
   850 -1.709043857187
   851 -1.709043857187
   852 -1.709043857187
   853 -1.709043857187
   854 -1.709043857187
   855 -1.709043857187
   856 -1.709043857187
   857 -1.709043857187
   858 -1.709043857187
   859 -1.709043857187
   860 -1.709043857187
   861 -1.709043857187
   862 -1.709043857187
   863 -1.709043857187
   864 -1.709043857187
   865 -1.709043857187
   866 -1.709043857187
   867 -1.709043857187
   868 -1.709043857187
   869 -1.709043857187
   870 -1.709043857187
   871 -1.709043857187
   872 -1.709043857187
   873 -1.709043857187
   874 -1.709043857187
   875 -1.709043857187
   876 -1.709043857187
   877 -1.709043857187
   878 -1.709043857187
   879 -1.709043857187
   880 -1.709043857187
   881 -1.709043857187
   882 -1.709043857187
   883 -1.709043857187
   884 -1.709043857187
   885 -1.709043857187
   886 -1.709043857187
   887 -1.709043857187
   888 -1.709043857187
   889 -1.709043857187
   890 -1.709043857187
   891 -1.709043857187
   892 -1.709043857187
   893 -1.709043857187
   894 -1.709043857187
   895 -1.709043857187
   896 -1.709043857187
   897 -1.709043857187
   898 -1.709043857187
   899 -1.709043857187
   900 -1.709043857187
   901 -1.709043857187
   902 -1.709043857187
   903 -1.709043857187
   904 -1.709043857187
   905 -1.709043857187
   906 -1.709043857187
   907 -1.709043857187
   908 -1.709043857187
   909 -1.709043857187
   910 -1.709043857187
   911 -1.709043857187
   912 -1.709043857187
   913 -1.709043857187
   914 -1.709043857187
   915 -1.709043857187
   916 -1.709043857187
   917 -1.709043857187
   918 -1.709043857187
   919 -1.709043857187
   920 -1.709043857187
   921 -1.709043857187
   922 -1.709043857187
   923 -1.709043857187
   924 -1.709043857187
   925 -1.709043857187
   926 -1.709043857187
   927 -1.709043857187
   928 -1.709043857187
   929 -1.709043857187
   930 -1.709043857187
   931 -1.709043857187
   932 -1.709043857187
   933 -1.709043857187
   934 -1.709043857187
   935 -1.709043857187
   936 -1.709043857187
   937 -1.709043857187
   938 -1.709043857187
   939 -1.709043857187
   940 -1.709043857187
   941 -1.709043857187
   942 -1.709043857187
   943 -1.709043857187
   944 -1.709043857187
   945 -1.709043857187
   946 -1.709043857187
   947 -1.709043857187
   948 -1.709043857187
   949 -1.709043857187
   950 -1.709043857187
   951 -1.709043857187
   952 -1.709043857187
   953 -1.709043857187
   954 -1.709043857187
   955 -1.709043857187
   956 -1.709043857187
   957 -1.709043857187
   958 -1.709043857187
   959 -1.709043857187
   960 -1.709043857187
   961 -1.709043857187
   962 -1.709043857187
   963 -1.709043857187
   964 -1.709043857187
   965 -1.709043857187
   966 -1.709043857187
   967 -1.709043857187
   968 -1.709043857187
   969 -1.709043857187
   970 -1.709043857187
   971 -1.709043857187
   972 -1.709043857187
   973 -1.709043857187
   974 -1.709043857187
   975 -1.709043857187
   976 -1.709043857187
   977 -1.709043857187
   978 -1.709043857187
   979 -1.709043857187
   980 -1.709043857187
   981 -1.709043857187
   982 -1.709043857187
   983 -1.709043857187
   984 -1.709043857187
   985 -1.709043857187
   986 -1.709043857187
   987 -1.709043857187
   988 -1.709043857187
   989 -1.709043857187
   990 -1.709043857187
   991 -1.709043857187
   992 -1.709043857187
   993 -1.709043857187
   994 -1.709043857187
   995 -1.709043857187
   996 -1.709043857187
   997 -1.709043857187
   998 -1.709043857187
   999 -1.709043857187
  1000 -1.709043857187
